0482_HM_ZrSiPt5
Wavelength = 1.54059Ĺ, !20.075°/119.64°/0.1504°/1(s), I(p)=7968.0/474.0, Cu(45kV,40mA), Monday, December 08, 2025, 12:07 PM
Angle	I(o)	I(c)	I(d)	I(b)
20.0752	589.0	609.5	-20.5	596.5
20.2256	603.0	607.2	-4.2	593.7
20.376	609.0	605.0	4.0	590.9
20.5264	582.0	602.9	-20.9	588.1
20.6768	643.0	601.0	42.0	585.3
20.8272	633.0	599.4	33.6	582.5
20.9776	592.0	598.1	-6.1	579.7
21.128	596.0	597.4	-1.4	576.9
21.2784	554.0	597.5	-43.5	574.2
21.4288	587.0	598.9	-11.9	571.4
21.5792	522.0	602.5	-80.5	568.7
21.7296	558.0	610.1	-52.1	566.0
21.88	624.0	625.7	-1.7	563.3
22.0304	614.0	659.2	-45.2	560.6
22.1808	599.0	734.8	-135.8	558.0
22.3312	626.0	873.4	-247.4	555.4
22.4816	646.0	915.7	-269.7	552.8
22.632	622.0	859.1	-237.1	550.3
22.7824	517.0	783.9	-266.9	547.8
22.9328	564.0	720.7	-156.7	545.3
23.0832	599.0	675.0	-76.0	542.9
23.2336	594.0	643.2	-49.2	540.5
23.384	570.0	620.8	-50.8	538.2
23.5344	550.0	605.9	-55.9	535.9
23.6848	615.0	594.9	20.1	533.6
23.8352	542.0	586.4	-44.4	531.4
23.9856	512.0	580.0	-68.0	529.2
24.136	539.0	575.6	-36.6	527.1
24.2864	538.0	573.9	-35.9	525.1
24.4368	506.0	572.9	-66.9	523.1
24.5872	553.0	573.9	-20.9	521.2
24.7376	547.0	577.4	-30.4	519.3
24.888	517.0	584.6	-67.6	517.5
25.0384	495.0	597.6	-102.6	515.8
25.1888	553.0	620.9	-67.9	514.1
25.3392	547.0	664.2	-117.2	512.5
25.4896	554.0	751.2	-197.2	511.0
25.64	619.0	941.1	-322.1	509.5
25.7904	639.0	1312.9	-673.9	508.2
25.9408	804.0	1513.3	-709.3	506.9
26.0912	668.0	1366.4	-698.4	505.7
26.2416	620.0	1146.6	-526.6	504.6
26.392	600.0	963.4	-363.4	503.6
26.5424	665.0	835.8	-170.8	502.7
26.6928	654.0	750.6	-96.6	501.9
26.8432	577.0	693.0	-116.0	501.2
26.9936	535.0	653.1	-118.1	500.7
27.144	543.0	624.7	-81.7	500.2
27.2944	529.0	603.9	-74.9	499.9
27.4448	544.0	588.5	-44.5	499.7
27.5952	497.0	576.7	-79.7	499.6
27.7456	500.0	567.7	-67.7	499.7
27.896	474.0	560.7	-86.7	499.9
28.0464	519.0	555.4	-36.4	500.2
28.1968	525.0	551.3	-26.3	500.7
28.3472	475.0	548.2	-73.2	501.3
28.4976	491.0	547.3	-56.3	502.1
28.648	522.0	546.0	-24.0	503.0
28.7984	485.0	545.3	-60.3	504.1
28.9488	518.0	545.2	-27.2	505.3
29.0992	603.0	545.1	57.9	506.7
29.2496	525.0	545.1	-20.1	508.3
29.4	490.0	546.9	-56.8	510.1
29.5504	564.0	549.2	14.8	512.0
29.7008	609.0	552.2	56.8	514.1
29.8512	624.0	555.9	68.1	516.3
30.0016	571.0	560.6	10.4	518.7
30.152	550.0	566.1	-16.1	521.1
30.3024	550.0	574.0	-24.0	523.7
30.4528	585.0	582.4	2.6	526.3
30.6032	559.0	592.0	-33.0	528.9
30.7536	576.0	606.4	-30.4	531.6
30.904	524.0	626.6	-102.6	534.3
31.0544	525.0	656.6	-131.6	537.0
31.2048	535.0	705.2	-170.2	539.7
31.3552	620.0	791.7	-171.7	542.3
31.5056	605.0	967.2	-362.2	544.9
31.656	845.0	1339.4	-494.4	547.3
31.8064	1366.0	1871.3	-505.3	549.7
31.9568	1745.0	1882.6	-137.6	552.0
32.1072	1150.0	1573.9	-423.9	554.1
32.2576	828.0	1268.5	-440.5	556.1
32.408	726.0	1057.5	-331.5	557.9
32.5584	673.0	925.8	-252.8	559.6
32.7088	615.0	844.4	-229.4	561.0
32.8592	602.0	792.1	-190.1	562.2
33.0096	552.0	759.4	-207.4	563.1
33.16	565.0	740.4	-175.4	563.8
33.3104	545.0	732.2	-187.2	564.2
33.4608	563.0	734.5	-171.5	564.3
33.6112	585.0	749.6	-164.6	564.1
33.7616	536.0	784.1	-248.1	563.5
33.912	586.0	854.4	-268.4	562.6
34.0624	692.0	1001.5	-309.5	561.5
34.2128	981.0	1326.8	-345.8	560.1
34.3632	1654.0	1936.3	-282.3	558.6
34.5136	2375.0	2208.7	166.3	557.0
34.664	1931.0	1892.2	38.8	555.5
34.8144	1033.0	1486.7	-453.7	554.1
34.9648	799.0	1191.2	-392.2	552.9
35.1152	699.0	1003.5	-304.5	551.9
35.2656	632.0	885.6	-253.6	551.3
35.416	601.0	809.3	-208.3	551.1
35.5664	616.0	758.3	-142.3	551.3
35.7168	599.0	723.4	-124.4	552.2
35.8672	564.0	699.0	-135.0	553.6
36.0176	547.0	682.2	-135.2	555.8
36.168	584.0	670.9	-86.9	558.8
36.3184	589.0	663.8	-74.8	562.7
36.4688	616.0	660.1	-44.1	567.4
36.6192	763.0	659.2	103.8	572.9
36.7696	941.0	660.6	280.4	579.0
36.92	947.0	663.8	283.2	585.8
37.0704	834.0	668.7	165.3	593.2
37.2208	773.0	675.7	97.3	600.9
37.3712	830.0	683.5	146.5	609.0
37.5216	941.0	692.6	248.4	617.4
37.672	1125.0	703.0	422.0	626.0
37.8224	1528.0	715.0	813.0	634.7
37.9728	2089.0	727.8	1361.2	643.5
38.1232	2531.0	744.3	1786.7	652.1
38.2736	2043.0	764.7	1278.3	660.7
38.424	1559.0	791.4	767.6	669.0
38.5744	1368.0	829.9	538.1	677.0
38.7248	1496.0	892.3	603.7	684.6
38.8752	1983.0	1010.4	972.6	691.8
39.0256	2967.0	1249.8	1717.2	698.4
39.176	3008.0	1544.6	1463.4	704.3
39.3264	1848.0	1525.4	322.6	709.7
39.4768	1299.0	1330.4	-31.4	714.4
39.6272	1164.0	1166.7	-2.7	718.5
39.7776	1100.0	1072.4	27.6	722.1
39.928	1140.0	1027.9	112.1	725.1
40.0784	1196.0	1016.2	179.8	727.6
40.2288	1192.0	1029.8	162.2	729.6
40.3792	1349.0	1068.9	280.1	731.1
40.5296	1423.0	1141.2	281.8	732.1
40.68	1307.0	1266.5	40.5	732.7
40.8304	1480.0	1489.6	-9.6	732.9
40.9808	2049.0	1917.5	131.5	732.7
41.1312	2843.0	2818.4	24.6	732.2
41.2816	4712.0	4686.4	25.6	731.3
41.432	7833.0	6471.7	1361.3	730.0
41.5824	7968.0	5831.5	2136.5	728.5
41.7328	6279.0	4214.9	2064.1	726.7
41.8832	5733.0	2971.8	2761.2	724.6
42.0336	3452.0	2216.6	1235.4	722.3
42.184	2084.0	1766.2	317.8	719.8
42.3344	1571.0	1486.4	84.6	717.0
42.4848	1427.0	1303.6	123.4	714.0
42.6352	1376.0	1177.9	198.1	710.9
42.7856	1127.0	1088.8	38.2	707.5
42.936	1036.0	1023.3	12.7	704.0
43.0864	886.0	973.7	-87.7	700.2
43.2368	862.0	935.5	-73.5	696.4
43.3872	821.0	905.5	-84.5	692.3
43.5376	776.0	882.0	-106.0	688.1
43.688	783.0	863.7	-80.7	683.8
43.8384	762.0	849.6	-87.6	679.4
43.9888	704.0	840.1	-136.1	674.9
44.1392	692.0	835.1	-143.1	670.2
44.2896	729.0	836.6	-107.6	665.4
44.44	795.0	844.1	-49.1	660.6
44.5904	902.0	860.4	41.6	655.7
44.7408	1125.0	895.4	229.6	650.7
44.8912	1268.0	958.1	309.9	645.6
45.0416	1235.0	1076.7	158.3	640.5
45.192	1612.0	1316.7	295.3	635.4
45.3424	2660.0	1838.2	821.8	630.2
45.4928	3895.0	2816.5	1078.5	625.0
45.6432	3972.0	3322.0	650.0	619.8
45.7936	2803.0	2750.8	52.2	614.6
45.944	1582.0	1992.4	-410.4	609.4
46.0944	1139.0	1487.4	-348.4	604.2
46.2448	988.0	1193.6	-205.6	599.1
46.3952	965.0	1018.5	-53.5	593.9
46.5456	955.0	907.7	47.3	588.8
46.696	931.0	833.2	97.8	583.8
46.8464	959.0	779.8	179.2	578.8
46.9968	1014.0	741.7	272.3	573.9
47.1472	1160.0	711.3	448.7	569.1
47.2976	1451.0	689.8	761.2	564.4
47.448	1557.0	672.8	884.2	559.8
47.5984	1331.0	658.7	672.3	555.2
47.7488	968.0	642.7	325.3	550.9
47.8992	735.0	628.0	107.0	546.6
48.0496	688.0	615.3	72.7	542.4
48.2	661.0	604.7	56.3	538.5
48.3504	601.0	594.1	6.9	534.6
48.5008	548.0	586.4	-38.4	531.0
48.6512	559.0	580.5	-21.5	527.5
48.8016	558.0	574.3	-16.3	524.2
48.952	546.0	570.0	-24.0	521.1
49.1024	590.0	565.0	25.0	518.2
49.2528	543.0	560.6	-17.6	515.5
49.4032	528.0	556.5	-28.5	513.0
49.5536	534.0	555.5	-21.5	510.7
49.704	498.0	553.2	-55.2	508.7
49.8544	518.0	551.7	-33.7	507.0
50.0048	518.0	551.0	-33.0	505.5
50.1552	516.0	552.5	-36.5	504.2
50.3056	554.0	556.0	-2.0	503.1
50.456	539.0	560.7	-21.7	502.3
50.6064	554.0	569.4	-15.4	501.7
50.7568	625.0	585.6	39.4	501.3
50.9072	666.0	617.8	48.2	501.0
51.0576	729.0	686.0	43.0	501.0
51.208	787.0	808.3	-21.3	501.1
51.3584	884.0	866.3	17.7	501.4
51.5088	772.0	795.5	-23.5	501.9
51.6592	656.0	705.3	-49.3	502.5
51.8096	639.0	652.0	-13.0	503.3
51.96	605.0	630.3	-25.3	504.2
52.1104	581.0	625.5	-44.5	505.3
52.2608	582.0	635.3	-53.3	506.5
52.4112	670.0	664.2	5.8	507.7
52.5616	728.0	720.2	7.8	509.1
52.712	864.0	835.1	28.9	510.6
52.8624	1038.0	1081.9	-43.9	512.2
53.0128	1228.0	1511.4	-283.4	513.9
53.1632	1258.0	1684.6	-426.6	515.6
53.3136	971.0	1409.0	-438.0	517.4
53.464	785.0	1071.5	-286.5	519.3
53.6144	669.0	863.7	-194.7	521.2
53.7648	669.0	750.1	-81.1	523.2
53.9152	613.0	686.0	-73.0	525.2
54.0656	591.0	648.5	-57.5	527.2
54.216	586.0	625.0	-39.0	529.3
54.3664	648.0	607.9	40.1	531.4
54.5168	655.0	597.9	57.1	533.4
54.6672	797.0	588.2	208.8	535.5
54.8176	733.0	582.6	150.4	537.6
54.968	602.0	579.8	22.2	539.6
55.1184	565.0	577.9	-12.9	541.6
55.2688	512.0	576.7	-64.7	543.6
55.4192	551.0	576.1	-25.1	545.5
55.5696	556.0	575.9	-19.9	547.4
55.72	555.0	576.0	-21.0	549.4
55.8704	593.0	576.5	16.5	551.3
56.0208	674.0	578.4	95.6	553.4
56.1712	786.0	579.4	206.6	555.4
56.3216	843.0	580.7	262.3	557.7
56.472	708.0	582.3	125.7	560.0
56.6224	626.0	585.1	40.9	562.5
56.7728	617.0	589.9	27.1	565.2
56.9232	681.0	593.1	87.9	568.0
57.0736	635.0	595.9	39.1	571.1
57.224	585.0	601.6	-16.6	574.5
57.3744	632.0	610.3	21.7	578.1
57.5248	589.0	619.4	-30.4	582.1
57.6752	700.0	632.0	68.0	586.4
57.8256	610.0	654.4	-44.4	591.0
57.976	651.0	693.5	-42.5	596.0
58.1264	695.0	768.5	-73.5	601.4
58.2768	762.0	849.1	-87.1	607.3
58.4272	768.0	837.2	-69.2	613.5
58.5776	672.0	772.8	-100.8	620.3
58.728	727.0	724.6	2.4	627.6
58.8784	640.0	702.9	-62.9	635.4
59.0288	682.0	696.0	-14.0	643.8
59.1792	669.0	696.6	-27.6	652.7
59.3296	760.0	701.6	58.4	662.2
59.48	718.0	709.5	8.5	672.4
59.6304	786.0	719.6	66.4	683.2
59.7808	738.0	729.6	8.4	694.7
59.9312	679.0	742.6	-63.6	706.9
60.0816	740.0	757.5	-17.5	719.8
60.232	814.0	772.9	41.1	733.3
60.3824	794.0	794.1	-0.1	747.4
60.5328	815.0	818.8	-3.8	761.9
60.6832	873.0	848.9	24.1	776.7
60.8336	932.0	888.0	44.0	791.8
60.984	1050.0	944.6	105.4	807.0
61.1344	1238.0	1035.8	202.2	822.3
61.2848	1448.0	1207.5	240.5	837.5
61.4352	1932.0	1533.5	398.5	852.6
61.5856	2386.0	1840.7	545.3	867.4
61.736	2165.0	1744.0	421.0	881.9
61.8864	1641.0	1445.6	195.4	896.0
62.0368	1241.0	1231.1	9.9	909.6
62.1872	1138.0	1125.7	12.3	922.7
62.3376	1086.0	1076.8	9.2	935.4
62.488	1054.0	1056.3	-2.2	947.6
62.6384	1082.0	1052.0	30.0	959.4
62.7888	1173.0	1060.7	112.3	970.8
62.9392	1115.0	1086.2	28.8	981.7
63.0896	1277.0	1131.0	146.0	992.2
63.24	1148.0	1150.7	-2.7	1002.3
63.3904	1091.0	1130.1	-39.1	1012.1
63.5408	1042.0	1102.7	-60.7	1021.4
63.6912	1079.0	1089.6	-10.6	1030.3
63.8416	1036.0	1086.8	-50.8	1038.9
63.992	1080.0	1089.0	-9.0	1047.2
64.1424	1116.0	1093.5	22.5	1055.1
64.2928	1152.0	1099.5	52.5	1062.6
64.4432	1183.0	1106.7	76.3	1069.9
64.5936	1147.0	1114.3	32.7	1076.8
64.744	1094.0	1122.8	-28.8	1083.4
64.8944	1196.0	1131.1	64.9	1089.7
65.0448	1188.0	1142.0	46.0	1095.7
65.1952	1173.0	1154.8	18.2	1101.5
65.3456	1258.0	1169.7	88.3	1106.9
65.496	1417.0	1193.9	223.1	1112.1
65.6464	1517.0	1226.0	291.0	1117.1
65.7968	1658.0	1277.5	380.5	1121.8
65.9472	2054.0	1373.0	681.0	1126.3
66.0976	2451.0	1560.1	890.9	1130.6
66.248	2885.0	1911.1	973.9	1134.6
66.3984	3189.0	2149.4	1039.6	1138.4
66.5488	2931.0	1977.7	953.3	1142.1
66.6992	2195.0	1657.6	537.4	1145.6
66.8496	1668.0	1441.0	227.0	1148.8
67.0	1444.0	1336.6	107.4	1152.0
67.1504	1391.0	1285.0	106.0	1154.9
67.3008	1340.0	1258.4	81.6	1157.7
67.4512	1306.0	1248.8	57.2	1160.4
67.6016	1266.0	1257.2	8.8	1163.0
67.752	1292.0	1282.4	9.6	1165.4
67.9024	1274.0	1294.1	-20.1	1167.7
68.0528	1243.0	1272.8	-29.8	1169.9
68.2032	1182.0	1242.6	-60.6	1172.1
68.3536	1194.0	1223.7	-29.7	1174.1
68.504	1252.0	1214.6	37.4	1176.1
68.6544	1195.0	1210.3	-15.3	1178.1
68.8048	1266.0	1209.6	56.4	1180.0
68.9552	1305.0	1209.0	96.0	1182.0
69.1056	1241.0	1209.2	31.8	1183.9
69.256	1251.0	1210.1	40.9	1185.9
69.4064	1193.0	1212.5	-19.5	1187.9
69.5568	1216.0	1214.3	1.7	1190.0
69.7072	1383.0	1217.1	165.9	1192.2
69.8576	1235.0	1219.8	15.2	1194.5
70.008	1288.0	1223.1	64.9	1196.9
70.1584	1337.0	1226.9	110.1	1199.4
70.3088	1391.0	1232.1	158.9	1202.1
70.4592	1427.0	1239.3	187.7	1205.0
70.6096	1332.0	1247.4	84.6	1208.0
70.76	1392.0	1259.8	132.2	1211.3
70.9104	1402.0	1276.0	126.0	1214.7
71.0608	1437.0	1287.3	149.7	1218.4
71.2112	1518.0	1293.5	224.5	1222.4
71.3616	1562.0	1302.4	259.6	1226.6
71.512	1724.0	1321.1	402.9	1231.2
71.6624	1811.0	1352.7	458.3	1236.0
71.8128	1922.0	1403.3	518.7	1241.2
71.9632	2188.0	1494.2	693.8	1246.7
72.1136	2525.0	1670.2	854.8	1252.5
72.264	3086.0	2013.6	1072.4	1258.8
72.4144	3586.0	2392.9	1193.1	1265.5
72.5648	3505.0	2303.0	1202.0	1272.8
72.7152	2846.0	1982.9	863.1	1280.9
72.8656	2199.0	1677.4	521.6	1289.9
73.016	1878.0	1526.3	351.7	1299.9
73.1664	1679.0	1460.8	218.2	1311.1
73.3168	1575.0	1429.1	145.9	1323.7
73.4672	1449.0	1420.2	28.8	1337.7
73.6176	1572.0	1421.9	150.1	1353.4
73.768	1517.0	1430.7	86.3	1370.9
73.9184	1437.0	1444.8	-7.8	1390.4
74.0688	1445.0	1463.6	-18.6	1411.9
74.2192	1464.0	1486.8	-22.8	1435.7
74.3696	1513.0	1516.8	-3.8	1461.8
74.52	1451.0	1549.2	-98.2	1490.5
74.6704	1520.0	1588.6	-68.6	1521.8
74.8208	1548.0	1635.3	-87.3	1555.1
74.9712	1525.0	1696.7	-171.7	1590.0
75.1216	1689.0	1784.4	-95.4	1625.7
75.272	1679.0	1926.0	-247.0	1661.8
75.4224	1775.0	2067.0	-292.0	1697.5
75.5728	2034.0	2074.5	-40.5	1732.4
75.7232	1834.0	2034.8	-200.8	1765.8
75.8736	1777.0	1996.4	-219.4	1797.1
76.024	1822.0	2009.5	-187.5	1825.8
76.1744	1927.0	2063.2	-136.2	1851.1
76.3248	2080.0	2155.5	-75.5	1872.8
76.4752	2342.0	2327.2	14.8	1890.9
76.6256	2612.0	2662.3	-50.3	1905.9
76.776	3075.0	3173.8	-98.8	1917.9
76.9264	3286.0	3290.4	-4.4	1927.4
77.0768	2881.0	2970.4	-89.4	1934.7
77.2272	2433.0	2562.8	-129.8	1940.1
77.3776	2099.0	2290.6	-191.6	1944.0
77.528	1989.0	2161.8	-172.8	1946.6
77.6784	1881.0	2099.3	-218.3	1948.4
77.8288	1925.0	2065.5	-140.5	1949.6
77.9792	1929.0	2040.9	-111.9	1950.5
78.1296	1969.0	2030.2	-61.2	1951.6
78.28	2023.0	2025.7	-2.7	1953.0
78.4304	1972.0	2025.2	-53.2	1954.7
78.5808	2072.0	2026.8	45.2	1956.7
78.7312	2417.0	2033.0	384.0	1959.0
78.8816	2773.0	2041.5	731.5	1961.4
79.032	2938.0	2057.9	880.1	1964.1
79.1824	2969.0	2082.4	886.6	1966.9
79.3328	3393.0	2130.0	1263.0	1969.7
79.4832	4193.0	2222.8	1970.2	1972.6
79.6336	4265.0	2394.2	1870.8	1975.5
79.784	4044.0	2559.1	1484.9	1978.4
79.9344	3421.0	2494.3	926.7	1981.2
80.0848	2945.0	2378.5	566.5	1983.8
80.2352	2570.0	2265.2	304.8	1986.3
80.3856	2524.0	2232.7	291.3	1988.6
80.536	2603.0	2261.9	341.1	1990.6
80.6864	2936.0	2353.2	582.8	1992.4
80.8368	3316.0	2555.9	760.1	1993.8
80.9872	3690.0	2991.8	698.2	1994.8
81.1376	4511.0	3731.8	779.2	1995.5
81.288	4814.0	4087.3	726.7	1995.6
81.4384	4689.0	3604.0	1085.0	1995.3
81.5888	3921.0	3015.0	906.0	1994.4
81.7392	3058.0	2515.0	543.0	1993.0
81.8896	2524.0	2280.6	243.4	1990.9
82.04	2338.0	2171.9	166.1	1988.1
82.1904	2125.0	2114.1	10.9	1984.7
82.3408	2201.0	2077.6	123.4	1980.5
82.4912	2046.0	2051.9	-5.9	1975.5
82.6416	1910.0	2030.8	-120.7	1969.7
82.792	2009.0	2015.3	-6.3	1963.0
82.9424	2050.0	2000.7	49.3	1955.5
83.0928	2000.0	1987.1	12.9	1947.4
83.2432	2130.0	1974.1	155.9	1938.5
83.3936	2049.0	1961.4	87.6	1929.1
83.544	2100.0	1949.8	150.2	1919.2
83.6944	2064.0	1940.1	123.9	1908.9
83.8448	2109.0	1932.0	177.0	1898.3
83.9952	1997.0	1925.5	71.5	1887.4
84.1456	1926.0	1916.9	9.1	1876.3
84.296	2022.0	1902.9	119.1	1865.1
84.4464	1970.0	1889.2	80.8	1853.8
84.5968	2189.0	1877.0	312.0	1842.6
84.7472	2143.0	1868.2	274.8	1831.6
84.8976	2095.0	1865.0	230.0	1820.7
85.048	2029.0	1873.0	156.0	1810.1
85.1984	2148.0	1900.9	247.1	1799.9
85.3488	2217.0	1964.7	252.3	1790.0
85.4992	2109.0	2020.1	88.9	1780.7
85.6496	2022.0	1967.7	54.3	1772.0
85.8	1906.0	1904.7	1.3	1763.9
85.9504	1889.0	1834.7	54.3	1756.6
86.1008	1821.0	1794.8	26.2	1750.0
86.2512	1818.0	1773.2	44.8	1744.4
86.4016	1754.0	1762.4	-8.4	1739.7
86.552	1747.0	1755.5	-8.5	1736.1
86.7024	1695.0	1751.0	-56.0	1733.5
86.8528	1803.0	1750.5	52.5	1732.2
87.0032	1712.0	1751.3	-39.3	1731.9
87.1536	1836.0	1752.5	83.5	1732.8
87.304	1902.0	1757.4	144.6	1734.6
87.4544	1813.0	1761.6	51.4	1737.4
87.6048	1846.0	1771.3	74.7	1741.1
87.7552	1873.0	1782.2	90.8	1745.6
87.9056	2013.0	1804.6	208.4	1750.8
88.056	1944.0	1843.1	100.9	1756.8
88.2064	1988.0	1909.2	78.8	1763.3
88.3568	2070.0	1978.1	91.9	1770.5
88.5072	2096.0	1966.4	129.6	1778.2
88.6576	2080.0	1932.9	147.1	1786.3
88.808	2047.0	1897.0	150.0	1794.7
88.9584	2018.0	1881.2	136.8	1803.6
89.1088	1956.0	1896.8	59.2	1812.6
89.2592	1990.0	1932.6	57.4	1821.9
89.4096	2089.0	2015.2	73.8	1831.3
89.56	2183.0	2179.0	4.0	1840.8
89.7104	2322.0	2414.6	-92.6	1850.3
89.8608	2416.0	2481.1	-65.1	1859.7
90.0112	2401.0	2317.9	83.1	1869.0
90.1616	2318.0	2177.5	140.5	1878.2
90.312	2189.0	2032.3	156.7	1887.1
90.4624	2162.0	1968.5	193.5	1895.7
90.6128	2070.0	1949.4	120.6	1904.0
90.7632	2049.0	1946.3	102.7	1911.8
90.9136	1951.0	1948.8	2.2	1919.1
91.064	2009.0	1952.2	56.8	1925.9
91.2144	1899.0	1956.7	-57.7	1932.1
91.3648	1942.0	1961.7	-19.7	1937.7
91.5152	1958.0	1967.1	-9.1	1942.6
91.6656	1933.0	1973.3	-40.3	1946.9
91.816	1998.0	1980.7	17.3	1950.7
91.9664	1919.0	1991.3	-72.3	1954.1
92.1168	1993.0	2010.7	-17.7	1957.0
92.2672	1977.0	2050.1	-73.1	1959.6
92.4176	1973.0	2119.0	-146.0	1961.9
92.568	1974.0	2192.0	-218.0	1963.9
92.7184	1901.0	2163.8	-262.8	1965.7
92.8688	1994.0	2110.9	-116.9	1967.4
93.0192	2068.0	2058.1	9.9	1969.0
93.1696	1986.0	2017.4	-31.4	1970.5
93.32	1935.0	2002.8	-67.8	1972.0
93.4704	2051.0	2000.6	50.4	1973.5
93.6208	1921.0	2008.2	-87.2	1975.2
93.7712	2066.0	2023.8	42.2	1977.0
93.9216	2109.0	2052.3	56.7	1979.0
94.072	2081.0	2080.5	0.5	1981.3
94.2224	2137.0	2067.5	69.5	1983.9
94.3728	2121.0	2048.2	72.8	1986.9
94.5232	2111.0	2029.5	81.5	1990.2
94.6736	2124.0	2015.8	108.2	1994.1
94.824	2160.0	2012.6	147.4	1998.4
94.9744	2080.0	2013.4	66.6	2003.3
95.1248	2159.0	2017.6	141.4	2008.9
95.2752	2158.0	2023.8	134.2	2015.1
95.4256	2093.0	2030.7	62.3	2022.1
95.576	2103.0	2038.4	64.6	2029.8
95.7264	1954.0	2047.0	-93.0	2038.3
95.8768	2070.0	2057.0	13.0	2047.7
96.0272	2015.0	2067.3	-52.3	2058.0
96.1776	2123.0	2078.3	44.7	2069.0
96.328	2138.0	2090.0	48.0	2080.6
96.4784	2200.0	2102.4	97.6	2092.9
96.6288	2292.0	2115.3	176.7	2105.8
96.7792	2206.0	2128.7	77.3	2119.1
96.9296	2212.0	2142.5	69.5	2132.9
97.08	2238.0	2159.0	79.0	2147.0
97.2304	2149.0	2174.1	-25.1	2161.5
97.3808	2271.0	2189.7	81.3	2176.2
97.5312	2326.0	2206.4	119.6	2191.0
97.6816	2339.0	2224.5	114.5	2206.0
97.832	2405.0	2247.7	157.3	2221.0
97.9824	2293.0	2276.7	16.3	2236.1
98.1328	2306.0	2318.5	-12.5	2251.0
98.2832	2354.0	2368.4	-14.4	2265.8
98.4336	2356.0	2390.8	-34.8	2280.3
98.584	2385.0	2372.4	12.6	2294.6
98.7344	2334.0	2370.9	-36.9	2308.6
98.8848	2431.0	2359.3	71.7	2322.2
99.0352	2427.0	2358.8	68.2	2335.2
99.1856	2411.0	2367.9	43.1	2347.8
99.336	2520.0	2377.7	142.3	2359.8
99.4864	2377.0	2388.4	-11.4	2371.1
99.6368	2416.0	2400.4	15.6	2381.7
99.7872	2398.0	2412.0	-14.0	2391.5
99.9376	2409.0	2423.4	-14.4	2400.5
100.088	2429.0	2434.7	-5.7	2408.6
100.2384	2504.0	2447.8	56.2	2416.1
100.3888	2427.0	2461.1	-34.1	2422.8
100.5392	2430.0	2479.5	-49.5	2428.9
100.6896	2578.0	2507.1	70.9	2434.3
100.84	2677.0	2562.0	115.0	2439.3
100.9904	2817.0	2669.7	147.3	2443.7
101.1408	2745.0	2837.5	-92.5	2447.7
101.2912	2805.0	2978.7	-173.7	2451.2
101.4416	2971.0	2858.5	112.5	2454.5
101.592	2955.0	2751.6	203.4	2457.4
101.7424	2796.0	2675.9	120.1	2460.1
101.8928	2573.0	2573.2	-0.2	2462.5
102.0432	2618.0	2549.5	68.5	2464.9
102.1936	2583.0	2578.8	4.2	2467.1
102.344	2538.0	2656.2	-118.2	2469.3
102.4944	2544.0	2781.2	-237.2	2471.4
102.6448	2762.0	2890.3	-128.3	2473.7
102.7952	2859.0	2805.3	53.7	2476.0
102.9456	2697.0	2707.5	-10.5	2478.5
103.096	2613.0	2651.9	-38.9	2481.2
103.2464	2675.0	2560.7	114.3	2484.1
103.3968	2582.0	2523.5	58.5	2487.3
103.5472	2454.0	2515.5	-61.5	2490.9
103.6976	2534.0	2514.6	19.4	2494.9
103.848	2473.0	2516.2	-43.2	2499.3
103.9984	2494.0	2518.8	-24.8	2504.3
104.1488	2585.0	2522.1	62.9	2509.7
104.2992	2525.0	2526.5	-1.5	2515.6
104.4496	2537.0	2532.6	4.4	2522.0
104.6	2591.0	2540.7	50.3	2528.9
104.7504	2576.0	2549.8	26.2	2536.4
104.9008	2535.0	2560.8	-25.8	2544.3
105.0512	2622.0	2573.6	48.4	2552.6
105.2016	2590.0	2594.1	-4.1	2561.5
105.352	2587.0	2624.1	-37.1	2570.9
105.5024	2623.0	2660.6	-37.6	2580.7
105.6528	2777.0	2685.1	91.9	2591.0
105.8032	2706.0	2672.0	34.0	2601.8
105.9536	2842.0	2669.1	172.9	2613.1
106.104	2784.0	2669.8	114.2	2624.9
106.2544	2879.0	2665.0	214.0	2637.1
106.4048	2934.0	2678.1	255.9	2649.8
106.5552	3103.0	2700.1	402.9	2663.0
106.7056	3175.0	2738.0	437.0	2676.6
106.856	3022.0	2802.2	219.8	2690.7
107.0064	3178.0	2885.3	292.7	2705.3
107.1568	3066.0	2948.3	117.7	2720.4
107.3072	3190.0	2902.7	287.3	2735.9
107.4576	2970.0	2871.2	98.8	2751.8
107.608	2965.0	2867.2	97.8	2768.3
107.7584	2966.0	2832.0	134.0	2785.1
107.9088	3104.0	2826.7	277.3	2802.5
108.0592	3131.0	2839.4	291.6	2820.3
108.2096	3181.0	2856.5	324.5	2838.5
108.36	3133.0	2874.9	258.1	2857.2
108.5104	3148.0	2896.6	251.4	2876.3
108.6608	3244.0	2917.6	326.4	2895.9
108.8112	2986.0	2939.2	46.8	2915.9
108.9616	3077.0	2961.7	115.3	2936.4
109.112	3052.0	2985.1	66.9	2957.3
109.2624	3122.0	3009.7	112.3	2978.7
109.4128	2986.0	3036.4	-50.4	3000.4
109.5632	2896.0	3067.2	-171.2	3022.7
109.7136	3071.0	3108.6	-37.6	3045.3
109.864	3133.0	3160.1	-27.1	3068.4
110.0144	3155.0	3222.5	-67.5	3091.8
110.1648	3117.0	3280.5	-163.5	3115.5
110.3152	3185.0	3283.6	-98.6	3139.5
110.4656	3295.0	3290.9	4.1	3163.8
110.616	3381.0	3332.6	48.4	3188.3
110.7664	3314.0	3365.3	-51.3	3212.9
110.9168	3466.0	3440.1	25.9	3237.7
111.0672	3634.0	3603.2	30.8	3262.6
111.2176	3936.0	3914.5	21.5	3287.6
111.368	4316.0	4409.1	-93.1	3312.6
111.5184	4862.0	4986.3	-124.3	3337.6
111.6688	5450.0	5265.1	184.9	3362.5
111.8192	5491.0	4550.3	940.7	3387.4
111.9696	5257.0	4289.0	968.0	3412.1
112.12	4973.0	4183.3	789.7	3436.7
112.2704	4668.0	3751.2	916.8	3461.0
112.4208	4230.0	3586.5	643.5	3485.2
112.5712	3706.0	3568.8	137.2	3509.1
112.7216	3624.0	3578.1	45.9	3532.7
112.872	3638.0	3594.8	43.2	3555.9
113.0224	3547.0	3613.7	-66.7	3578.8
113.1728	3527.0	3633.2	-106.2	3601.2
113.3232	3622.0	3655.6	-33.6	3623.2
113.4736	3654.0	3678.7	-24.7	3644.7
113.624	3656.0	3703.7	-47.7	3665.7
113.7744	3694.0	3727.0	-33.0	3686.2
113.9248	3746.0	3754.0	-8.0	3706.1
114.0752	3671.0	3792.2	-121.2	3725.4
114.2256	3855.0	3849.5	5.5	3744.2
114.376	3757.0	3937.7	-180.7	3762.6
114.5264	3839.0	4058.6	-219.5	3780.4
114.6768	3999.0	4186.1	-187.1	3797.8
114.8272	4199.0	4241.3	-42.3	3814.6
114.9776	4108.0	4081.1	26.9	3831.1
115.128	4034.0	4061.1	-27.1	3847.1
115.2784	4001.0	4070.7	-69.7	3862.7
115.4288	4015.0	3998.5	16.5	3877.9
115.5792	4091.0	3999.5	91.5	3892.7
115.7296	4252.0	4062.8	189.2	3907.1
115.88	4403.0	4184.1	218.9	3921.1
116.0304	4637.0	4371.9	265.1	3934.8
116.1808	4699.0	4606.4	92.6	3948.1
116.3312	4822.0	4804.1	17.9	3961.2
116.4816	4767.0	4646.4	120.6	3973.9
116.632	4877.0	4371.3	505.7	3986.3
116.7824	4598.0	4372.0	226.0	3998.5
116.9328	4474.0	4285.7	188.3	4010.3
117.0832	4242.0	4110.8	131.2	4022.0
117.2336	4311.0	4074.7	236.3	4033.4
117.384	4141.0	4076.7	64.3	4044.5
117.5344	4154.0	4084.2	69.8	4055.5
117.6848	4168.0	4093.6	74.4	4066.2
117.8352	4199.0	4104.0	95.0	4076.8
117.9856	4370.0	4115.0	255.0	4087.2
118.136	4352.0	4126.6	225.4	4097.5
118.2864	4427.0	4138.7	288.3	4107.6
118.4368	4504.0	4151.5	352.5	4117.5
118.5872	4613.0	4163.1	449.9	4127.4
118.7376	4657.0	4178.3	478.7	4137.2
118.888	4649.0	4195.6	453.4	4146.9
119.0384	4705.0	4217.4	487.6	4156.5
119.1888	4618.0	4249.2	368.8	4166.0
119.3392	4572.0	4304.3	267.7	4175.6
119.4896	4668.0	4397.0	271.0	4185.1
119.64	4729.0	4546.8	182.2	4194.5
