20251112_HM502Nb5Si2V_chiAC_vs_T_B_0T.003.txt Wed, Nov 12, 2025 3:43:26 PM Gabriele
Magnet: None
Trigger spacing of 0.010000 on column #3
Offsets:	0.000000000E+0	0.000000000E+0	0.000000000E+0	0.000000000E+0	0.000000000E+0

Scale Factors:	1.000000000E+0	1.000000000E+0	1.000000000E+0	1.000000000E+0	1.000000000E+0


Lockin_V_003	Chan2_V_003	Temperature_003	Field_003	Timestamp_003
-1.192100000E-7	6.109510000E-7	7.003300000E+0	1.955843717E-1	2.800000000E-2
-7.450640000E-9	3.874320000E-7	6.987700000E+0	1.955843717E-1	3.969100000E+1
8.270180000E-7	2.011670000E-7	6.947700000E+0	1.955843717E-1	4.009300000E+1
2.607720000E-7	-5.960500000E-7	6.841200000E+0	1.955843717E-1	4.106200000E+1
2.980250000E-8	-5.364450000E-7	6.808800000E+0	1.955843717E-1	4.197000000E+1
7.450630000E-8	3.576300000E-7	6.825400000E+0	1.955843717E-1	4.238300000E+1
5.736980000E-7	3.203770000E-7	6.852600000E+0	1.955843717E-1	4.277500000E+1
-2.831240000E-7	-5.960510000E-8	6.887700000E+0	1.955843717E-1	4.325400000E+1
2.086170000E-7	-6.854570000E-7	6.921000000E+0	1.955843717E-1	4.357000000E+1
-1.490130000E-8	1.937160000E-7	6.939500000E+0	1.955843717E-1	4.398400000E+1
7.599630000E-7	3.948830000E-7	6.954200000E+0	1.955843717E-1	4.438000000E+1
7.152590000E-7	3.650800000E-7	6.971000000E+0	1.955843717E-1	4.491200000E+1
4.842910000E-7	-8.121170000E-7	6.989100000E+0	1.955843717E-1	4.536900000E+1
1.132500000E-6	-7.599630000E-7	7.011500000E+0	1.955843717E-1	4.569600000E+1
3.129260000E-7	-5.662480000E-7	7.025700000E+0	1.955843717E-1	4.610500000E+1
6.780060000E-7	4.619380000E-7	7.015000000E+0	1.955843717E-1	4.813400000E+1
6.184020000E-7	-6.407540000E-7	7.032400000E+0	1.955843717E-1	4.930500000E+1
5.811490000E-7	5.289950000E-7	7.043100000E+0	1.955843717E-1	4.975100000E+1
1.035640000E-6	-2.607720000E-7	7.060200000E+0	1.955843717E-1	5.089300000E+1
2.235180000E-7	5.289950000E-7	7.049700000E+0	1.955843717E-1	5.170100000E+1
-4.470370000E-8	1.341110000E-7	7.022600000E+0	1.955843717E-1	5.329800000E+1
6.556550000E-7	-4.768410000E-7	6.994900000E+0	1.955843717E-1	5.378100000E+1
4.768410000E-7	-5.215440000E-7	6.973700000E+0	1.955843717E-1	5.414800000E+1
7.897650000E-7	-4.246850000E-7	6.961900000E+0	1.955843717E-1	5.449000000E+1
-2.533220000E-7	-1.713640000E-7	6.950100000E+0	1.955843717E-1	5.650800000E+1
-3.650800000E-7	2.309690000E-7	6.938900000E+0	1.955843717E-1	5.688500000E+1
-1.341110000E-7	3.203770000E-7	6.927300000E+0	1.955843717E-1	5.815400000E+1
2.682230000E-7	4.917420000E-7	6.943900000E+0	1.955843717E-1	5.942900000E+1
6.929080000E-7	-5.886000000E-7	6.957400000E+0	1.955843717E-1	5.970300000E+1
7.450630000E-8	-5.215430000E-8	6.970900000E+0	1.955843717E-1	6.011400000E+1
7.823150000E-7	3.278270000E-7	6.985700000E+0	1.955843717E-1	6.250400000E+1
1.281510000E-6	-3.203770000E-7	6.969200000E+0	1.955843717E-1	6.416900000E+1
1.423070000E-6	2.905740000E-7	6.950900000E+0	1.955843717E-1	6.449800000E+1
4.768410000E-7	-2.235180000E-7	6.926900000E+0	1.955843717E-1	6.493400000E+1
4.172340000E-7	-1.415620000E-7	6.902900000E+0	1.955843717E-1	6.529500000E+1
4.321350000E-7	6.929080000E-7	6.881800000E+0	1.955843717E-1	6.570000000E+1
8.195680000E-7	-3.203770000E-7	6.856600000E+0	1.955843717E-1	6.616000000E+1
1.117590000E-6	3.501790000E-7	6.833800000E+0	1.955843717E-1	6.647400000E+1
1.490130000E-8	4.395860000E-7	6.812100000E+0	1.955843717E-1	6.694700000E+1
9.909340000E-7	-6.705570000E-8	6.794300000E+0	1.955843717E-1	6.738400000E+1
7.748640000E-7	-4.842910000E-7	6.774500000E+0	1.955843717E-1	6.829600000E+1
4.842910000E-7	-6.631050000E-7	6.787000000E+0	1.955843717E-1	6.903300000E+1
2.980250000E-8	3.203770000E-7	6.801500000E+0	1.955843717E-1	6.946500000E+1
9.685800000E-8	3.501790000E-7	6.819500000E+0	1.955843717E-1	6.982700000E+1
6.407540000E-7	-6.333030000E-7	6.844600000E+0	1.955843717E-1	7.028800000E+1
1.057990000E-6	-2.831240000E-7	6.862700000E+0	1.955843717E-1	7.062000000E+1
1.043090000E-6	-3.799810000E-7	6.874600000E+0	1.955843717E-1	7.116400000E+1
3.501790000E-7	-7.823150000E-7	6.887000000E+0	1.955843717E-1	7.282600000E+1
1.147400000E-6	1.266610000E-7	6.874500000E+0	1.955843717E-1	7.560400000E+1
1.050540000E-6	2.607720000E-7	6.862600000E+0	1.955843717E-1	7.613500000E+1
1.318760000E-6	-5.140940000E-7	6.827500000E+0	1.955843717E-1	7.654400000E+1
8.344690000E-7	-7.450620000E-7	6.795300000E+0	1.955843717E-1	7.693100000E+1
9.536820000E-7	-7.078090000E-7	6.763900000E+0	1.955843717E-1	7.728300000E+1
1.192100000E-6	2.160680000E-7	6.738000000E+0	1.955843717E-1	7.776300000E+1
6.482040000E-7	-7.227100000E-7	6.721500000E+0	1.955843717E-1	7.837100000E+1
4.768410000E-7	3.725310000E-7	6.731600000E+0	1.955843717E-1	8.186600000E+1
9.164250000E-7	-2.160680000E-7	6.749300000E+0	1.955843717E-1	8.263200000E+1
8.940740000E-8	-5.364450000E-7	6.769100000E+0	1.955843717E-1	8.358200000E+1
-1.415620000E-7	6.705560000E-7	6.780700000E+0	1.955843717E-1	8.436300000E+1
5.289950000E-7	6.705560000E-7	6.770700000E+0	1.955843717E-1	8.636700000E+1
-2.235190000E-8	-1.788150000E-7	6.753300000E+0	1.955843717E-1	8.718300000E+1
-2.235190000E-8	-7.450630000E-8	6.742900000E+0	1.955843717E-1	8.754300000E+1
-1.490130000E-8	5.438960000E-7	6.725100000E+0	1.955843717E-1	8.811300000E+1
1.035640000E-6	5.364450000E-7	6.700600000E+0	1.955843717E-1	8.853200000E+1
9.611320000E-7	-1.862650000E-7	6.675900000E+0	1.955843717E-1	8.892800000E+1
2.980250000E-7	-4.693880000E-7	6.655300000E+0	1.955843717E-1	8.986500000E+1
1.125040000E-6	-5.438960000E-7	6.668400000E+0	1.955843717E-1	9.197400000E+1
-1.490130000E-8	-6.407540000E-7	6.656400000E+0	1.955843717E-1	9.328200000E+1
7.748640000E-7	3.203770000E-7	6.610900000E+0	1.955843717E-1	9.462100000E+1
9.685830000E-7	-3.948830000E-7	6.599900000E+0	1.955843717E-1	9.501800000E+1
9.089740000E-7	-4.246850000E-7	6.617500000E+0	1.955843717E-1	9.698600000E+1
7.003580000E-7	0.000000000E+0	6.630700000E+0	1.955843717E-1	9.821300000E+1
5.289950000E-7	-5.587970000E-7	6.612500000E+0	1.955843717E-1	1.004170000E+2
7.748640000E-7	3.725310000E-8	6.595700000E+0	1.955843717E-1	1.007450000E+2
4.768410000E-7	-5.289950000E-7	6.580300000E+0	1.955843717E-1	1.011390000E+2
-2.607720000E-7	-2.533220000E-7	6.564300000E+0	1.955843717E-1	1.020780000E+2
1.341110000E-7	7.599630000E-7	6.553200000E+0	1.955843717E-1	1.035620000E+2
9.983850000E-7	4.023330000E-7	6.532500000E+0	1.955843717E-1	1.043280000E+2
1.296410000E-6	4.395860000E-7	6.512200000E+0	1.955843717E-1	1.054040000E+2
5.438960000E-7	-1.192100000E-7	6.490400000E+0	1.955843717E-1	1.063710000E+2
1.072890000E-6	6.184020000E-7	6.475200000E+0	1.955843717E-1	1.116790000E+2
9.611320000E-7	7.525120000E-7	6.436800000E+0	1.955843717E-1	1.127420000E+2
2.533220000E-7	6.929080000E-7	6.425700000E+0	1.955843717E-1	1.134240000E+2
2.980250000E-7	-4.470370000E-7	6.415500000E+0	1.955843717E-1	1.140820000E+2
5.960510000E-8	-2.905740000E-7	6.431300000E+0	1.955843717E-1	1.173270000E+2
2.980250000E-7	-4.917420000E-7	6.421100000E+0	1.955843717E-1	1.198200000E+2
5.215440000E-7	-4.097840000E-7	6.406200000E+0	1.955843717E-1	1.219640000E+2
4.470370000E-8	4.544870000E-7	6.395200000E+0	1.955843717E-1	1.223810000E+2
1.110140000E-6	5.960510000E-8	6.350600000E+0	1.955843717E-1	1.237220000E+2
3.203770000E-7	-6.705570000E-8	6.331500000E+0	1.955843717E-1	1.244960000E+2
7.674130000E-7	9.089740000E-7	6.304600000E+0	1.955843717E-1	1.247420000E+2
8.791720000E-7	-2.607720000E-7	6.321600000E+0	1.955843717E-1	1.266170000E+2
3.725310000E-8	-3.725310000E-8	6.337000000E+0	1.955843717E-1	1.275620000E+2
2.980250000E-8	-4.693880000E-7	6.316700000E+0	1.955843717E-1	1.297140000E+2
-4.470370000E-8	-2.831240000E-7	6.302500000E+0	1.955843717E-1	1.300880000E+2
8.642710000E-7	-9.015240000E-7	6.286800000E+0	1.955843717E-1	1.305490000E+2
-3.725310000E-8	-6.705570000E-8	6.276700000E+0	1.955843717E-1	1.311850000E+2
3.725310000E-7	2.980250000E-8	6.240300000E+0	1.955843717E-1	1.313890000E+2
6.333030000E-7	-3.352780000E-7	6.221200000E+0	1.955843717E-1	1.325020000E+2
-3.501790000E-7	-5.066430000E-7	6.235700000E+0	1.955843717E-1	1.332920000E+2
1.192100000E-7	-6.705560000E-7	6.252200000E+0	1.955843717E-1	1.338010000E+2
1.862650000E-7	5.736980000E-7	6.265700000E+0	1.955843717E-1	1.351410000E+2
-4.470370000E-8	0.000000000E+0	6.277200000E+0	1.955843717E-1	1.363600000E+2
9.462270000E-7	-5.736980000E-7	6.248900000E+0	1.955843717E-1	1.380770000E+2
1.490130000E-8	-7.450620000E-7	6.212000000E+0	1.955843717E-1	1.384890000E+2
4.246850000E-7	2.458710000E-7	6.148100000E+0	1.955843717E-1	1.389180000E+2
8.270180000E-7	2.980250000E-7	6.022700000E+0	1.955843717E-1	1.398280000E+2
6.929080000E-7	-7.674130000E-7	6.049500000E+0	1.955843717E-1	1.413430000E+2
4.172340000E-7	-7.823150000E-7	6.082500000E+0	1.955843717E-1	1.417140000E+2
1.080340000E-6	-7.674130000E-7	6.133000000E+0	1.955843717E-1	1.422080000E+2
2.235190000E-8	-2.384200000E-7	6.170800000E+0	1.955843717E-1	1.426520000E+2
0.000000000E+0	-9.462270000E-7	6.224500000E+0	1.955843717E-1	1.431540000E+2
-6.705570000E-8	-9.387770000E-7	6.259200000E+0	1.955843717E-1	1.435210000E+2
-1.192100000E-7	-3.203770000E-7	6.291800000E+0	1.955843717E-1	1.440860000E+2
7.748640000E-7	-7.450630000E-8	6.303200000E+0	1.955843717E-1	1.444960000E+2
1.490130000E-7	2.533220000E-7	6.288100000E+0	1.955843717E-1	1.457230000E+2
-2.607720000E-7	-1.490130000E-8	6.273700000E+0	1.955843717E-1	1.460590000E+2
7.450630000E-8	-7.674130000E-7	6.257000000E+0	1.955843717E-1	1.465460000E+2
5.438960000E-7	-6.631050000E-7	6.239200000E+0	1.955843717E-1	1.468810000E+2
-1.788150000E-7	-6.556550000E-7	6.223100000E+0	1.955843717E-1	1.472790000E+2
-2.831240000E-7	-2.235190000E-8	6.206600000E+0	1.955843717E-1	1.476730000E+2
6.705560000E-7	-7.525120000E-7	6.192100000E+0	1.955843717E-1	1.481350000E+2
8.270180000E-7	-7.003580000E-7	6.180800000E+0	1.955843717E-1	1.484870000E+2
-1.341110000E-7	-4.917420000E-7	6.167700000E+0	1.955843717E-1	1.492720000E+2
6.631050000E-7	6.631050000E-7	6.183300000E+0	1.955843717E-1	1.516540000E+2
7.823150000E-7	-4.544870000E-7	6.193500000E+0	1.955843717E-1	1.524660000E+2
3.799810000E-7	5.140940000E-7	6.203700000E+0	1.955843717E-1	1.544870000E+2
9.983850000E-7	3.799810000E-7	6.192000000E+0	1.955843717E-1	1.568760000E+2
7.450620000E-7	5.736980000E-7	6.180100000E+0	1.955843717E-1	1.584840000E+2
8.195680000E-8	5.513470000E-7	6.168300000E+0	1.955843717E-1	1.600630000E+2
9.909340000E-7	2.980250000E-7	6.158000000E+0	1.955843717E-1	1.620810000E+2
1.266610000E-6	-7.450630000E-8	6.146400000E+0	1.955843717E-1	1.637080000E+2
8.866230000E-7	2.905740000E-7	6.133100000E+0	1.955843717E-1	1.652800000E+2
7.748640000E-7	-6.929080000E-7	6.122000000E+0	1.955843717E-1	1.664630000E+2
1.080340000E-6	-7.450620000E-7	6.111500000E+0	1.955843717E-1	1.676930000E+2
9.387770000E-7	1.639140000E-7	6.100900000E+0	1.955843717E-1	1.688900000E+2
1.043090000E-7	-6.705570000E-8	6.088500000E+0	1.955843717E-1	1.701030000E+2
1.303860000E-6	-5.364450000E-7	6.076900000E+0	1.955843717E-1	1.712570000E+2
1.162300000E-6	-4.544870000E-7	6.065500000E+0	1.955843717E-1	1.725090000E+2
0.000000000E+0	-7.599630000E-7	6.054800000E+0	1.955843717E-1	1.736580000E+2
-6.705570000E-8	-1.937160000E-7	6.043400000E+0	1.955843717E-1	1.749450000E+2
8.866230000E-7	-6.109510000E-7	6.032900000E+0	1.955843717E-1	1.761110000E+2
3.799810000E-7	2.011670000E-7	6.020400000E+0	1.955843717E-1	1.773090000E+2
-9.685800000E-8	-2.607720000E-7	6.007000000E+0	1.955843717E-1	1.785160000E+2
1.147400000E-6	9.685800000E-8	5.996000000E+0	1.955843717E-1	1.796780000E+2
4.395860000E-7	-6.035010000E-7	5.984200000E+0	1.955843717E-1	1.809870000E+2
9.462270000E-7	8.195680000E-8	5.972300000E+0	1.955843717E-1	1.821890000E+2
-2.011670000E-7	-8.940740000E-8	5.958600000E+0	1.955843717E-1	1.835430000E+2
-1.117590000E-7	4.395860000E-7	5.948200000E+0	1.955843717E-1	1.844630000E+2
3.427290000E-7	-5.140940000E-7	5.935100000E+0	1.955843717E-1	1.858340000E+2
1.266610000E-7	5.587970000E-7	5.924200000E+0	1.955843717E-1	1.871590000E+2
6.333030000E-7	7.674130000E-7	5.910900000E+0	1.955843717E-1	1.884450000E+2
-3.352780000E-7	0.000000000E+0	5.899200000E+0	1.955843717E-1	1.898130000E+2
6.854570000E-7	-2.607720000E-7	5.887800000E+0	1.955843717E-1	1.910060000E+2
8.493700000E-7	2.533220000E-7	5.876400000E+0	1.955843717E-1	1.920620000E+2
9.909340000E-7	-1.862650000E-7	5.863600000E+0	1.955843717E-1	1.935230000E+2
1.274060000E-6	-2.905740000E-7	5.851500000E+0	1.955843717E-1	1.945980000E+2
2.533220000E-7	-3.352780000E-7	5.838000000E+0	1.955843717E-1	1.960820000E+2
1.087790000E-6	8.195680000E-8	5.827800000E+0	1.955843717E-1	1.972540000E+2
5.886000000E-7	-8.866230000E-7	5.813300000E+0	1.955843717E-1	1.987430000E+2
-1.341110000E-7	-6.482040000E-7	5.802300000E+0	1.955843717E-1	2.002190000E+2
1.788150000E-7	-9.313260000E-7	5.788500000E+0	1.955843717E-1	2.012630000E+2
8.791720000E-7	2.533220000E-7	5.774200000E+0	1.955843717E-1	2.031570000E+2
1.341110000E-6	-2.011670000E-7	5.762900000E+0	1.955843717E-1	2.046390000E+2
4.544870000E-7	-3.427290000E-7	5.752200000E+0	1.955843717E-1	2.054030000E+2
1.117590000E-7	-3.725310000E-8	5.739400000E+0	1.955843717E-1	2.070310000E+2
1.221900000E-6	-1.341110000E-7	5.725200000E+0	1.955843717E-1	2.084140000E+2
1.266610000E-6	4.544870000E-7	5.712600000E+0	1.955843717E-1	2.098070000E+2
1.147400000E-6	2.309690000E-7	5.699200000E+0	1.955843717E-1	2.114340000E+2
4.097840000E-7	-6.184020000E-7	5.686500000E+0	1.955843717E-1	2.127450000E+2
1.013290000E-6	-6.109510000E-7	5.671700000E+0	1.955843717E-1	2.143350000E+2
5.960510000E-8	-4.023330000E-7	5.658400000E+0	1.955843717E-1	2.158280000E+2
4.693880000E-7	1.713640000E-7	5.647400000E+0	1.955843717E-1	2.173110000E+2
2.980250000E-8	-2.682230000E-7	5.635800000E+0	1.955843717E-1	2.183540000E+2
7.823150000E-7	6.035010000E-7	5.620600000E+0	1.955843717E-1	2.203700000E+2
6.035010000E-7	-2.756730000E-7	5.607300000E+0	1.955843717E-1	2.217060000E+2
9.536820000E-7	6.631050000E-7	5.594100000E+0	1.955843717E-1	2.232680000E+2
5.587970000E-7	8.717220000E-7	5.580400000E+0	1.955843717E-1	2.248420000E+2
3.799810000E-7	-1.937160000E-7	5.566900000E+0	1.955843717E-1	2.262200000E+2
4.395860000E-7	6.184020000E-7	5.556300000E+0	1.955843717E-1	2.277090000E+2
-3.725310000E-8	7.227100000E-7	5.543700000E+0	1.955843717E-1	2.291300000E+2
3.352780000E-7	9.313260000E-7	5.531100000E+0	1.955843717E-1	2.305890000E+2
-1.862650000E-7	1.415620000E-7	5.520700000E+0	1.955843717E-1	2.317960000E+2
9.909340000E-7	8.940740000E-8	5.510500000E+0	1.955843717E-1	2.326110000E+2
7.674130000E-7	-3.874320000E-7	5.497900000E+0	1.955843717E-1	2.342510000E+2
8.866230000E-7	-1.490130000E-8	5.484600000E+0	1.955843717E-1	2.363770000E+2
2.458710000E-7	4.246850000E-7	5.472200000E+0	1.955843717E-1	2.375620000E+2
6.631050000E-7	-5.140940000E-7	5.457600000E+0	1.955843717E-1	2.391260000E+2
1.326210000E-6	3.427290000E-7	5.447500000E+0	1.955843717E-1	2.401210000E+2
1.236800000E-6	2.533220000E-7	5.435800000E+0	1.955843717E-1	2.415570000E+2
2.160680000E-7	1.266610000E-7	5.424800000E+0	1.955843717E-1	2.432850000E+2
4.172340000E-7	-2.235190000E-8	5.414200000E+0	1.955843717E-1	2.445200000E+2
1.050540000E-6	-2.607720000E-7	5.399200000E+0	1.955843717E-1	2.460900000E+2
2.533220000E-7	2.607720000E-7	5.387500000E+0	1.955843717E-1	2.474210000E+2
4.246850000E-7	-2.905740000E-7	5.376600000E+0	1.955843717E-1	2.484700000E+2
5.364450000E-7	4.470370000E-7	5.364000000E+0	1.955843717E-1	2.503010000E+2
4.246850000E-7	-4.619380000E-7	5.352300000E+0	1.955843717E-1	2.515080000E+2
8.940730000E-7	2.458710000E-7	5.342000000E+0	1.955843717E-1	2.530610000E+2
7.748640000E-7	-1.043090000E-7	5.329800000E+0	1.955843717E-1	2.543380000E+2
8.046660000E-7	-1.341110000E-7	5.316100000E+0	1.955843717E-1	2.559570000E+2
1.199550000E-6	2.533220000E-7	5.305400000E+0	1.955843717E-1	2.571940000E+2
1.713640000E-7	1.415620000E-7	5.292400000E+0	1.955843717E-1	2.583450000E+2
4.395860000E-7	8.270180000E-7	5.278700000E+0	1.955843717E-1	2.603600000E+2
1.333660000E-6	3.725310000E-7	5.267100000E+0	1.955843717E-1	2.618350000E+2
1.445420000E-6	-2.011670000E-7	5.253900000E+0	1.955843717E-1	2.632870000E+2
1.013290000E-6	-6.705570000E-8	5.241500000E+0	1.955843717E-1	2.648920000E+2
1.192100000E-7	2.384200000E-7	5.230200000E+0	1.955843717E-1	2.659140000E+2
9.015240000E-7	-5.736980000E-7	5.219200000E+0	1.955843717E-1	2.672600000E+2
4.470370000E-8	-4.842910000E-7	5.207800000E+0	1.955843717E-1	2.687400000E+2
-1.117590000E-7	-1.266610000E-7	5.196200000E+0	1.955843717E-1	2.701940000E+2
4.842910000E-7	-6.109510000E-7	5.183800000E+0	1.955843717E-1	2.719440000E+2
9.462270000E-7	-2.980250000E-7	5.172300000E+0	1.955843717E-1	2.731610000E+2
8.419190000E-7	-6.705570000E-8	5.160900000E+0	1.955843717E-1	2.742240000E+2
-4.097840000E-7	-5.438960000E-7	5.147400000E+0	1.955843717E-1	2.759300000E+2
-3.203770000E-7	-7.301610000E-7	5.133100000E+0	1.955843717E-1	2.777100000E+2
6.705570000E-8	2.905740000E-7	5.122200000E+0	1.955843717E-1	2.791940000E+2
3.725310000E-7	4.619380000E-7	5.109500000E+0	1.955843717E-1	2.806300000E+2
7.525120000E-7	4.321350000E-7	5.099200000E+0	1.955843717E-1	2.817200000E+2
1.341110000E-7	-5.140940000E-7	5.085600000E+0	1.955843717E-1	2.832780000E+2
1.013290000E-6	-5.438960000E-7	5.075100000E+0	1.955843717E-1	2.846530000E+2
8.195680000E-7	-7.525120000E-7	5.063900000E+0	1.955843717E-1	2.861030000E+2
7.897650000E-7	3.427290000E-7	5.051200000E+0	1.955843717E-1	2.878250000E+2
1.177200000E-6	-2.756730000E-7	5.040700000E+0	1.955843717E-1	2.885820000E+2
1.564630000E-7	-6.035010000E-7	5.027900000E+0	1.955843717E-1	2.900760000E+2
-7.450630000E-8	-1.341110000E-7	5.016200000E+0	1.955843717E-1	2.915480000E+2
1.072890000E-6	3.725310000E-8	5.003400000E+0	1.955843717E-1	2.935780000E+2
6.780060000E-7	1.266610000E-7	4.990500000E+0	1.955843717E-1	2.951710000E+2
1.035640000E-6	-9.536820000E-7	4.980100000E+0	1.955843717E-1	2.959700000E+2
1.102690000E-6	8.195680000E-8	4.964700000E+0	1.955843717E-1	2.975300000E+2
1.005840000E-6	-3.650800000E-7	4.951500000E+0	1.955843717E-1	2.995480000E+2
5.215430000E-8	-1.490130000E-8	4.940900000E+0	1.955843717E-1	3.008780000E+2
-3.725310000E-8	-1.192100000E-7	4.930400000E+0	1.955843717E-1	3.019470000E+2
1.087790000E-6	3.725310000E-8	4.916700000E+0	1.955843717E-1	3.036530000E+2
1.057990000E-6	4.470370000E-8	4.903000000E+0	1.955843717E-1	3.054440000E+2
1.147400000E-6	5.960510000E-8	4.890100000E+0	1.955843717E-1	3.068650000E+2
8.493700000E-7	2.756730000E-7	4.877900000E+0	1.955843717E-1	3.086440000E+2
3.799810000E-7	-5.662480000E-7	4.863900000E+0	1.955843717E-1	3.098020000E+2
-5.960510000E-8	-1.937160000E-7	4.849600000E+0	1.955843717E-1	3.114510000E+2
2.160680000E-7	-6.780060000E-7	4.837100000E+0	1.955843717E-1	3.134010000E+2
4.693880000E-7	3.278270000E-7	4.825200000E+0	1.955843717E-1	3.147340000E+2
3.427290000E-7	3.650800000E-7	4.814600000E+0	1.955843717E-1	3.158090000E+2
7.450630000E-8	-5.513470000E-7	4.802800000E+0	1.955843717E-1	3.175240000E+2
6.854570000E-7	-3.352780000E-7	4.789200000E+0	1.955843717E-1	3.187460000E+2
9.983850000E-7	2.086170000E-7	4.775100000E+0	1.955843717E-1	3.203340000E+2
8.568200000E-7	-5.140940000E-7	4.761500000E+0	1.955843717E-1	3.223510000E+2
1.057990000E-6	-4.470370000E-7	4.745900000E+0	1.955843717E-1	3.244910000E+2
3.203770000E-7	4.544870000E-7	4.733600000E+0	1.955843717E-1	3.256520000E+2
1.117590000E-6	2.756730000E-7	4.721100000E+0	1.955843717E-1	3.267700000E+2
6.035010000E-7	1.043090000E-7	4.710100000E+0	1.955843717E-1	3.283510000E+2
1.497570000E-6	3.725310000E-8	4.696200000E+0	1.955843717E-1	3.301930000E+2
1.214450000E-6	-3.650800000E-7	4.682500000E+0	1.955843717E-1	3.316550000E+2
3.278270000E-7	-6.035010000E-7	4.667600000E+0	1.955843717E-1	3.333090000E+2
-8.195680000E-8	1.266610000E-7	4.652700000E+0	1.955843717E-1	3.353180000E+2
3.203770000E-7	8.791720000E-7	4.638100000E+0	1.955843717E-1	3.371370000E+2
1.467770000E-6	8.940740000E-8	4.626000000E+0	1.955843717E-1	3.386390000E+2
5.140940000E-7	-2.607720000E-7	4.615900000E+0	1.955843717E-1	3.397900000E+2
7.599630000E-7	-3.054760000E-7	4.601200000E+0	1.955843717E-1	3.413860000E+2
1.296410000E-6	-3.054760000E-7	4.587900000E+0	1.955843717E-1	3.431320000E+2
4.768410000E-7	-7.301610000E-7	4.576500000E+0	1.955843717E-1	3.445900000E+2
7.450620000E-7	2.607720000E-7	4.562700000E+0	1.955843717E-1	3.463420000E+2
7.450620000E-7	5.066430000E-7	4.551700000E+0	1.955843717E-1	3.475860000E+2
-1.117590000E-7	-1.266610000E-7	4.540400000E+0	1.955843717E-1	3.485850000E+2
7.525120000E-7	-4.768410000E-7	4.528000000E+0	1.955843717E-1	3.503250000E+2
5.662480000E-7	6.258520000E-7	4.516200000E+0	1.955843717E-1	3.515220000E+2
8.940740000E-8	-2.160680000E-7	4.505100000E+0	1.955843717E-1	3.532180000E+2
2.458710000E-7	8.493700000E-7	4.493900000E+0	1.955843717E-1	3.547350000E+2
3.352780000E-7	-4.544870000E-7	4.479600000E+0	1.955843717E-1	3.560850000E+2
9.387770000E-7	-3.874320000E-7	4.468300000E+0	1.955843717E-1	3.571330000E+2
1.013290000E-6	-5.736980000E-7	4.458200000E+0	1.955843717E-1	3.587550000E+2
2.458710000E-7	5.960510000E-8	4.446400000E+0	1.955843717E-1	3.600980000E+2
9.685830000E-7	1.415620000E-7	4.435900000E+0	1.955843717E-1	3.615690000E+2
8.940730000E-7	2.011670000E-7	4.423100000E+0	1.955843717E-1	3.630070000E+2
1.102690000E-6	-3.650800000E-7	4.410900000E+0	1.955843717E-1	3.641230000E+2
1.080340000E-6	-3.650800000E-7	4.398200000E+0	1.955843717E-1	3.655730000E+2
3.650800000E-7	4.693880000E-7	4.385700000E+0	1.955843717E-1	3.676470000E+2
-1.341110000E-7	1.117590000E-7	4.371600000E+0	1.955843717E-1	3.690590000E+2
1.043090000E-7	-6.482040000E-7	4.361300000E+0	1.955843717E-1	3.700970000E+2
1.169750000E-6	-2.980250000E-8	4.350900000E+0	1.955843717E-1	3.716320000E+2
-8.940740000E-8	-3.054760000E-7	4.339800000E+0	1.955843717E-1	3.729840000E+2
1.020740000E-6	-7.450630000E-8	4.326500000E+0	1.955843717E-1	3.745100000E+2
8.195680000E-8	-6.109510000E-7	4.314000000E+0	1.955843717E-1	3.761950000E+2
6.407540000E-7	2.458710000E-7	4.302500000E+0	1.955843717E-1	3.769930000E+2
9.834840000E-7	3.203770000E-7	4.290000000E+0	1.955843717E-1	3.789740000E+2
4.991930000E-7	3.650800000E-7	4.278600000E+0	1.955843717E-1	3.805600000E+2
6.407540000E-7	-7.599630000E-7	4.267100000E+0	1.955843717E-1	3.813790000E+2
3.501790000E-7	-6.407540000E-7	4.253600000E+0	1.955843717E-1	3.829890000E+2
-3.278270000E-7	-2.980250000E-7	4.239600000E+0	1.955843717E-1	3.850000000E+2
5.215440000E-7	-3.203770000E-7	4.228500000E+0	1.955843717E-1	3.863880000E+2
2.682230000E-7	8.493700000E-7	4.215000000E+0	1.955843717E-1	3.879180000E+2
-2.011670000E-7	2.682230000E-7	4.204400000E+0	1.955843717E-1	3.891380000E+2
-3.427290000E-7	2.086170000E-7	4.191700000E+0	1.955843717E-1	3.905780000E+2
8.866230000E-7	1.713640000E-7	4.180100000E+0	1.955843717E-1	3.919020000E+2
1.057990000E-6	-5.066430000E-7	4.166900000E+0	1.955843717E-1	3.939280000E+2
7.897650000E-7	7.525120000E-7	4.153000000E+0	1.955843717E-1	3.954650000E+2
-1.043090000E-7	1.490130000E-8	4.142600000E+0	1.955843717E-1	3.963120000E+2
-1.415620000E-7	-5.736980000E-7	4.128400000E+0	1.955843717E-1	3.979020000E+2
-1.639140000E-7	1.341110000E-7	4.116700000E+0	1.955843717E-1	3.999100000E+2
8.940740000E-8	-1.713640000E-7	4.103400000E+0	1.955843717E-1	4.015220000E+2
1.244250000E-6	2.384200000E-7	4.086400000E+0	1.955843717E-1	4.028450000E+2
1.207000000E-6	1.564630000E-7	4.074100000E+0	1.955843717E-1	4.048380000E+2
9.313260000E-7	-1.192100000E-7	4.063600000E+0	1.955843717E-1	4.059170000E+2
8.121170000E-7	1.713640000E-7	4.052900000E+0	1.955843717E-1	4.075210000E+2
0.000000000E+0	4.544870000E-7	4.038600000E+0	1.955843717E-1	4.088910000E+2
-1.639140000E-7	-2.309690000E-7	4.026900000E+0	1.955843717E-1	4.103000000E+2
5.960510000E-8	1.862650000E-7	4.016000000E+0	1.955843717E-1	4.119410000E+2
4.544870000E-7	5.438960000E-7	4.005000000E+0	1.955843717E-1	4.128640000E+2
9.834840000E-7	-3.352780000E-7	3.992900000E+0	1.955843717E-1	4.143550000E+2
8.270180000E-7	1.415620000E-7	3.982100000E+0	1.955843717E-1	4.159520000E+2
8.121170000E-7	4.693880000E-7	3.968700000E+0	1.955843717E-1	4.175740000E+2
6.333030000E-7	2.384200000E-7	3.956200000E+0	1.955843717E-1	4.188450000E+2
-1.713640000E-7	-1.937160000E-7	3.943000000E+0	1.955843717E-1	4.203210000E+2
4.693880000E-7	-3.427290000E-7	3.929800000E+0	1.955843717E-1	4.219130000E+2
8.866230000E-7	1.117590000E-7	3.916800000E+0	1.955843717E-1	4.240200000E+2
5.960510000E-8	3.799810000E-7	3.905700000E+0	1.955843717E-1	4.248680000E+2
7.450630000E-8	7.376110000E-7	3.894600000E+0	1.955843717E-1	4.263020000E+2
-9.685800000E-8	7.450640000E-9	3.880900000E+0	1.955843717E-1	4.280590000E+2
-1.862650000E-7	4.842910000E-7	3.868500000E+0	1.955843717E-1	4.293300000E+2
8.195680000E-7	2.160680000E-7	3.857900000E+0	1.955843717E-1	4.308490000E+2
8.866230000E-7	7.450640000E-9	3.844700000E+0	1.955843717E-1	4.324600000E+2
1.244250000E-6	-2.980250000E-8	3.832400000E+0	1.955843717E-1	4.340690000E+2
1.162300000E-6	3.054760000E-7	3.818400000E+0	1.955843717E-1	4.353140000E+2
3.874320000E-7	-3.427290000E-7	3.806100000E+0	1.955843717E-1	4.368340000E+2
3.427290000E-7	-1.192100000E-7	3.789000000E+0	1.955843717E-1	4.388290000E+2
1.378360000E-6	5.066430000E-7	3.776300000E+0	1.955843717E-1	4.403230000E+2
1.519930000E-6	1.639140000E-7	3.766100000E+0	1.955843717E-1	4.417820000E+2
7.897650000E-7	5.215440000E-7	3.755600000E+0	1.955843717E-1	4.428320000E+2
5.215430000E-8	4.991930000E-7	3.745200000E+0	1.955843717E-1	4.444330000E+2
7.823150000E-7	-2.980250000E-7	3.730800000E+0	1.955843717E-1	4.457540000E+2
4.991930000E-7	-4.097840000E-7	3.718100000E+0	1.955843717E-1	4.472230000E+2
5.960500000E-7	-1.490130000E-7	3.706600000E+0	1.955843717E-1	4.488400000E+2
4.842910000E-7	-5.215430000E-8	3.695100000E+0	1.955843717E-1	4.504620000E+2
1.266610000E-7	6.631050000E-7	3.682600000E+0	1.955843717E-1	4.517700000E+2
-1.117590000E-7	5.438960000E-7	3.670600000E+0	1.955843717E-1	4.528500000E+2
-1.937160000E-7	-4.842910000E-7	3.660300000E+0	1.955843717E-1	4.544170000E+2
5.438960000E-7	1.192100000E-7	3.650000000E+0	1.955843717E-1	4.557470000E+2
1.080340000E-6	-8.791720000E-7	3.636500000E+0	1.955843717E-1	4.572400000E+2
6.705560000E-7	-8.791720000E-7	3.623900000E+0	1.955843717E-1	4.588770000E+2
7.227100000E-7	-7.376110000E-7	3.613600000E+0	1.955843717E-1	4.597680000E+2
4.246850000E-7	-3.650800000E-7	3.598300000E+0	1.955843717E-1	4.619540000E+2
1.184650000E-6	1.788150000E-7	3.583800000E+0	1.955843717E-1	4.640420000E+2
7.152590000E-7	6.854570000E-7	3.573100000E+0	1.955843717E-1	4.650850000E+2
8.195680000E-7	-3.725310000E-8	3.554200000E+0	1.955843717E-1	4.672670000E+2
6.705560000E-7	4.097840000E-7	3.541300000E+0	1.955843717E-1	4.693810000E+2
-2.980250000E-8	3.948830000E-7	3.521300000E+0	1.955843717E-1	4.715040000E+2
-4.470370000E-8	-3.054760000E-7	3.505200000E+0	1.955843717E-1	4.736360000E+2
4.544870000E-7	-4.693880000E-7	3.492800000E+0	1.955843717E-1	4.757700000E+2
2.682230000E-7	2.533220000E-7	3.482600000E+0	1.955843717E-1	4.768730000E+2
8.940740000E-8	7.450630000E-8	3.470100000E+0	1.955843717E-1	4.779440000E+2
1.035640000E-6	5.960510000E-8	3.457400000E+0	1.955843717E-1	4.800060000E+2
9.760330000E-7	1.192100000E-7	3.440400000E+0	1.955843717E-1	4.821440000E+2
4.395860000E-7	-7.972160000E-7	3.422500000E+0	1.955843717E-1	4.843540000E+2
1.139950000E-6	-2.235180000E-7	3.404700000E+0	1.955843717E-1	4.864680000E+2
3.576300000E-7	1.490130000E-7	3.389600000E+0	1.955843717E-1	4.885540000E+2
1.244250000E-6	1.266610000E-7	3.373000000E+0	1.955843717E-1	4.907460000E+2
3.129260000E-7	-4.023330000E-7	3.361600000E+0	1.955843717E-1	4.917460000E+2
2.756730000E-7	-8.866230000E-7	3.351100000E+0	1.955843717E-1	4.938740000E+2
2.458710000E-7	-1.020740000E-6	3.340800000E+0	1.955843717E-1	4.949510000E+2
5.811490000E-7	-9.536820000E-7	3.328400000E+0	1.955843717E-1	4.960200000E+2
1.229350000E-6	-7.376110000E-7	3.316000000E+0	1.955843717E-1	4.981470000E+2
6.705560000E-7	-4.321350000E-7	3.297900000E+0	1.955843717E-1	5.003280000E+2
1.117590000E-6	-3.054760000E-7	3.281700000E+0	1.955843717E-1	5.024490000E+2
1.430520000E-6	5.960510000E-8	3.263100000E+0	1.955843717E-1	5.045710000E+2
6.035010000E-7	4.917420000E-7	3.249500000E+0	1.955843717E-1	5.066810000E+2
3.799810000E-7	4.023330000E-7	3.232200000E+0	1.955843717E-1	5.088380000E+2
1.072890000E-6	2.980250000E-8	3.220700000E+0	1.955843717E-1	5.099480000E+2
1.341110000E-7	8.940740000E-8	3.207400000E+0	1.955843717E-1	5.120450000E+2
2.756730000E-7	3.725310000E-8	3.189300000E+0	1.955843717E-1	5.141830000E+2
5.438960000E-7	-7.525120000E-7	3.173900000E+0	1.955843717E-1	5.162930000E+2
4.246850000E-7	-8.270180000E-7	3.163100000E+0	1.955843717E-1	5.173700000E+2
9.611320000E-7	-8.344690000E-7	3.147700000E+0	1.955843717E-1	5.195120000E+2
1.393270000E-6	-2.980250000E-7	3.131600000E+0	1.955843717E-1	5.216300000E+2
9.387770000E-7	-4.097840000E-7	3.112800000E+0	1.955843717E-1	5.238100000E+2
6.333030000E-7	6.929080000E-7	3.097600000E+0	1.955843717E-1	5.258910000E+2
7.748640000E-7	3.129260000E-7	3.082100000E+0	1.955843717E-1	5.280610000E+2
-9.685800000E-8	5.215430000E-8	3.062300000E+0	1.955843717E-1	5.301670000E+2
-1.564630000E-7	-5.662480000E-7	3.047200000E+0	1.955843717E-1	5.322840000E+2
1.564630000E-7	-6.482040000E-7	3.033400000E+0	1.955843717E-1	5.344280000E+2
-1.266610000E-7	-3.203770000E-7	3.012800000E+0	1.955843717E-1	5.365920000E+2
-9.685800000E-8	-4.991930000E-7	2.997900000E+0	1.955843717E-1	5.387330000E+2
3.054760000E-7	-4.842910000E-7	2.982000000E+0	1.955843717E-1	5.408620000E+2
7.525120000E-7	3.799810000E-7	2.970500000E+0	1.955843717E-1	5.418850000E+2
3.650800000E-7	5.662480000E-7	2.958600000E+0	1.955843717E-1	5.440180000E+2
-6.109510000E-7	1.937160000E-7	2.938900000E+0	1.955843717E-1	5.461540000E+2
-1.341110000E-7	-6.929080000E-7	2.925700000E+0	1.955843717E-1	5.472920000E+2
-1.452870000E-6	-4.470370000E-7	2.909200000E+0	1.955843717E-1	5.504270000E+2
-8.046660000E-7	1.043090000E-7	2.897900000E+0	1.955843717E-1	5.515450000E+2
-1.415620000E-6	-5.140940000E-7	2.876700000E+0	1.955843717E-1	5.536200000E+2
-1.363460000E-6	-4.470370000E-7	2.866700000E+0	1.955843717E-1	5.557820000E+2
-1.586980000E-6	-7.897650000E-7	2.846300000E+0	1.955843717E-1	5.579280000E+2
-1.117590000E-6	-1.125040000E-6	2.830700000E+0	1.955843717E-1	5.600540000E+2
-9.164250000E-7	-7.227100000E-7	2.814000000E+0	1.955843717E-1	5.621800000E+2
-1.169750000E-6	-9.909340000E-7	2.803300000E+0	1.955843717E-1	5.632670000E+2
-9.387770000E-7	-3.054760000E-7	2.789300000E+0	1.955843717E-1	5.653830000E+2
-1.639140000E-6	4.470370000E-8	2.771900000E+0	1.955843717E-1	5.674840000E+2
-1.549730000E-6	-2.756730000E-7	2.753800000E+0	1.955843717E-1	5.696090000E+2
-1.527380000E-6	-6.631050000E-7	2.739300000E+0	1.955843717E-1	5.717510000E+2
-2.205390000E-6	-7.897650000E-7	2.723400000E+0	1.955843717E-1	5.739020000E+2
-1.691290000E-6	-7.301610000E-7	2.712400000E+0	1.955843717E-1	5.749340000E+2
-2.473610000E-6	-5.140940000E-7	2.698900000E+0	1.955843717E-1	5.771300000E+2
-1.639140000E-6	-7.003580000E-7	2.681100000E+0	1.955843717E-1	5.792530000E+2
-1.020740000E-6	-2.160680000E-7	2.668700000E+0	1.955843717E-1	5.802930000E+2
-1.654040000E-6	1.266610000E-7	2.658500000E+0	1.955843717E-1	5.824000000E+2
-1.467770000E-6	3.650800000E-7	2.637300000E+0	1.955843717E-1	5.845580000E+2
-1.385820000E-6	-2.980250000E-8	2.623100000E+0	1.955843717E-1	5.867440000E+2
-2.510860000E-6	-6.705570000E-8	2.606600000E+0	1.955843717E-1	5.888280000E+2
-2.808880000E-6	-3.799810000E-7	2.596200000E+0	1.955843717E-1	5.898930000E+2
-2.615170000E-6	-1.490130000E-8	2.581500000E+0	1.955843717E-1	5.920660000E+2
-2.272440000E-6	-6.333030000E-7	2.564300000E+0	1.955843717E-1	5.941590000E+2
-1.817950000E-6	-5.289950000E-7	2.546300000E+0	1.955843717E-1	5.962940000E+2
-1.400720000E-6	2.607720000E-7	2.532900000E+0	1.955843717E-1	5.984060000E+2
-1.639140000E-6	4.172340000E-7	2.521700000E+0	1.955843717E-1	5.994680000E+2
-1.586980000E-6	-6.705570000E-8	2.511700000E+0	1.955843717E-1	6.005630000E+2
-1.497570000E-6	2.980250000E-7	2.497500000E+0	1.955843717E-1	6.027010000E+2
-2.019120000E-6	6.035010000E-7	2.482700000E+0	1.955843717E-1	6.048260000E+2
-2.406550000E-6	4.693880000E-7	2.470100000E+0	1.955843717E-1	6.058790000E+2
-1.780700000E-6	-2.905740000E-7	2.456400000E+0	1.955843717E-1	6.080820000E+2
-2.369300000E-6	-7.450630000E-8	2.440100000E+0	1.955843717E-1	6.102060000E+2
-1.922260000E-6	9.685800000E-8	2.429300000E+0	1.955843717E-1	6.112940000E+2
-1.847750000E-6	-6.631050000E-7	2.415600000E+0	1.955843717E-1	6.133380000E+2
-2.831240000E-6	-5.438960000E-7	2.394400000E+0	1.955843717E-1	6.155230000E+2
-2.145780000E-6	-3.650800000E-7	2.381700000E+0	1.955843717E-1	6.176120000E+2
-1.885000000E-6	-3.203770000E-7	2.363800000E+0	1.955843717E-1	6.197590000E+2
-1.728540000E-6	-1.937160000E-7	2.353700000E+0	1.955843717E-1	6.208320000E+2
-2.250090000E-6	4.246850000E-7	2.339700000E+0	1.955843717E-1	6.229370000E+2
-2.704580000E-6	1.266610000E-7	2.322500000E+0	1.955843717E-1	6.250620000E+2
-2.600270000E-6	-1.639140000E-7	2.306200000E+0	1.955843717E-1	6.271990000E+2
-2.481060000E-6	-8.195680000E-8	2.289100000E+0	1.955843717E-1	6.293340000E+2
-2.570460000E-6	-7.450640000E-9	2.272100000E+0	1.955843717E-1	6.314850000E+2
-2.287340000E-6	-5.140940000E-7	2.255500000E+0	1.955843717E-1	6.336140000E+2
-2.041470000E-6	-2.831240000E-7	2.245300000E+0	1.955843717E-1	6.346700000E+2
-1.885000000E-6	-5.215430000E-8	2.231600000E+0	1.955843717E-1	6.368090000E+2
-1.750890000E-6	-1.490130000E-7	2.213600000E+0	1.955843717E-1	6.389650000E+2
-2.041470000E-6	-5.364450000E-7	2.196400000E+0	1.955843717E-1	6.411500000E+2
-2.488510000E-6	6.184020000E-7	2.181700000E+0	1.955843717E-1	6.431990000E+2
-1.855200000E-6	-1.788150000E-7	2.163100000E+0	1.955843717E-1	6.454250000E+2
-2.868490000E-6	4.768410000E-7	2.148500000E+0	1.955843717E-1	6.474990000E+2
-2.898290000E-6	-1.564630000E-7	2.129300000E+0	1.955843717E-1	6.496240000E+2
-2.555560000E-6	-9.238760000E-7	2.115400000E+0	1.955843717E-1	6.517510000E+2
-2.160680000E-6	-4.470370000E-7	2.096700000E+0	1.955843717E-1	6.538740000E+2
-1.780700000E-6	-3.501790000E-7	2.079800000E+0	1.955843717E-1	6.560050000E+2
-1.825400000E-6	-2.384200000E-7	2.064300000E+0	1.955843717E-1	6.581560000E+2
-1.631680000E-6	-5.811490000E-7	2.047700000E+0	1.955843717E-1	6.603120000E+2
-1.996770000E-6	-7.376110000E-7	2.030900000E+0	1.955843717E-1	6.624770000E+2
-2.980250000E-6	-2.980250000E-8	2.014100000E+0	1.955843717E-1	6.645370000E+2
-2.890840000E-6	4.172340000E-7	1.999100000E+0	1.955843717E-1	6.666910000E+2
-2.145780000E-6	5.587970000E-7	2.010300000E+0	1.955843717E-1	7.652010000E+2
-2.205390000E-6	5.513470000E-7	2.023100000E+0	1.955843717E-1	7.664610000E+2
-2.227740000E-6	-5.662480000E-7	2.033500000E+0	1.955843717E-1	7.676290000E+2
-2.138330000E-6	-5.289950000E-7	2.044000000E+0	1.955843717E-1	7.692250000E+2
-2.384200000E-6	2.607720000E-7	2.055600000E+0	1.955843717E-1	7.704290000E+2
-2.749280000E-6	2.905740000E-7	2.069400000E+0	1.955843717E-1	7.720130000E+2
-2.898290000E-6	4.470370000E-8	2.081200000E+0	1.955843717E-1	7.736150000E+2
-2.928090000E-6	-1.490130000E-7	2.091400000E+0	1.955843717E-1	7.746810000E+2
-2.481060000E-6	-7.376110000E-7	2.101900000E+0	1.955843717E-1	7.760740000E+2
-2.391650000E-6	4.917420000E-7	2.115800000E+0	1.955843717E-1	7.777600000E+2
-2.712030000E-6	-3.874320000E-7	2.127700000E+0	1.955843717E-1	7.789580000E+2
-2.793980000E-6	-5.513470000E-7	2.139200000E+0	1.955843717E-1	7.807460000E+2
-2.942990000E-6	-1.564630000E-7	2.151800000E+0	1.955843717E-1	7.820260000E+2
-1.832850000E-6	-2.607720000E-7	2.163500000E+0	1.955843717E-1	7.833740000E+2
-2.287340000E-6	3.799810000E-7	2.176600000E+0	1.955843717E-1	7.849600000E+2
-2.160680000E-6	-3.352780000E-7	2.192400000E+0	1.955843717E-1	7.868120000E+2
-1.907360000E-6	6.333030000E-7	2.204500000E+0	1.955843717E-1	7.885530000E+2
-2.414000000E-6	9.462270000E-7	2.215700000E+0	1.955843717E-1	7.897750000E+2
-2.861040000E-6	3.501790000E-7	2.227200000E+0	1.955843717E-1	7.910010000E+2
-1.765790000E-6	6.407540000E-7	2.238900000E+0	1.955843717E-1	7.926740000E+2
-2.726930000E-6	-8.195680000E-8	2.251800000E+0	1.955843717E-1	7.940510000E+2
-2.034020000E-6	2.011670000E-7	2.263600000E+0	1.955843717E-1	7.953570000E+2
-2.712030000E-6	-7.450640000E-9	2.275300000E+0	1.955843717E-1	7.971020000E+2
-2.667320000E-6	3.725310000E-7	2.286100000E+0	1.955843717E-1	7.983700000E+2
-1.758340000E-6	-1.937160000E-7	2.298300000E+0	1.955843717E-1	7.995400000E+2
-2.652420000E-6	4.023330000E-7	2.310600000E+0	1.955843717E-1	8.012390000E+2
-1.981870000E-6	4.917420000E-7	2.321300000E+0	1.955843717E-1	8.027100000E+2
-2.317150000E-6	-6.035010000E-7	2.331700000E+0	1.955843717E-1	8.035220000E+2
-2.525760000E-6	-6.482040000E-7	2.343500000E+0	1.955843717E-1	8.051420000E+2
-1.773250000E-6	0.000000000E+0	2.355100000E+0	1.955843717E-1	8.065030000E+2
-2.875940000E-6	-3.948830000E-7	2.365700000E+0	1.955843717E-1	8.076760000E+2
-2.689670000E-6	2.607720000E-7	2.377400000E+0	1.955843717E-1	8.089620000E+2
-2.473610000E-6	4.246850000E-7	2.392200000E+0	1.955843717E-1	8.111070000E+2
-2.592820000E-6	2.011670000E-7	2.404600000E+0	1.955843717E-1	8.123490000E+2
-2.600270000E-6	6.780060000E-7	2.416100000E+0	1.955843717E-1	8.136200000E+2
-2.272440000E-6	8.195680000E-7	2.426400000E+0	1.955843717E-1	8.152500000E+2
-1.780700000E-6	-1.937160000E-7	2.437200000E+0	1.955843717E-1	8.164190000E+2
-2.041470000E-6	-7.450630000E-8	2.448700000E+0	1.955843717E-1	8.175000000E+2
-2.272440000E-6	-1.341110000E-7	2.460600000E+0	1.955843717E-1	8.191150000E+2
-2.123430000E-6	-6.705570000E-8	2.473100000E+0	1.955843717E-1	8.209040000E+2
-2.846140000E-6	7.003580000E-7	2.485900000E+0	1.955843717E-1	8.220350000E+2
-1.296410000E-6	7.450620000E-7	2.498300000E+0	1.955843717E-1	8.239200000E+2
-1.557180000E-6	3.129260000E-7	2.509500000E+0	1.955843717E-1	8.253710000E+2
-2.756730000E-6	5.438960000E-7	2.524200000E+0	1.955843717E-1	8.266960000E+2
-1.937170000E-6	1.639140000E-7	2.538400000E+0	1.955843717E-1	8.284210000E+2
-1.832850000E-6	9.685800000E-8	2.549900000E+0	1.955843717E-1	8.302220000E+2
-2.630070000E-6	3.874320000E-7	2.560900000E+0	1.955843717E-1	8.313690000E+2
-1.378360000E-6	-2.086170000E-7	2.573900000E+0	1.955843717E-1	8.325400000E+2
-1.460320000E-6	-3.054760000E-7	2.585400000E+0	1.955843717E-1	8.341600000E+2
-2.615170000E-6	-1.415620000E-7	2.595400000E+0	1.955843717E-1	8.354870000E+2
-1.467770000E-6	9.685800000E-8	2.606900000E+0	1.955843717E-1	8.368300000E+2
-2.436350000E-6	1.788150000E-7	2.619700000E+0	1.955843717E-1	8.380070000E+2
-2.272440000E-6	-2.011670000E-7	2.631600000E+0	1.955843717E-1	8.397820000E+2
-1.244250000E-6	6.705570000E-8	2.645300000E+0	1.955843717E-1	8.414850000E+2
-1.870100000E-6	4.619380000E-7	2.658200000E+0	1.955843717E-1	8.427060000E+2
-2.406550000E-6	2.011670000E-7	2.668400000E+0	1.955843717E-1	8.439330000E+2
-1.221900000E-6	-4.991930000E-7	2.679300000E+0	1.955843717E-1	8.456420000E+2
-1.445420000E-6	2.756730000E-7	2.690300000E+0	1.955843717E-1	8.468410000E+2
-1.154850000E-6	8.940740000E-8	2.703200000E+0	1.955843717E-1	8.483060000E+2
-2.034020000E-6	4.917420000E-7	2.716100000E+0	1.955843717E-1	8.498890000E+2
-1.512480000E-6	5.960510000E-8	2.728600000E+0	1.955843717E-1	8.515400000E+2
-1.803050000E-6	5.662480000E-7	2.740000000E+0	1.955843717E-1	8.527580000E+2
-1.877550000E-6	5.662480000E-7	2.750100000E+0	1.955843717E-1	8.536460000E+2
-2.086180000E-6	5.066430000E-7	2.763200000E+0	1.955843717E-1	8.556190000E+2
-1.765790000E-6	-4.991930000E-7	2.775700000E+0	1.955843717E-1	8.569600000E+2
-2.063830000E-6	-7.450630000E-8	2.787800000E+0	1.955843717E-1	8.586230000E+2
-1.750890000E-6	4.768410000E-7	2.800900000E+0	1.955843717E-1	8.599090000E+2
-8.270180000E-7	2.533220000E-7	2.812600000E+0	1.955843717E-1	8.617490000E+2
-1.192100000E-6	-7.152590000E-7	2.824200000E+0	1.955843717E-1	8.628950000E+2
-1.296410000E-6	1.713640000E-7	2.838100000E+0	1.955843717E-1	8.644120000E+2
-1.452870000E-6	0.000000000E+0	2.849400000E+0	1.955843717E-1	8.656570000E+2
-8.121170000E-7	-2.980250000E-8	2.859800000E+0	1.955843717E-1	8.671260000E+2
-1.415620000E-6	1.192100000E-7	2.870500000E+0	1.955843717E-1	8.687030000E+2
-9.536820000E-7	-9.611320000E-7	2.882900000E+0	1.955843717E-1	8.698850000E+2
-7.674130000E-7	-5.215430000E-8	2.895600000E+0	1.955843717E-1	8.712550000E+2
-1.549730000E-6	1.639140000E-7	2.907000000E+0	1.955843717E-1	8.728320000E+2
-1.475220000E-6	-1.788150000E-7	2.919500000E+0	1.955843717E-1	8.744330000E+2
-2.384200000E-7	-5.960510000E-8	2.931300000E+0	1.955843717E-1	8.759080000E+2
2.384200000E-7	-1.937160000E-7	2.943600000E+0	1.955843717E-1	8.769970000E+2
-6.258520000E-7	-8.866230000E-7	2.955500000E+0	1.955843717E-1	8.786990000E+2
-2.011670000E-7	-8.344690000E-7	2.968600000E+0	1.955843717E-1	8.802840000E+2
-1.013290000E-6	-6.705570000E-8	2.981100000E+0	1.955843717E-1	8.815970000E+2
3.427290000E-7	7.450630000E-8	2.993000000E+0	1.955843717E-1	8.829320000E+2
5.066430000E-7	-3.874320000E-7	3.004100000E+0	1.955843717E-1	8.845630000E+2
6.109510000E-7	4.470370000E-8	3.016800000E+0	1.955843717E-1	8.861430000E+2
9.536820000E-7	-4.172340000E-7	3.029700000E+0	1.955843717E-1	8.874280000E+2
3.352780000E-7	-7.972160000E-7	3.040200000E+0	1.955843717E-1	8.885490000E+2
4.246850000E-7	4.544870000E-7	3.050500000E+0	1.955843717E-1	8.902410000E+2
1.095240000E-6	-2.607720000E-7	3.060800000E+0	1.955843717E-1	8.912190000E+2
1.005840000E-6	-2.607720000E-7	3.070900000E+0	1.955843717E-1	8.924770000E+2
5.662480000E-7	4.097840000E-7	3.081800000E+0	1.955843717E-1	8.940150000E+2
2.682230000E-7	-4.842910000E-7	3.094200000E+0	1.955843717E-1	8.952150000E+2
7.525120000E-7	2.607720000E-7	3.104800000E+0	1.955843717E-1	8.967020000E+2
2.980250000E-7	7.450640000E-9	3.116600000E+0	1.955843717E-1	8.979420000E+2
1.266610000E-7	-7.078090000E-7	3.128900000E+0	1.955843717E-1	8.995090000E+2
1.013290000E-6	-6.407540000E-7	3.140500000E+0	1.955843717E-1	9.007300000E+2
4.097840000E-7	3.352780000E-7	3.150500000E+0	1.955843717E-1	9.018930000E+2
0.000000000E+0	-2.831240000E-7	3.161600000E+0	1.955843717E-1	9.034640000E+2
8.717220000E-7	3.650800000E-7	3.173300000E+0	1.955843717E-1	9.048060000E+2
2.533220000E-7	-9.462270000E-7	3.188100000E+0	1.955843717E-1	9.066800000E+2
4.395860000E-7	-8.866230000E-7	3.200100000E+0	1.955843717E-1	9.077500000E+2
6.333030000E-7	2.309690000E-7	3.212100000E+0	1.955843717E-1	9.094650000E+2
1.043090000E-7	5.811490000E-7	3.225300000E+0	1.955843717E-1	9.110650000E+2
-1.862650000E-7	3.501790000E-7	3.245000000E+0	1.955843717E-1	9.131940000E+2
-1.341110000E-7	1.341110000E-7	3.257800000E+0	1.955843717E-1	9.148090000E+2
1.341110000E-7	3.054760000E-7	3.268400000E+0	1.955843717E-1	9.164260000E+2
4.917420000E-7	-5.811490000E-7	3.280400000E+0	1.955843717E-1	9.176180000E+2
2.682230000E-7	6.631050000E-7	3.295700000E+0	1.955843717E-1	9.194710000E+2
2.533220000E-7	3.278270000E-7	3.306600000E+0	1.955843717E-1	9.205260000E+2
4.619380000E-7	-1.639140000E-7	3.318400000E+0	1.955843717E-1	9.221260000E+2
1.356010000E-6	3.427290000E-7	3.330500000E+0	1.955843717E-1	9.240170000E+2
9.462270000E-7	7.376110000E-7	3.343200000E+0	1.955843717E-1	9.252490000E+2
6.929080000E-7	-3.203770000E-7	3.355800000E+0	1.955843717E-1	9.264070000E+2
6.705570000E-8	2.607720000E-7	3.368200000E+0	1.955843717E-1	9.280690000E+2
1.013290000E-6	-3.278270000E-7	3.379000000E+0	1.955843717E-1	9.295930000E+2
1.415620000E-7	8.940740000E-8	3.389400000E+0	1.955843717E-1	9.309630000E+2
-1.490130000E-8	-6.258520000E-7	3.402600000E+0	1.955843717E-1	9.321750000E+2
8.642710000E-7	0.000000000E+0	3.415300000E+0	1.955843717E-1	9.335000000E+2
8.344690000E-7	2.756730000E-7	3.427600000E+0	1.955843717E-1	9.354760000E+2
8.195680000E-8	-1.415620000E-7	3.439900000E+0	1.955843717E-1	9.366690000E+2
1.117590000E-6	4.172340000E-7	3.451100000E+0	1.955843717E-1	9.379890000E+2
1.259160000E-6	1.713640000E-7	3.461500000E+0	1.955843717E-1	9.396150000E+2
9.387770000E-7	7.301610000E-7	3.474600000E+0	1.955843717E-1	9.408500000E+2
1.266610000E-6	1.043090000E-7	3.484800000E+0	1.955843717E-1	9.421660000E+2
1.303860000E-6	7.078090000E-7	3.498500000E+0	1.955843717E-1	9.437380000E+2
1.393270000E-6	-3.725310000E-8	3.511300000E+0	1.955843717E-1	9.453750000E+2
2.458710000E-7	-1.639140000E-7	3.521500000E+0	1.955843717E-1	9.465310000E+2
1.050540000E-6	-5.662480000E-7	3.532800000E+0	1.955843717E-1	9.477370000E+2
4.321350000E-7	-5.736980000E-7	3.543200000E+0	1.955843717E-1	9.492220000E+2
1.937160000E-7	-7.227100000E-7	3.555300000E+0	1.955843717E-1	9.508340000E+2
7.003580000E-7	-1.020740000E-6	3.565800000E+0	1.955843717E-1	9.520480000E+2
4.470370000E-7	-1.057990000E-6	3.578100000E+0	1.955843717E-1	9.533130000E+2
9.760330000E-7	-7.078090000E-7	3.589000000E+0	1.955843717E-1	9.545440000E+2
5.438960000E-7	-2.384200000E-7	3.600400000E+0	1.955843717E-1	9.561890000E+2
1.303860000E-6	-2.309690000E-7	3.614300000E+0	1.955843717E-1	9.577780000E+2
1.512480000E-6	3.054760000E-7	3.624400000E+0	1.955843717E-1	9.589900000E+2
1.430520000E-6	-2.905740000E-7	3.636900000E+0	1.955843717E-1	9.608030000E+2
1.028190000E-6	2.309690000E-7	3.649900000E+0	1.955843717E-1	9.618460000E+2
1.251700000E-6	-3.948830000E-7	3.661500000E+0	1.955843717E-1	9.635010000E+2
4.693880000E-7	-8.568200000E-7	3.673500000E+0	1.955843717E-1	9.648040000E+2
1.244250000E-6	-4.842910000E-7	3.683700000E+0	1.955843717E-1	9.660070000E+2
7.748640000E-7	1.266610000E-7	3.694800000E+0	1.955843717E-1	9.675970000E+2
-1.490130000E-7	-2.980250000E-7	3.708600000E+0	1.955843717E-1	9.689540000E+2
8.642710000E-7	-4.395860000E-7	3.720900000E+0	1.955843717E-1	9.706920000E+2
8.419190000E-7	5.215440000E-7	3.732900000E+0	1.955843717E-1	9.718940000E+2
-1.564630000E-7	2.235180000E-7	3.745600000E+0	1.955843717E-1	9.734580000E+2
7.674130000E-7	4.842910000E-7	3.757700000E+0	1.955843717E-1	9.751200000E+2
2.607720000E-7	-5.736980000E-7	3.769300000E+0	1.955843717E-1	9.762900000E+2
1.274060000E-6	-3.948830000E-7	3.781600000E+0	1.955843717E-1	9.778550000E+2
1.385820000E-6	-3.278270000E-7	3.792300000E+0	1.955843717E-1	9.791050000E+2
2.980250000E-7	-5.811490000E-7	3.802400000E+0	1.955843717E-1	9.802470000E+2
3.203770000E-7	-9.685830000E-7	3.815600000E+0	1.955843717E-1	9.822080000E+2
-2.980250000E-7	-2.831240000E-7	3.828400000E+0	1.955843717E-1	9.833260000E+2
-3.129260000E-7	-4.693880000E-7	3.840700000E+0	1.955843717E-1	9.849280000E+2
3.203770000E-7	-8.270180000E-7	3.850800000E+0	1.955843717E-1	9.861480000E+2
9.015240000E-7	1.415620000E-7	3.862500000E+0	1.955843717E-1	9.873290000E+2
-8.940740000E-8	-4.023330000E-7	3.872500000E+0	1.955843717E-1	9.886910000E+2
8.419190000E-7	1.490130000E-8	3.883800000E+0	1.955843717E-1	9.904090000E+2
2.682230000E-7	8.493700000E-7	3.896000000E+0	1.955843717E-1	9.916120000E+2
1.341110000E-7	4.470370000E-7	3.910200000E+0	1.955843717E-1	9.932010000E+2
5.587970000E-7	-5.736980000E-7	3.921400000E+0	1.955843717E-1	9.944040000E+2
2.831240000E-7	-6.556550000E-7	3.934100000E+0	1.955843717E-1	9.960340000E+2
2.235180000E-7	-2.756730000E-7	3.945000000E+0	1.955843717E-1	9.976700000E+2
5.066430000E-7	5.811490000E-7	3.955500000E+0	1.955843717E-1	9.987780000E+2
-1.266610000E-7	4.991930000E-7	3.966000000E+0	1.955843717E-1	1.000015000E+3
-2.607720000E-7	2.756730000E-7	3.979900000E+0	1.955843717E-1	1.001452000E+3
4.991930000E-7	4.246850000E-7	3.990200000E+0	1.955843717E-1	1.002915000E+3
0.000000000E+0	-3.725310000E-8	4.001300000E+0	1.955843717E-1	1.004295000E+3
1.125040000E-6	-1.937160000E-7	4.015500000E+0	1.955843717E-1	1.005851000E+3
7.227100000E-7	8.195680000E-7	4.029100000E+0	1.955843717E-1	1.007583000E+3
6.705570000E-8	8.195680000E-7	4.040400000E+0	1.955843717E-1	1.008814000E+3
1.788150000E-7	2.160680000E-7	4.051400000E+0	1.955843717E-1	1.010031000E+3
1.244250000E-6	1.132500000E-6	4.065300000E+0	1.955843717E-1	1.011722000E+3
1.139950000E-6	9.983850000E-7	4.075700000E+0	1.955843717E-1	1.013344000E+3
1.788150000E-7	6.705570000E-8	4.086300000E+0	1.955843717E-1	1.014516000E+3
5.960510000E-8	-1.266610000E-7	4.097200000E+0	1.955843717E-1	1.015783000E+3
8.568200000E-7	-4.470370000E-7	4.110000000E+0	1.955843717E-1	1.016979000E+3
6.258520000E-7	-3.650800000E-7	4.123700000E+0	1.955843717E-1	1.018976000E+3
1.050540000E-6	5.886000000E-7	4.137300000E+0	1.955843717E-1	1.020690000E+3
3.501790000E-7	-3.427290000E-7	4.149400000E+0	1.955843717E-1	1.021869000E+3
7.301610000E-7	-6.705560000E-7	4.162300000E+0	1.955843717E-1	1.023468000E+3
9.834840000E-7	-8.791720000E-7	4.174200000E+0	1.955843717E-1	1.025063000E+3
1.564630000E-7	0.000000000E+0	4.187500000E+0	1.955843717E-1	1.026392000E+3
3.948830000E-7	-6.929080000E-7	4.199700000E+0	1.955843717E-1	1.028126000E+3
8.717220000E-7	1.117590000E-7	4.211200000E+0	1.955843717E-1	1.029321000E+3
1.564630000E-7	4.246850000E-7	4.221600000E+0	1.955843717E-1	1.030533000E+3
5.960510000E-8	-1.266610000E-7	4.232900000E+0	1.955843717E-1	1.032110000E+3
1.117590000E-7	-1.415620000E-7	4.243900000E+0	1.955843717E-1	1.033360000E+3
6.258520000E-7	4.693880000E-7	4.255100000E+0	1.955843717E-1	1.034662000E+3
1.788150000E-7	1.117590000E-7	4.270000000E+0	1.955843717E-1	1.036251000E+3
9.089740000E-7	-7.003580000E-7	4.281100000E+0	1.955843717E-1	1.037446000E+3
1.013290000E-6	-5.736980000E-7	4.291700000E+0	1.955843717E-1	1.039058000E+3
9.760330000E-7	-3.725310000E-7	4.303400000E+0	1.955843717E-1	1.040658000E+3
1.117590000E-7	4.097840000E-7	4.316000000E+0	1.955843717E-1	1.041999000E+3
-4.470370000E-8	-1.490130000E-8	4.328400000E+0	1.955843717E-1	1.043586000E+3
9.015240000E-7	-4.842910000E-7	4.341400000E+0	1.955843717E-1	1.044794000E+3
1.132500000E-6	8.940740000E-8	4.351600000E+0	1.955843717E-1	1.045991000E+3
2.831240000E-7	1.341110000E-7	4.363000000E+0	1.955843717E-1	1.047568000E+3
3.576300000E-7	-5.438960000E-7	4.374200000E+0	1.955843717E-1	1.049302000E+3
7.078090000E-7	4.395860000E-7	4.387100000E+0	1.955843717E-1	1.050648000E+3
0.000000000E+0	2.533220000E-7	4.400300000E+0	1.955843717E-1	1.051857000E+3
3.278270000E-7	-4.321350000E-7	4.411200000E+0	1.955843717E-1	1.053432000E+3
8.940730000E-7	-4.321350000E-7	4.422000000E+0	1.955843717E-1	1.054656000E+3
1.013290000E-6	7.450640000E-9	4.433700000E+0	1.955843717E-1	1.056252000E+3
9.760330000E-7	1.713640000E-7	4.445500000E+0	1.955843717E-1	1.057503000E+3
-4.470370000E-8	7.525120000E-7	4.459700000E+0	1.955843717E-1	1.059216000E+3
5.662480000E-7	-1.043090000E-7	4.471500000E+0	1.955843717E-1	1.060775000E+3
1.080340000E-6	4.842910000E-7	4.484000000E+0	1.955843717E-1	1.061963000E+3
4.470370000E-8	-2.607720000E-7	4.494300000E+0	1.955843717E-1	1.063319000E+3
6.631050000E-7	-5.662480000E-7	4.505800000E+0	1.955843717E-1	1.064912000E+3
1.393270000E-6	-1.415620000E-7	4.517500000E+0	1.955843717E-1	1.066122000E+3
8.866230000E-7	-3.203770000E-7	4.530100000E+0	1.955843717E-1	1.067765000E+3
6.333030000E-7	5.736980000E-7	4.541100000E+0	1.955843717E-1	1.068920000E+3
4.023330000E-7	-8.940740000E-8	4.552900000E+0	1.955843717E-1	1.070161000E+3
9.462270000E-7	-2.235190000E-8	4.563700000E+0	1.955843717E-1	1.071457000E+3
8.866230000E-7	3.725310000E-7	4.574700000E+0	1.955843717E-1	1.073082000E+3
1.132500000E-6	-2.235190000E-8	4.586400000E+0	1.955843717E-1	1.074717000E+3
1.110140000E-6	-5.140940000E-7	4.599000000E+0	1.955843717E-1	1.075996000E+3
2.235180000E-7	2.831240000E-7	4.610800000E+0	1.955843717E-1	1.077162000E+3
8.195680000E-8	-2.458710000E-7	4.622400000E+0	1.955843717E-1	1.078395000E+3
-1.043090000E-7	-3.874320000E-7	4.632700000E+0	1.955843717E-1	1.080010000E+3
0.000000000E+0	-7.450640000E-9	4.644900000E+0	1.955843717E-1	1.081625000E+3
1.169750000E-6	2.235190000E-8	4.656500000E+0	1.955843717E-1	1.082800000E+3
-1.564630000E-7	2.160680000E-7	4.666800000E+0	1.955843717E-1	1.083967000E+3
7.599630000E-7	4.470370000E-8	4.677000000E+0	1.955843717E-1	1.085303000E+3
-4.619380000E-7	-1.564630000E-7	4.688100000E+0	1.955843717E-1	1.086652000E+3
8.046660000E-7	-2.607720000E-7	4.699000000E+0	1.955843717E-1	1.087827000E+3
6.705560000E-7	4.693880000E-7	4.709400000E+0	1.955843717E-1	1.089040000E+3
7.152590000E-7	4.842910000E-7	4.720600000E+0	1.955843717E-1	1.090651000E+3
-1.490130000E-8	-7.450630000E-8	4.732300000E+0	1.955843717E-1	1.091848000E+3
1.639140000E-7	-3.129260000E-7	4.744700000E+0	1.955843717E-1	1.093444000E+3
5.066430000E-7	-4.619380000E-7	4.759100000E+0	1.955843717E-1	1.095039000E+3
5.960510000E-8	6.556550000E-7	4.771100000E+0	1.955843717E-1	1.096365000E+3
1.713640000E-7	7.674130000E-7	4.784200000E+0	1.955843717E-1	1.097984000E+3
5.662480000E-7	9.015240000E-7	4.795600000E+0	1.955843717E-1	1.099611000E+3
2.533220000E-7	9.983850000E-7	4.808300000E+0	1.955843717E-1	1.101215000E+3
-2.235190000E-8	2.533220000E-7	4.822300000E+0	1.955843717E-1	1.102789000E+3
1.192100000E-7	5.662480000E-7	4.832600000E+0	1.955843717E-1	1.103711000E+3
4.768410000E-7	-6.631050000E-7	4.843700000E+0	1.955843717E-1	1.104906000E+3
-4.470370000E-8	3.278270000E-7	4.856900000E+0	1.955843717E-1	1.106946000E+3
4.246850000E-7	-6.109510000E-7	4.869000000E+0	1.955843717E-1	1.108492000E+3
1.013290000E-6	-9.685800000E-8	4.881200000E+0	1.955843717E-1	1.109711000E+3
-1.043090000E-7	5.811490000E-7	4.891300000E+0	1.955843717E-1	1.110903000E+3
-2.980250000E-7	-8.195680000E-8	4.903900000E+0	1.955843717E-1	1.112656000E+3
1.013290000E-6	-1.490130000E-8	4.921000000E+0	1.955843717E-1	1.114378000E+3
6.258520000E-7	-4.991930000E-7	4.934000000E+0	1.955843717E-1	1.116025000E+3
8.344690000E-7	6.407540000E-7	4.944500000E+0	1.955843717E-1	1.117570000E+3
7.078090000E-7	7.301610000E-7	4.955500000E+0	1.955843717E-1	1.118807000E+3
6.556550000E-7	-2.458710000E-7	4.966000000E+0	1.955843717E-1	1.119985000E+3
9.611320000E-7	8.791720000E-7	4.981000000E+0	1.955843717E-1	1.121692000E+3
-1.415620000E-7	1.341110000E-7	4.992200000E+0	1.955843717E-1	1.122885000E+3
-9.685800000E-8	4.693880000E-7	5.005800000E+0	1.955843717E-1	1.124534000E+3
6.705570000E-8	-4.172340000E-7	5.016800000E+0	1.955843717E-1	1.126100000E+3
2.309690000E-7	-3.203770000E-7	5.028000000E+0	1.955843717E-1	1.127720000E+3
7.301610000E-7	-7.227100000E-7	5.040600000E+0	1.955843717E-1	1.128944000E+3
7.376110000E-7	4.768410000E-7	5.050900000E+0	1.955843717E-1	1.130114000E+3
4.619380000E-7	-4.917420000E-7	5.064800000E+0	1.955843717E-1	1.132016000E+3
1.378360000E-6	1.341110000E-7	5.076900000E+0	1.955843717E-1	1.133020000E+3
1.259160000E-6	-3.799810000E-7	5.088800000E+0	1.955843717E-1	1.134655000E+3
8.940730000E-7	-8.046660000E-7	5.099700000E+0	1.955843717E-1	1.136290000E+3
1.333660000E-6	-2.682230000E-7	5.111500000E+0	1.955843717E-1	1.137514000E+3
7.003580000E-7	-7.599630000E-7	5.125800000E+0	1.955843717E-1	1.139172000E+3
9.015240000E-7	3.501790000E-7	5.137000000E+0	1.955843717E-1	1.140348000E+3
5.662480000E-7	3.352780000E-7	5.148000000E+0	1.955843717E-1	1.141597000E+3
-1.266610000E-7	-1.490130000E-8	5.158100000E+0	1.955843717E-1	1.143170000E+3
6.109510000E-7	-6.929080000E-7	5.169900000E+0	1.955843717E-1	1.144547000E+3
8.717220000E-7	3.129260000E-7	5.184100000E+0	1.955843717E-1	1.146100000E+3
-2.235180000E-7	0.000000000E+0	5.194900000E+0	1.955843717E-1	1.147292000E+3
-2.235180000E-7	7.450640000E-9	5.207100000E+0	1.955843717E-1	1.148916000E+3
9.164250000E-7	-4.470370000E-7	5.218800000E+0	1.955843717E-1	1.150251000E+3
2.980250000E-8	1.266610000E-7	5.230000000E+0	1.955843717E-1	1.151435000E+3
5.215440000E-7	6.705560000E-7	5.242600000E+0	1.955843717E-1	1.153081000E+3
-2.235180000E-7	-2.011670000E-7	5.255000000E+0	1.955843717E-1	1.154631000E+3
4.097840000E-7	-4.619380000E-7	5.266800000E+0	1.955843717E-1	1.156225000E+3
2.905740000E-7	-3.427290000E-7	5.278100000E+0	1.955843717E-1	1.157499000E+3
1.274060000E-6	-5.960510000E-8	5.290700000E+0	1.955843717E-1	1.159044000E+3
8.791720000E-7	7.897650000E-7	5.303800000E+0	1.955843717E-1	1.160262000E+3
2.756730000E-7	-1.490130000E-8	5.314100000E+0	1.955843717E-1	1.161438000E+3
-1.117590000E-7	-1.341110000E-7	5.324800000E+0	1.955843717E-1	1.163065000E+3
1.035640000E-6	-2.607720000E-7	5.337500000E+0	1.955843717E-1	1.164782000E+3
2.607720000E-7	1.192100000E-7	5.350000000E+0	1.955843717E-1	1.165976000E+3
2.682230000E-7	2.235180000E-7	5.362600000E+0	1.955843717E-1	1.167578000E+3
3.054760000E-7	-6.109510000E-7	5.373000000E+0	1.955843717E-1	1.168962000E+3
2.533220000E-7	5.289950000E-7	5.385200000E+0	1.955843717E-1	1.170111000E+3
1.490130000E-7	5.662480000E-7	5.398100000E+0	1.955843717E-1	1.171723000E+3
3.278270000E-7	5.364450000E-7	5.410000000E+0	1.955843717E-1	1.173340000E+3
1.341110000E-7	9.685800000E-8	5.424100000E+0	1.955843717E-1	1.174942000E+3
7.450630000E-8	-1.117590000E-7	5.434300000E+0	1.955843717E-1	1.176189000E+3
-7.450630000E-8	-4.544870000E-7	5.444400000E+0	1.955843717E-1	1.177424000E+3
-1.341110000E-7	-7.450640000E-9	5.456200000E+0	1.955843717E-1	1.178689000E+3
9.015240000E-7	4.470370000E-7	5.468000000E+0	1.955843717E-1	1.180005000E+3
1.199550000E-6	2.980250000E-8	5.480000000E+0	1.955843717E-1	1.181625000E+3
4.619380000E-7	1.043090000E-7	5.492200000E+0	1.955843717E-1	1.183193000E+3
6.705570000E-8	-3.278270000E-7	5.505200000E+0	1.955843717E-1	1.184777000E+3
-7.450630000E-8	-3.129260000E-7	5.515500000E+0	1.955843717E-1	1.186021000E+3
8.195680000E-7	5.587970000E-7	5.527800000E+0	1.955843717E-1	1.187177000E+3
1.043090000E-7	3.352780000E-7	5.539100000E+0	1.955843717E-1	1.188396000E+3
-2.980250000E-7	-5.215430000E-8	5.550100000E+0	1.955843717E-1	1.189996000E+3
5.140940000E-7	-8.046660000E-7	5.560100000E+0	1.955843717E-1	1.191189000E+3
4.768410000E-7	-6.780060000E-7	5.571200000E+0	1.955843717E-1	1.192811000E+3
6.333030000E-7	6.258520000E-7	5.583800000E+0	1.955843717E-1	1.193986000E+3
6.854570000E-7	6.780060000E-7	5.597300000E+0	1.955843717E-1	1.195608000E+3
7.227100000E-7	6.705560000E-7	5.609500000E+0	1.955843717E-1	1.197212000E+3
2.458710000E-7	7.897650000E-7	5.619600000E+0	1.955843717E-1	1.198452000E+3
-6.705570000E-8	-8.940740000E-8	5.633200000E+0	1.955843717E-1	1.199832000E+3
-7.450630000E-8	-1.341110000E-7	5.645800000E+0	1.955843717E-1	1.201450000E+3
2.607720000E-7	-3.725310000E-7	5.656800000E+0	1.955843717E-1	1.203050000E+3
5.215430000E-8	-8.195680000E-8	5.668100000E+0	1.955843717E-1	1.204340000E+3
9.909340000E-7	-1.937160000E-7	5.681200000E+0	1.955843717E-1	1.205862000E+3
-5.215430000E-8	3.799810000E-7	5.692500000E+0	1.955843717E-1	1.207059000E+3
-1.788150000E-7	5.289950000E-7	5.704400000E+0	1.955843717E-1	1.208304000E+3
-2.086170000E-7	1.862650000E-7	5.714800000E+0	1.955843717E-1	1.209893000E+3
8.866230000E-7	0.000000000E+0	5.725300000E+0	1.955843717E-1	1.211089000E+3
1.862650000E-7	6.109510000E-7	5.737700000E+0	1.955843717E-1	1.212799000E+3
1.117590000E-6	-1.937160000E-7	5.751000000E+0	1.955843717E-1	1.214123000E+3
7.599630000E-7	-5.662480000E-7	5.763700000E+0	1.955843717E-1	1.215773000E+3
5.364450000E-7	5.736980000E-7	5.773800000E+0	1.955843717E-1	1.216930000E+3
4.395860000E-7	-5.886000000E-7	5.786200000E+0	1.955843717E-1	1.218125000E+3
2.384200000E-7	-1.490130000E-7	5.796900000E+0	1.955843717E-1	1.219781000E+3
6.929080000E-7	-1.207000000E-6	5.807400000E+0	1.955843717E-1	1.220987000E+3
1.221900000E-6	-1.415620000E-7	5.818700000E+0	1.955843717E-1	1.222525000E+3
1.117590000E-7	-5.513470000E-7	5.831100000E+0	1.955843717E-1	1.223710000E+3
1.862650000E-7	3.129260000E-7	5.843700000E+0	1.955843717E-1	1.225348000E+3
2.533220000E-7	-4.395860000E-7	5.857400000E+0	1.955843717E-1	1.226916000E+3
1.072890000E-6	-7.450640000E-9	5.869500000E+0	1.955843717E-1	1.228114000E+3
9.313260000E-7	-3.203770000E-7	5.882100000E+0	1.955843717E-1	1.229732000E+3
9.462270000E-7	1.862650000E-7	5.892200000E+0	1.955843717E-1	1.230970000E+3
-1.415620000E-7	-3.576300000E-7	5.904500000E+0	1.955843717E-1	1.232673000E+3
-2.011670000E-7	-3.650800000E-7	5.917900000E+0	1.955843717E-1	1.234284000E+3
-1.266610000E-7	1.117590000E-7	5.928100000E+0	1.955843717E-1	1.235736000E+3
4.768410000E-7	-3.054760000E-7	5.941100000E+0	1.955843717E-1	1.236770000E+3
1.095240000E-6	7.152590000E-7	5.951400000E+0	1.955843717E-1	1.237967000E+3
1.199550000E-6	2.160680000E-7	5.963300000E+0	1.955843717E-1	1.239603000E+3
1.281510000E-6	7.674130000E-7	5.976200000E+0	1.955843717E-1	1.241176000E+3
1.207000000E-6	5.886000000E-7	5.988400000E+0	1.955843717E-1	1.242777000E+3
6.035010000E-7	-5.215430000E-8	6.000500000E+0	1.955843717E-1	1.243984000E+3
1.430520000E-6	5.960500000E-7	6.011300000E+0	1.955843717E-1	1.245310000E+3
1.229350000E-6	0.000000000E+0	6.023600000E+0	1.955843717E-1	1.246949000E+3
1.169750000E-6	1.341110000E-7	6.037400000E+0	1.955843717E-1	1.248566000E+3
7.599630000E-7	9.164250000E-7	6.048000000E+0	1.955843717E-1	1.249780000E+3
1.080340000E-6	3.501790000E-7	6.058800000E+0	1.955843717E-1	1.251068000E+3
9.238760000E-7	6.109510000E-7	6.070400000E+0	1.955843717E-1	1.252658000E+3
4.023330000E-7	4.917420000E-7	6.082700000E+0	1.955843717E-1	1.253870000E+3
1.639140000E-7	1.862650000E-7	6.096100000E+0	1.955843717E-1	1.255459000E+3
2.086170000E-7	-2.458710000E-7	6.108400000E+0	1.955843717E-1	1.257055000E+3
-3.725310000E-8	-5.960510000E-8	6.121100000E+0	1.955843717E-1	1.258689000E+3
8.046660000E-7	-5.364450000E-7	6.132500000E+0	1.955843717E-1	1.259899000E+3
2.011670000E-7	2.905740000E-7	6.142900000E+0	1.955843717E-1	1.261049000E+3
5.215440000E-7	5.886000000E-7	6.153800000E+0	1.955843717E-1	1.262700000E+3
3.129260000E-7	-5.066430000E-7	6.165400000E+0	1.955843717E-1	1.263857000E+3
5.289950000E-7	7.599630000E-7	6.175500000E+0	1.955843717E-1	1.265032000E+3
7.450640000E-9	3.799810000E-7	6.185800000E+0	1.955843717E-1	1.266243000E+3
9.760330000E-7	5.886000000E-7	6.196200000E+0	1.955843717E-1	1.267731000E+3
1.117590000E-7	4.544870000E-7	6.209000000E+0	1.955843717E-1	1.268945000E+3
5.960510000E-8	-3.203770000E-7	6.222600000E+0	1.955843717E-1	1.270531000E+3
5.215430000E-8	1.117590000E-7	6.234500000E+0	1.955843717E-1	1.272164000E+3
-9.685800000E-8	4.395860000E-7	6.246100000E+0	1.955843717E-1	1.273784000E+3
-2.682230000E-7	4.246850000E-7	6.260500000E+0	1.955843717E-1	1.275572000E+3
4.768410000E-7	5.215440000E-7	6.272100000E+0	1.955843717E-1	1.276689000E+3
-2.235180000E-7	-3.576300000E-7	6.284000000E+0	1.955843717E-1	1.278243000E+3
5.886000000E-7	-3.501790000E-7	6.296100000E+0	1.955843717E-1	1.279444000E+3
7.227100000E-7	5.215430000E-8	6.307100000E+0	1.955843717E-1	1.280677000E+3
2.458710000E-7	4.321350000E-7	6.321000000E+0	1.955843717E-1	1.282413000E+3
4.023330000E-7	-4.768410000E-7	6.333000000E+0	1.955843717E-1	1.283969000E+3
5.066430000E-7	7.450630000E-8	6.343600000E+0	1.955843717E-1	1.285611000E+3
1.087790000E-6	-6.109510000E-7	6.355600000E+0	1.955843717E-1	1.286814000E+3
1.020740000E-6	-8.195680000E-7	6.368500000E+0	1.955843717E-1	1.288428000E+3
1.296410000E-6	9.685800000E-8	6.380900000E+0	1.955843717E-1	1.289625000E+3
2.533220000E-7	1.862650000E-7	6.396000000E+0	1.955843717E-1	1.291364000E+3
1.043090000E-7	-2.980250000E-7	6.408200000E+0	1.955843717E-1	1.292948000E+3
-1.117590000E-7	-2.086170000E-7	6.419900000E+0	1.955843717E-1	1.294569000E+3
9.462270000E-7	-3.427290000E-7	6.433100000E+0	1.955843717E-1	1.296117000E+3
3.054760000E-7	4.395860000E-7	6.444800000E+0	1.955843717E-1	1.297303000E+3
7.897650000E-7	5.215430000E-8	6.456900000E+0	1.955843717E-1	1.298952000E+3
-1.117590000E-7	-3.427290000E-7	6.470900000E+0	1.955843717E-1	1.300502000E+3
7.003580000E-7	-9.313260000E-7	6.481600000E+0	1.955843717E-1	1.301690000E+3
5.960500000E-7	-8.866230000E-7	6.494100000E+0	1.955843717E-1	1.303317000E+3
4.172340000E-7	-5.736980000E-7	6.506300000E+0	1.955843717E-1	1.304927000E+3
-3.278270000E-7	1.862650000E-7	6.519100000E+0	1.955843717E-1	1.306244000E+3
2.533220000E-7	-4.544870000E-7	6.529500000E+0	1.955843717E-1	1.307455000E+3
1.259160000E-6	-2.905740000E-7	6.542000000E+0	1.955843717E-1	1.309032000E+3
1.035640000E-6	-6.854570000E-7	6.554000000E+0	1.955843717E-1	1.310672000E+3
1.266610000E-6	2.458710000E-7	6.564300000E+0	1.955843717E-1	1.311868000E+3
1.639140000E-7	-1.490130000E-8	6.575300000E+0	1.955843717E-1	1.313063000E+3
8.642710000E-7	3.203770000E-7	6.585800000E+0	1.955843717E-1	1.314356000E+3
1.460320000E-6	-2.458710000E-7	6.597400000E+0	1.955843717E-1	1.315841000E+3
5.140940000E-7	4.395860000E-7	6.609700000E+0	1.955843717E-1	1.317044000E+3
7.897650000E-7	5.140940000E-7	6.620600000E+0	1.955843717E-1	1.318498000E+3
5.662480000E-7	4.544870000E-7	6.630800000E+0	1.955843717E-1	1.319752000E+3
-3.501790000E-7	-3.799810000E-7	6.643000000E+0	1.955843717E-1	1.321295000E+3
-4.395860000E-7	-1.639140000E-7	6.655700000E+0	1.955843717E-1	1.322906000E+3
-2.235190000E-8	-3.725310000E-7	6.666400000E+0	1.955843717E-1	1.324141000E+3
5.960510000E-8	-4.470370000E-7	6.681300000E+0	1.955843717E-1	1.325760000E+3
5.587970000E-7	-4.321350000E-7	6.692600000E+0	1.955843717E-1	1.326992000E+3
6.109510000E-7	5.886000000E-7	6.702900000E+0	1.955843717E-1	1.328542000E+3
2.309690000E-7	-2.309690000E-7	6.714600000E+0	1.955843717E-1	1.329710000E+3
1.050540000E-6	-1.862650000E-7	6.726900000E+0	1.955843717E-1	1.331295000E+3
8.717220000E-7	-4.023330000E-7	6.739200000E+0	1.955843717E-1	1.332904000E+3
9.462270000E-7	-5.140940000E-7	6.751400000E+0	1.955843717E-1	1.334156000E+3
2.458710000E-7	2.533220000E-7	6.766900000E+0	1.955843717E-1	1.336235000E+3
1.862650000E-7	2.682230000E-7	6.780800000E+0	1.955843717E-1	1.337835000E+3
4.395860000E-7	-5.140940000E-7	6.791900000E+0	1.955843717E-1	1.339034000E+3
0.000000000E+0	8.195680000E-8	6.803100000E+0	1.955843717E-1	1.340321000E+3
7.823150000E-7	7.376110000E-7	6.814800000E+0	1.955843717E-1	1.341815000E+3
1.251700000E-6	2.309690000E-7	6.828500000E+0	1.955843717E-1	1.343448000E+3
3.948830000E-7	-5.215440000E-7	6.841200000E+0	1.955843717E-1	1.344788000E+3
1.043090000E-6	-3.576300000E-7	6.854700000E+0	1.955843717E-1	1.346358000E+3
1.177200000E-6	-2.160680000E-7	6.867100000E+0	1.955843717E-1	1.347966000E+3
6.407540000E-7	-6.035010000E-7	6.878700000E+0	1.955843717E-1	1.349612000E+3
1.117590000E-6	-9.685800000E-8	6.892200000E+0	1.955843717E-1	1.351188000E+3
9.387770000E-7	5.140940000E-7	6.902700000E+0	1.955843717E-1	1.352406000E+3
3.799810000E-7	3.576300000E-7	6.914900000E+0	1.955843717E-1	1.353981000E+3
7.674130000E-7	-5.066430000E-7	6.927800000E+0	1.955843717E-1	1.355176000E+3
6.035010000E-7	-4.246850000E-7	6.938200000E+0	1.955843717E-1	1.356428000E+3
5.811490000E-7	-6.705570000E-8	6.950200000E+0	1.955843717E-1	1.358023000E+3
-1.117590000E-7	4.023330000E-7	6.963600000E+0	1.955843717E-1	1.359702000E+3
2.905740000E-7	-2.980250000E-7	6.976800000E+0	1.955843717E-1	1.361284000E+3
8.419190000E-7	-2.756730000E-7	6.987500000E+0	1.955843717E-1	1.362501000E+3
1.192100000E-6	-6.705570000E-8	7.001100000E+0	1.955843717E-1	1.364101000E+3
