20251106_HM499GaHf2Nb_chiAC_vs_T_B_1T.001.txt Thu, Nov 6, 2025 4:13:46 PM Gabriele
Magnet: None
Trigger spacing of 0.010000 on column #3
Offsets:	0.000000000E+0	0.000000000E+0	0.000000000E+0	0.000000000E+0	0.000000000E+0

Scale Factors:	1.000000000E+0	1.000000000E+0	1.000000000E+0	1.000000000E+0	1.000000000E+0


Lockin_V_001	Chan2_V_001	Temperature_001	Field_001	Timestamp_001
4.693880000E-7	-7.450640000E-9	7.998500000E+0	9.999551758E+3	2.900000000E-2
3.203770000E-7	-3.799810000E-7	7.987600000E+0	9.999551758E+3	3.883100000E+1
3.278270000E-7	1.490130000E-7	7.976900000E+0	9.999551758E+3	4.001500000E+1
3.427290000E-7	1.564630000E-7	7.966200000E+0	9.999551758E+3	4.126800000E+1
3.203770000E-7	-3.278270000E-7	7.951800000E+0	9.999551758E+3	4.259200000E+1
8.195680000E-8	-3.203770000E-7	7.941700000E+0	9.999551758E+3	4.352100000E+1
2.905740000E-7	-3.874320000E-7	7.929500000E+0	9.999551758E+3	4.474700000E+1
2.905740000E-7	-3.501790000E-7	7.918200000E+0	9.999551758E+3	4.600700000E+1
3.054760000E-7	-3.650800000E-7	7.908000000E+0	9.999551758E+3	4.761900000E+1
1.713640000E-7	-2.905740000E-7	7.894200000E+0	9.999551758E+3	4.908700000E+1
4.470370000E-8	-3.203770000E-7	7.881800000E+0	9.999551758E+3	5.069700000E+1
5.960510000E-8	1.192100000E-7	7.871600000E+0	9.999551758E+3	5.164100000E+1
-2.235190000E-8	-1.490130000E-7	7.860700000E+0	9.999551758E+3	5.286600000E+1
-7.450640000E-9	-8.195680000E-8	7.847900000E+0	9.999551758E+3	5.467500000E+1
1.713640000E-7	-3.352780000E-7	7.837300000E+0	9.999551758E+3	5.589000000E+1
2.384200000E-7	1.862650000E-7	7.826800000E+0	9.999551758E+3	5.721600000E+1
6.705570000E-8	-2.011670000E-7	7.815400000E+0	9.999551758E+3	5.860200000E+1
3.278270000E-7	7.450630000E-8	7.802600000E+0	9.999551758E+3	5.992800000E+1
3.054760000E-7	-3.874320000E-7	7.792200000E+0	9.999551758E+3	6.107500000E+1
1.788150000E-7	8.195680000E-8	7.777700000E+0	9.999551758E+3	6.295900000E+1
1.713640000E-7	8.940740000E-8	7.765400000E+0	9.999551758E+3	6.457300000E+1
2.533220000E-7	-4.023330000E-7	7.751900000E+0	9.999551758E+3	6.592800000E+1
-5.215430000E-8	-1.341110000E-7	7.741100000E+0	9.999551758E+3	6.722800000E+1
4.172340000E-7	-3.725310000E-8	7.729400000E+0	9.999551758E+3	6.856500000E+1
3.203770000E-7	5.960510000E-8	7.717800000E+0	9.999551758E+3	7.014700000E+1
4.395860000E-7	-5.215430000E-8	7.706800000E+0	9.999551758E+3	7.161100000E+1
9.685800000E-8	1.117590000E-7	7.696200000E+0	9.999551758E+3	7.281500000E+1
2.756730000E-7	-3.874320000E-7	7.684100000E+0	9.999551758E+3	7.417400000E+1
3.427290000E-7	9.685800000E-8	7.672900000E+0	9.999551758E+3	7.553800000E+1
1.192100000E-7	-2.607720000E-7	7.659500000E+0	9.999551758E+3	7.688800000E+1
3.278270000E-7	5.960510000E-8	7.647700000E+0	9.999551758E+3	7.858700000E+1
-2.980250000E-8	-1.341110000E-7	7.636000000E+0	9.999551758E+3	7.996600000E+1
4.395860000E-7	-3.427290000E-7	7.624500000E+0	9.999551758E+3	8.115100000E+1
4.619380000E-7	-2.458710000E-7	7.614100000E+0	9.999551758E+3	8.257700000E+1
4.619380000E-7	-1.341110000E-7	7.600400000E+0	9.999551758E+3	8.417900000E+1
2.831240000E-7	-4.544870000E-7	7.587700000E+0	9.999551758E+3	8.548100000E+1
3.799810000E-7	1.043090000E-7	7.576000000E+0	9.999551758E+3	8.684400000E+1
2.533220000E-7	-4.395860000E-7	7.563900000E+0	9.999551758E+3	8.817100000E+1
3.874320000E-7	-2.905740000E-7	7.552400000E+0	9.999551758E+3	8.976300000E+1
-6.705570000E-8	8.195680000E-8	7.538900000E+0	9.999551758E+3	9.164300000E+1
2.756730000E-7	1.937160000E-7	7.527900000E+0	9.999551758E+3	9.311900000E+1
0.000000000E+0	-1.862650000E-7	7.515100000E+0	9.999551758E+3	9.430900000E+1
2.607720000E-7	-4.023330000E-7	7.502700000E+0	9.999551758E+3	9.623900000E+1
2.831240000E-7	8.195680000E-8	7.490700000E+0	9.999551758E+3	9.723500000E+1
2.905740000E-7	8.940740000E-8	7.478100000E+0	9.999551758E+3	9.885000000E+1
3.650800000E-7	8.940740000E-8	7.464700000E+0	9.999551758E+3	1.002960000E+2
1.266610000E-7	-3.278270000E-7	7.450300000E+0	9.999551758E+3	1.021790000E+2
3.129260000E-7	-3.948830000E-7	7.437100000E+0	9.999551758E+3	1.037680000E+2
8.940740000E-8	-2.235190000E-8	7.425900000E+0	9.999551758E+3	1.051040000E+2
4.768410000E-7	-2.831240000E-7	7.413300000E+0	9.999551758E+3	1.064370000E+2
1.117590000E-7	6.705570000E-8	7.400200000E+0	9.999551758E+3	1.081590000E+2
2.905740000E-7	-3.278270000E-7	7.388600000E+0	9.999551758E+3	1.095190000E+2
-6.705570000E-8	1.117590000E-7	7.375100000E+0	9.999551758E+3	1.108390000E+2
3.129260000E-7	-2.905740000E-7	7.363300000E+0	9.999551758E+3	1.125590000E+2
2.980250000E-7	1.862650000E-7	7.352000000E+0	9.999551758E+3	1.139270000E+2
4.395860000E-7	-1.490130000E-8	7.341200000E+0	9.999551758E+3	1.153980000E+2
3.129260000E-7	8.940740000E-8	7.330300000E+0	9.999551758E+3	1.164420000E+2
2.831240000E-7	-3.576300000E-7	7.316300000E+0	9.999551758E+3	1.182950000E+2
3.948830000E-7	9.685800000E-8	7.303500000E+0	9.999551758E+3	1.195000000E+2
1.043090000E-7	-3.874320000E-7	7.292000000E+0	9.999551758E+3	1.210190000E+2
4.470370000E-7	-3.874320000E-7	7.279600000E+0	9.999551758E+3	1.226010000E+2
2.533220000E-7	0.000000000E+0	7.265500000E+0	9.999551758E+3	1.244890000E+2
3.054760000E-7	-4.321350000E-7	7.254200000E+0	9.999551758E+3	1.256650000E+2
6.705570000E-8	-5.960510000E-8	7.242200000E+0	9.999551758E+3	1.269860000E+2
5.066430000E-7	-1.341110000E-7	7.231100000E+0	9.999551758E+3	1.283090000E+2
5.960510000E-8	-2.980250000E-8	7.220900000E+0	9.999551758E+3	1.296740000E+2
4.619380000E-7	-2.086170000E-7	7.208500000E+0	9.999551758E+3	1.308320000E+2
3.501790000E-7	1.266610000E-7	7.195700000E+0	9.999551758E+3	1.327590000E+2
4.544870000E-7	-3.874320000E-7	7.184500000E+0	9.999551758E+3	1.338960000E+2
8.940740000E-8	-5.215430000E-8	7.174000000E+0	9.999551758E+3	1.352340000E+2
2.011670000E-7	-3.725310000E-7	7.163700000E+0	9.999551758E+3	1.366190000E+2
1.490130000E-8	-5.215430000E-8	7.150800000E+0	9.999551758E+3	1.379240000E+2
5.066430000E-7	-2.905740000E-7	7.138900000E+0	9.999551758E+3	1.392750000E+2
1.788150000E-7	4.470370000E-8	7.126500000E+0	9.999551758E+3	1.409840000E+2
5.066430000E-7	-1.043090000E-7	7.113800000E+0	9.999551758E+3	1.428310000E+2
5.364450000E-7	-1.862650000E-7	7.102100000E+0	9.999551758E+3	1.441060000E+2
4.097840000E-7	8.195680000E-8	7.090800000E+0	9.999551758E+3	1.455000000E+2
1.043090000E-7	3.725310000E-8	7.078100000E+0	9.999551758E+3	1.467250000E+2
5.364450000E-7	-7.450640000E-9	7.065300000E+0	9.999551758E+3	1.480420000E+2
5.140940000E-7	-9.685800000E-8	7.052700000E+0	9.999551758E+3	1.496520000E+2
8.940740000E-8	-2.831240000E-7	7.039000000E+0	9.999551758E+3	1.515340000E+2
4.693880000E-7	-3.874320000E-7	7.028300000E+0	9.999551758E+3	1.527380000E+2
2.905740000E-7	-3.948830000E-7	7.016000000E+0	9.999551758E+3	1.541900000E+2
4.470370000E-8	-6.705570000E-8	7.003200000E+0	9.999551758E+3	1.560400000E+2
1.862650000E-7	9.685800000E-8	6.991900000E+0	9.999551758E+3	1.571410000E+2
4.991930000E-7	-4.470370000E-8	6.981500000E+0	9.999551758E+3	1.580790000E+2
4.768410000E-7	-3.203770000E-7	6.969900000E+0	9.999551758E+3	1.593730000E+2
5.886000000E-7	-3.278270000E-7	6.958900000E+0	9.999551758E+3	1.609800000E+2
2.905740000E-7	-4.172340000E-7	6.947000000E+0	9.999551758E+3	1.624420000E+2
1.192100000E-7	-1.490130000E-8	6.935900000E+0	9.999551758E+3	1.643030000E+2
4.842910000E-7	-3.799810000E-7	6.925200000E+0	9.999551758E+3	1.651090000E+2
5.960510000E-8	-1.341110000E-7	6.900800000E+0	9.999551758E+3	1.680560000E+2
5.140940000E-7	-3.874320000E-7	6.885400000E+0	9.999551758E+3	1.699560000E+2
2.533220000E-7	2.980250000E-8	6.874100000E+0	9.999551758E+3	1.711310000E+2
3.054760000E-7	6.705570000E-8	6.861200000E+0	9.999551758E+3	1.725800000E+2
4.991930000E-7	5.215430000E-8	6.849000000E+0	9.999551758E+3	1.742110000E+2
4.768410000E-7	-3.352780000E-7	6.837400000E+0	9.999551758E+3	1.755180000E+2
1.192100000E-7	-3.203770000E-7	6.826400000E+0	9.999551758E+3	1.775360000E+2
5.960510000E-8	-2.086170000E-7	6.813200000E+0	9.999551758E+3	1.786340000E+2
3.725310000E-7	-3.501790000E-7	6.802500000E+0	9.999551758E+3	1.801960000E+2
4.395860000E-7	-3.576300000E-7	6.789100000E+0	9.999551758E+3	1.812560000E+2
5.215430000E-8	-5.215430000E-8	6.776800000E+0	9.999551758E+3	1.825950000E+2
2.831240000E-7	-4.172340000E-7	6.765600000E+0	9.999551758E+3	1.843420000E+2
4.395860000E-7	5.960510000E-8	6.753000000E+0	9.999551758E+3	1.856910000E+2
1.862650000E-7	6.705570000E-8	6.714000000E+0	9.999551758E+3	1.906900000E+2
1.713640000E-7	5.960510000E-8	6.703100000E+0	9.999551758E+3	1.917730000E+2
3.725310000E-8	-1.862650000E-7	6.689900000E+0	9.999551758E+3	1.935200000E+2
3.278270000E-7	-4.470370000E-7	6.679400000E+0	9.999551758E+3	1.945480000E+2
3.501790000E-7	7.450630000E-8	6.668300000E+0	9.999551758E+3	1.959120000E+2
5.960500000E-7	-1.192100000E-7	6.656100000E+0	9.999551758E+3	1.970240000E+2
1.862650000E-7	-3.501790000E-7	6.643900000E+0	9.999551758E+3	1.988710000E+2
4.172340000E-7	-3.203770000E-7	6.633800000E+0	9.999551758E+3	2.000940000E+2
4.172340000E-7	-3.054760000E-7	6.623600000E+0	9.999551758E+3	2.015310000E+2
5.215440000E-7	-2.086170000E-7	6.610800000E+0	9.999551758E+3	2.027710000E+2
5.215440000E-7	-3.650800000E-7	6.600100000E+0	9.999551758E+3	2.040390000E+2
1.490130000E-8	-1.341110000E-7	6.588900000E+0	9.999551758E+3	2.053700000E+2
4.991930000E-7	-1.639140000E-7	6.578300000E+0	9.999551758E+3	2.067060000E+2
5.662480000E-7	-6.705570000E-8	6.563500000E+0	9.999551758E+3	2.084910000E+2
4.544870000E-7	-3.129260000E-7	6.551100000E+0	9.999551758E+3	2.097760000E+2
2.905740000E-7	-4.172340000E-7	6.537500000E+0	9.999551758E+3	2.115990000E+2
4.768410000E-7	-3.501790000E-7	6.527200000E+0	9.999551758E+3	2.128320000E+2
4.395860000E-7	1.490130000E-8	6.514000000E+0	9.999551758E+3	2.145790000E+2
2.980250000E-8	-1.043090000E-7	6.502300000E+0	9.999551758E+3	2.159660000E+2
5.215430000E-8	-6.705570000E-8	6.491800000E+0	9.999551758E+3	2.172270000E+2
1.266610000E-7	-3.650800000E-7	6.479700000E+0	9.999551758E+3	2.184370000E+2
-1.490130000E-8	-2.384200000E-7	6.466300000E+0	9.999551758E+3	2.198900000E+2
5.289950000E-7	-1.713640000E-7	6.453800000E+0	9.999551758E+3	2.217810000E+2
5.438960000E-7	-7.450640000E-9	6.440700000E+0	9.999551758E+3	2.230240000E+2
3.725310000E-8	-3.725310000E-8	6.426000000E+0	9.999551758E+3	2.251110000E+2
2.533220000E-7	-3.799810000E-7	6.412500000E+0	9.999551758E+3	2.268490000E+2
2.533220000E-7	1.192100000E-7	6.400400000E+0	9.999551758E+3	2.281960000E+2
4.097840000E-7	-1.490130000E-8	6.389800000E+0	9.999551758E+3	2.296550000E+2
8.940740000E-8	-2.831240000E-7	6.376000000E+0	9.999551758E+3	2.308250000E+2
2.980250000E-7	-3.352780000E-7	6.365000000E+0	9.999551758E+3	2.322220000E+2
-5.215430000E-8	-2.086170000E-7	6.354000000E+0	9.999551758E+3	2.335330000E+2
1.937160000E-7	7.450630000E-8	6.343100000E+0	9.999551758E+3	2.348290000E+2
3.129260000E-7	1.117590000E-7	6.332700000E+0	9.999551758E+3	2.360940000E+2
2.980250000E-8	-5.215430000E-8	6.322000000E+0	9.999551758E+3	2.374930000E+2
1.490130000E-8	-2.086170000E-7	6.310400000E+0	9.999551758E+3	2.390890000E+2
1.639140000E-7	8.940740000E-8	6.296400000E+0	9.999551758E+3	2.405670000E+2
4.619380000E-7	-8.195680000E-8	6.283200000E+0	9.999551758E+3	2.424100000E+2
5.066430000E-7	-2.458710000E-7	6.270300000E+0	9.999551758E+3	2.435000000E+2
2.235190000E-8	-2.831240000E-7	6.257100000E+0	9.999551758E+3	2.449970000E+2
2.235190000E-8	-2.533220000E-7	6.243800000E+0	9.999551758E+3	2.469760000E+2
4.395860000E-7	8.940740000E-8	6.232500000E+0	9.999551758E+3	2.484860000E+2
4.395860000E-7	-3.203770000E-7	6.220100000E+0	9.999551758E+3	2.496210000E+2
3.725310000E-8	-3.725310000E-8	6.208400000E+0	9.999551758E+3	2.509510000E+2
1.043090000E-7	-3.054760000E-7	6.196400000E+0	9.999551758E+3	2.525270000E+2
2.607720000E-7	8.940740000E-8	6.183500000E+0	9.999551758E+3	2.540290000E+2
2.905740000E-7	-4.023330000E-7	6.170700000E+0	9.999551758E+3	2.559050000E+2
2.980250000E-7	-3.948830000E-7	6.158500000E+0	9.999551758E+3	2.571650000E+2
5.811490000E-7	-1.862650000E-7	6.146300000E+0	9.999551758E+3	2.585590000E+2
4.991930000E-7	-3.352780000E-7	6.135400000E+0	9.999551758E+3	2.600140000E+2
5.289950000E-7	-2.235180000E-7	6.125000000E+0	9.999551758E+3	2.610790000E+2
-2.235190000E-8	-2.309690000E-7	6.113700000E+0	9.999551758E+3	2.624160000E+2
3.725310000E-7	7.450630000E-8	6.102800000E+0	9.999551758E+3	2.637310000E+2
5.438960000E-7	-1.043090000E-7	6.090800000E+0	9.999551758E+3	2.653730000E+2
5.438960000E-7	-1.192100000E-7	6.079600000E+0	9.999551758E+3	2.664470000E+2
2.533220000E-7	8.195680000E-8	6.068000000E+0	9.999551758E+3	2.681980000E+2
5.140940000E-7	-5.215430000E-8	6.056200000E+0	9.999551758E+3	2.694870000E+2
2.011670000E-7	-3.650800000E-7	6.045100000E+0	9.999551758E+3	2.708040000E+2
4.693880000E-7	-1.937160000E-7	6.032300000E+0	9.999551758E+3	2.721990000E+2
4.172340000E-7	-3.501790000E-7	6.019600000E+0	9.999551758E+3	2.734740000E+2
3.948830000E-7	-3.725310000E-7	6.007700000E+0	9.999551758E+3	2.754580000E+2
2.980250000E-7	-4.023330000E-7	5.995500000E+0	9.999551758E+3	2.765400000E+2
4.321350000E-7	-3.278270000E-7	5.985400000E+0	9.999551758E+3	2.779550000E+2
1.117590000E-7	2.980250000E-8	5.975400000E+0	9.999551758E+3	2.793080000E+2
4.470370000E-8	-5.960510000E-8	5.962700000E+0	9.999551758E+3	2.805520000E+2
4.470370000E-8	-2.905740000E-7	5.952100000E+0	9.999551758E+3	2.817700000E+2
0.000000000E+0	-1.266610000E-7	5.941100000E+0	9.999551758E+3	2.832300000E+2
3.576300000E-7	-3.725310000E-7	5.926700000E+0	9.999551758E+3	2.847880000E+2
2.980250000E-8	-1.862650000E-7	5.915800000E+0	9.999551758E+3	2.859110000E+2
4.544870000E-7	-2.607720000E-7	5.901600000E+0	9.999551758E+3	2.879910000E+2
3.129260000E-7	8.940740000E-8	5.890900000E+0	9.999551758E+3	2.893810000E+2
2.980250000E-7	-3.427290000E-7	5.876800000E+0	9.999551758E+3	2.907090000E+2
4.023330000E-7	-3.427290000E-7	5.866300000E+0	9.999551758E+3	2.921360000E+2
6.705570000E-8	-2.831240000E-7	5.853700000E+0	9.999551758E+3	2.937970000E+2
5.364450000E-7	-1.713640000E-7	5.839500000E+0	9.999551758E+3	2.955190000E+2
4.246850000E-7	-2.980250000E-7	5.826200000E+0	9.999551758E+3	2.967970000E+2
3.054760000E-7	8.195680000E-8	5.813700000E+0	9.999551758E+3	2.981600000E+2
2.458710000E-7	1.266610000E-7	5.803100000E+0	9.999551758E+3	3.001360000E+2
1.266610000E-7	2.235190000E-8	5.792200000E+0	9.999551758E+3	3.012000000E+2
5.289950000E-7	-1.937160000E-7	5.777400000E+0	9.999551758E+3	3.026950000E+2
3.129260000E-7	7.450630000E-8	5.764200000E+0	9.999551758E+3	3.042700000E+2
2.309690000E-7	-4.321350000E-7	5.753400000E+0	9.999551758E+3	3.056190000E+2
2.384200000E-7	3.725310000E-8	5.741900000E+0	9.999551758E+3	3.071190000E+2
2.980250000E-8	-1.341110000E-7	5.731000000E+0	9.999551758E+3	3.087050000E+2
2.458710000E-7	-4.470370000E-7	5.716600000E+0	9.999551758E+3	3.102800000E+2
5.662480000E-7	-2.533220000E-7	5.704400000E+0	9.999551758E+3	3.116650000E+2
3.129260000E-7	5.215430000E-8	5.693000000E+0	9.999551758E+3	3.126950000E+2
1.639140000E-7	-4.023330000E-7	5.680800000E+0	9.999551758E+3	3.144200000E+2
2.011670000E-7	-4.172340000E-7	5.668000000E+0	9.999551758E+3	3.162010000E+2
4.470370000E-8	-2.011670000E-7	5.656800000E+0	9.999551758E+3	3.176690000E+2
1.490130000E-8	-1.564630000E-7	5.644900000E+0	9.999551758E+3	3.185750000E+2
6.705570000E-8	-1.490130000E-7	5.630000000E+0	9.999551758E+3	3.201910000E+2
5.960510000E-8	-2.384200000E-7	5.619000000E+0	9.999551758E+3	3.221520000E+2
3.725310000E-7	-5.960510000E-8	5.607200000E+0	9.999551758E+3	3.234740000E+2
1.862650000E-7	7.450640000E-9	5.595800000E+0	9.999551758E+3	3.245300000E+2
-1.490130000E-8	-2.980250000E-7	5.582500000E+0	9.999551758E+3	3.262790000E+2
6.705570000E-8	-1.862650000E-7	5.571500000E+0	9.999551758E+3	3.275550000E+2
5.066430000E-7	-4.097840000E-7	5.560100000E+0	9.999551758E+3	3.290790000E+2
3.799810000E-7	-9.685800000E-8	5.547300000E+0	9.999551758E+3	3.304740000E+2
0.000000000E+0	-3.948830000E-7	5.533600000E+0	9.999551758E+3	3.320110000E+2
5.960510000E-8	-3.799810000E-7	5.522100000E+0	9.999551758E+3	3.336270000E+2
3.278270000E-7	-6.705570000E-8	5.510500000E+0	9.999551758E+3	3.349510000E+2
4.172340000E-7	-3.799810000E-7	5.496600000E+0	9.999551758E+3	3.364240000E+2
0.000000000E+0	-1.713640000E-7	5.485100000E+0	9.999551758E+3	3.381460000E+2
-4.470370000E-8	-5.066430000E-7	5.473200000E+0	9.999551758E+3	3.393640000E+2
4.470370000E-8	-5.736980000E-7	5.459700000E+0	9.999551758E+3	3.409660000E+2
1.117590000E-7	-1.341110000E-7	5.448600000E+0	9.999551758E+3	3.422880000E+2
3.725310000E-7	-3.203770000E-7	5.435200000E+0	9.999551758E+3	3.439380000E+2
7.450630000E-8	-2.160680000E-7	5.423800000E+0	9.999551758E+3	3.455210000E+2
1.341110000E-7	-6.705560000E-7	5.413100000E+0	9.999551758E+3	3.463300000E+2
2.756730000E-7	-2.607720000E-7	5.402000000E+0	9.999551758E+3	3.478840000E+2
-4.470370000E-8	-7.599630000E-7	5.388000000E+0	9.999551758E+3	3.497510000E+2
-1.341110000E-7	-3.874320000E-7	5.376800000E+0	9.999551758E+3	3.508770000E+2
1.117590000E-7	-7.525120000E-7	5.364600000E+0	9.999551758E+3	3.524140000E+2
-2.384200000E-7	-3.725310000E-7	5.351500000E+0	9.999551758E+3	3.537540000E+2
1.192100000E-7	-6.258520000E-7	5.339600000E+0	9.999551758E+3	3.552660000E+2
0.000000000E+0	-7.376110000E-7	5.328500000E+0	9.999551758E+3	3.567230000E+2
-2.980250000E-8	-7.674130000E-7	5.314300000E+0	9.999551758E+3	3.586970000E+2
-2.235180000E-7	-2.756730000E-7	5.299800000E+0	9.999551758E+3	3.602380000E+2
-4.470370000E-7	-4.544870000E-7	5.288400000E+0	9.999551758E+3	3.611020000E+2
-2.980250000E-8	-4.321350000E-7	5.277000000E+0	9.999551758E+3	3.631370000E+2
-3.203770000E-7	-3.352780000E-7	5.262000000E+0	9.999551758E+3	3.647140000E+2
-6.705570000E-8	-4.544870000E-7	5.250600000E+0	9.999551758E+3	3.660150000E+2
-1.862650000E-7	-5.736980000E-7	5.236500000E+0	9.999551758E+3	3.676320000E+2
-1.490130000E-7	-3.799810000E-7	5.224700000E+0	9.999551758E+3	3.692290000E+2
-4.917420000E-7	-7.897650000E-7	5.211500000E+0	9.999551758E+3	3.705660000E+2
-4.395860000E-7	-3.427290000E-7	5.200800000E+0	9.999551758E+3	3.720990000E+2
-3.501790000E-7	-6.854570000E-7	5.189400000E+0	9.999551758E+3	3.737460000E+2
-3.203770000E-7	-4.395860000E-7	5.176200000E+0	9.999551758E+3	3.749720000E+2
-4.246850000E-7	-7.972160000E-7	5.163900000E+0	9.999551758E+3	3.766310000E+2
-3.799810000E-7	-5.886000000E-7	5.149300000E+0	9.999551758E+3	3.782200000E+2
-5.736980000E-7	-8.046660000E-7	5.135900000E+0	9.999551758E+3	3.795080000E+2
-9.760330000E-7	-4.470370000E-7	5.123000000E+0	9.999551758E+3	3.815480000E+2
-8.270180000E-7	-3.725310000E-7	5.112900000E+0	9.999551758E+3	3.828280000E+2
-8.940730000E-7	-3.501790000E-7	5.101100000E+0	9.999551758E+3	3.839030000E+2
-9.015240000E-7	-3.352780000E-7	5.087900000E+0	9.999551758E+3	3.856950000E+2
-5.736980000E-7	-6.854570000E-7	5.077100000E+0	9.999551758E+3	3.868480000E+2
-5.438960000E-7	-5.513470000E-7	5.063000000E+0	9.999551758E+3	3.884440000E+2
-6.184020000E-7	-4.544870000E-7	5.050400000E+0	9.999551758E+3	3.900490000E+2
-7.897650000E-7	-2.384200000E-7	5.038100000E+0	9.999551758E+3	3.918260000E+2
-1.221900000E-6	-3.203770000E-7	5.021700000E+0	9.999551758E+3	3.933930000E+2
-1.043090000E-6	-1.937160000E-7	5.008400000E+0	9.999551758E+3	3.948560000E+2
-8.493700000E-7	-6.556550000E-7	4.996700000E+0	9.999551758E+3	3.963630000E+2
-1.162300000E-6	-6.407540000E-7	4.985300000E+0	9.999551758E+3	3.978340000E+2
-1.311310000E-6	-3.427290000E-7	4.975200000E+0	9.999551758E+3	3.993100000E+2
-1.266610000E-6	-5.289950000E-7	4.962500000E+0	9.999551758E+3	4.007170000E+2
-1.102690000E-6	-6.258520000E-7	4.947400000E+0	9.999551758E+3	4.023110000E+2
-1.326210000E-6	-2.160680000E-7	4.934600000E+0	9.999551758E+3	4.039780000E+2
-8.866230000E-7	-3.278270000E-7	4.920900000E+0	9.999551758E+3	4.056630000E+2
-9.760330000E-7	-1.862650000E-7	4.907700000E+0	9.999551758E+3	4.072510000E+2
-9.536820000E-7	-3.054760000E-7	4.895800000E+0	9.999551758E+3	4.088920000E+2
-1.080340000E-6	-6.258520000E-7	4.884800000E+0	9.999551758E+3	4.096520000E+2
-1.303860000E-6	-5.289950000E-7	4.871800000E+0	9.999551758E+3	4.112930000E+2
-1.274060000E-6	-5.736980000E-7	4.858700000E+0	9.999551758E+3	4.134300000E+2
-1.087790000E-6	-5.215440000E-7	4.848300000E+0	9.999551758E+3	4.146660000E+2
-9.983850000E-7	-2.235180000E-7	4.833300000E+0	9.999551758E+3	4.162500000E+2
-1.490120000E-6	-3.650800000E-7	4.822200000E+0	9.999551758E+3	4.174160000E+2
-1.430520000E-6	-4.693880000E-7	4.809100000E+0	9.999551758E+3	4.191940000E+2
-1.028190000E-6	-5.587970000E-7	4.796400000E+0	9.999551758E+3	4.205800000E+2
-1.139950000E-6	-5.662480000E-7	4.783800000E+0	9.999551758E+3	4.223810000E+2
-1.318760000E-6	-6.258520000E-7	4.772800000E+0	9.999551758E+3	4.231150000E+2
-1.549730000E-6	-3.352780000E-7	4.759500000E+0	9.999551758E+3	4.251350000E+2
-1.594430000E-6	-2.384200000E-7	4.748300000E+0	9.999551758E+3	4.267510000E+2
-1.110140000E-6	-1.341110000E-7	4.732300000E+0	9.999551758E+3	4.280710000E+2
-1.147400000E-6	-4.619380000E-7	4.719000000E+0	9.999551758E+3	4.295530000E+2
-1.236800000E-6	-4.842910000E-7	4.705700000E+0	9.999551758E+3	4.315320000E+2
-1.460320000E-6	-5.140940000E-7	4.693000000E+0	9.999551758E+3	4.329890000E+2
-1.437970000E-6	-4.246850000E-7	4.682200000E+0	9.999551758E+3	4.340630000E+2
-1.430520000E-6	-4.917420000E-7	4.672100000E+0	9.999551758E+3	4.356870000E+2
-1.177200000E-6	-5.215430000E-8	4.660300000E+0	9.999551758E+3	4.370430000E+2
-1.654040000E-6	-3.203770000E-7	4.649100000E+0	9.999551758E+3	4.380460000E+2
-1.505020000E-6	-4.023330000E-7	4.637700000E+0	9.999551758E+3	4.396380000E+2
-1.154850000E-6	-1.564630000E-7	4.625800000E+0	9.999551758E+3	4.410060000E+2
-1.177200000E-6	-3.874320000E-7	4.611100000E+0	9.999551758E+3	4.430020000E+2
-1.117590000E-6	-4.246850000E-7	4.598900000E+0	9.999551758E+3	4.446120000E+2
-1.624230000E-6	-3.874320000E-7	4.583000000E+0	9.999551758E+3	4.459400000E+2
-1.505020000E-6	-5.960510000E-8	4.571900000E+0	9.999551758E+3	4.474130000E+2
-1.609330000E-6	-2.309690000E-7	4.559000000E+0	9.999551758E+3	4.490030000E+2
-1.527380000E-6	-4.842910000E-7	4.548000000E+0	9.999551758E+3	4.505760000E+2
-1.214450000E-6	-4.768410000E-7	4.536000000E+0	9.999551758E+3	4.519780000E+2
-1.192100000E-6	-3.725310000E-7	4.521400000E+0	9.999551758E+3	4.534000000E+2
-1.363460000E-6	0.000000000E+0	4.510700000E+0	9.999551758E+3	4.551440000E+2
-1.519930000E-6	-4.693880000E-7	4.499600000E+0	9.999551758E+3	4.563150000E+2
-1.207000000E-6	-3.203770000E-7	4.488800000E+0	9.999551758E+3	4.575200000E+2
-1.274060000E-6	-3.501790000E-7	4.474300000E+0	9.999551758E+3	4.591470000E+2
-1.691290000E-6	-1.639140000E-7	4.461500000E+0	9.999551758E+3	4.608510000E+2
-1.214450000E-6	-4.619380000E-7	4.448800000E+0	9.999551758E+3	4.623770000E+2
-1.177200000E-6	-3.278270000E-7	4.435000000E+0	9.999551758E+3	4.639770000E+2
-1.370910000E-6	-5.140940000E-7	4.424400000E+0	9.999551758E+3	4.649100000E+2
-1.646590000E-6	-4.321350000E-7	4.412800000E+0	9.999551758E+3	4.669150000E+2
-1.616780000E-6	-3.427290000E-7	4.398800000E+0	9.999551758E+3	4.683490000E+2
-1.207000000E-6	-2.980250000E-7	4.384600000E+0	9.999551758E+3	4.700780000E+2
-1.192100000E-6	-2.607720000E-7	4.373900000E+0	9.999551758E+3	4.713320000E+2
-1.579530000E-6	-5.960510000E-8	4.359200000E+0	9.999551758E+3	4.728810000E+2
-1.363460000E-6	-1.490130000E-8	4.345800000E+0	9.999551758E+3	4.748830000E+2
-1.601880000E-6	-3.725310000E-8	4.332700000E+0	9.999551758E+3	4.764700000E+2
-1.423070000E-6	-4.619380000E-7	4.319700000E+0	9.999551758E+3	4.778260000E+2
-1.527380000E-6	-4.470370000E-7	4.307600000E+0	9.999551758E+3	4.789170000E+2
-1.646590000E-6	-4.023330000E-7	4.296600000E+0	9.999551758E+3	4.809030000E+2
-1.430520000E-6	0.000000000E+0	4.284100000E+0	9.999551758E+3	4.822280000E+2
-1.534830000E-6	-7.450640000E-9	4.272000000E+0	9.999551758E+3	4.832960000E+2
-1.676390000E-6	-2.756730000E-7	4.258700000E+0	9.999551758E+3	4.848670000E+2
-1.646590000E-6	-3.352780000E-7	4.245500000E+0	9.999551758E+3	4.870070000E+2
-1.236800000E-6	-2.160680000E-7	4.234100000E+0	9.999551758E+3	4.881990000E+2
-1.363460000E-6	8.195680000E-8	4.224000000E+0	9.999551758E+3	4.894110000E+2
-1.288960000E-6	-1.564630000E-7	4.210900000E+0	9.999551758E+3	4.910540000E+2
-1.683840000E-6	-4.097840000E-7	4.200800000E+0	9.999551758E+3	4.922030000E+2
-1.661490000E-6	-7.450630000E-8	4.186100000E+0	9.999551758E+3	4.938650000E+2
-1.609330000E-6	0.000000000E+0	4.175300000E+0	9.999551758E+3	4.954830000E+2
-1.646590000E-6	-3.725310000E-8	4.164200000E+0	9.999551758E+3	4.962020000E+2
-1.341110000E-6	7.450640000E-9	4.150500000E+0	9.999551758E+3	4.982130000E+2
-1.683840000E-6	-2.011670000E-7	4.136200000E+0	9.999551758E+3	4.999420000E+2
-1.207000000E-6	-1.788150000E-7	4.125800000E+0	9.999551758E+3	5.007480000E+2
-1.236800000E-6	-2.980250000E-7	4.111800000E+0	9.999551758E+3	5.027310000E+2
-1.460320000E-6	-4.842910000E-7	4.099900000E+0	9.999551758E+3	5.041940000E+2
-1.654040000E-6	-4.991930000E-7	4.086900000E+0	9.999551758E+3	5.060100000E+2
-1.460320000E-6	7.450640000E-9	4.075000000E+0	9.999551758E+3	5.071730000E+2
-1.706190000E-6	-5.215430000E-8	4.062300000E+0	9.999551758E+3	5.087570000E+2
-1.467770000E-6	-4.619380000E-7	4.052100000E+0	9.999551758E+3	5.099400000E+2
-1.519930000E-6	-4.693880000E-7	4.039900000E+0	9.999551758E+3	5.112060000E+2
-1.303860000E-6	-4.470370000E-8	4.028300000E+0	9.999551758E+3	5.127530000E+2
-1.639140000E-6	-4.321350000E-7	4.012100000E+0	9.999551758E+3	5.148070000E+2
-1.497570000E-6	-4.321350000E-7	4.000300000E+0	9.999551758E+3	5.164020000E+2
-1.735990000E-6	-7.450630000E-8	3.988200000E+0	9.999551758E+3	5.171790000E+2
-1.735990000E-6	-4.470370000E-8	3.977800000E+0	9.999551758E+3	5.191600000E+2
-1.765790000E-6	-2.831240000E-7	3.960800000E+0	9.999551758E+3	5.207460000E+2
-1.773250000E-6	-2.235180000E-7	3.949000000E+0	9.999551758E+3	5.223690000E+2
-1.356010000E-6	-4.470370000E-8	3.936300000E+0	9.999551758E+3	5.236920000E+2
-1.207000000E-6	-2.086170000E-7	3.924900000E+0	9.999551758E+3	5.251530000E+2
-1.333660000E-6	-2.011670000E-7	3.914800000E+0	9.999551758E+3	5.267660000E+2
-1.668940000E-6	-4.023330000E-7	3.900300000E+0	9.999551758E+3	5.280800000E+2
-1.601880000E-6	-3.874320000E-7	3.889900000E+0	9.999551758E+3	5.291570000E+2
-1.460320000E-6	-4.246850000E-7	3.875700000E+0	9.999551758E+3	5.307450000E+2
-1.303860000E-6	-3.725310000E-7	3.863900000E+0	9.999551758E+3	5.328830000E+2
-1.721090000E-6	-1.192100000E-7	3.853500000E+0	9.999551758E+3	5.336830000E+2
-1.728540000E-6	2.980250000E-8	3.839700000E+0	9.999551758E+3	5.351340000E+2
-1.758340000E-6	-2.235180000E-7	3.829400000E+0	9.999551758E+3	5.369040000E+2
-1.274060000E-6	-4.172340000E-7	3.818400000E+0	9.999551758E+3	5.380930000E+2
-1.311310000E-6	-4.023330000E-7	3.807400000E+0	9.999551758E+3	5.391690000E+2
-1.236800000E-6	-3.725310000E-7	3.795400000E+0	9.999551758E+3	5.409570000E+2
-1.788150000E-6	-2.533220000E-7	3.783800000E+0	9.999551758E+3	5.420950000E+2
-1.497570000E-6	-4.842910000E-7	3.769400000E+0	9.999551758E+3	5.436690000E+2
-1.549730000E-6	2.980250000E-8	3.758400000E+0	9.999551758E+3	5.451950000E+2
-1.810500000E-6	-1.788150000E-7	3.744800000E+0	9.999551758E+3	5.469480000E+2
-1.616780000E-6	-4.023330000E-7	3.733600000E+0	9.999551758E+3	5.481680000E+2
-1.408170000E-6	1.490130000E-8	3.721200000E+0	9.999551758E+3	5.497060000E+2
-1.266610000E-6	-2.756730000E-7	3.707600000E+0	9.999551758E+3	5.511690000E+2
-1.780700000E-6	-1.937160000E-7	3.696600000E+0	9.999551758E+3	5.528690000E+2
-1.646590000E-6	-3.725310000E-7	3.686100000E+0	9.999551758E+3	5.537360000E+2
-1.780700000E-6	-3.874320000E-7	3.673600000E+0	9.999551758E+3	5.551860000E+2
-1.564630000E-6	0.000000000E+0	3.661100000E+0	9.999551758E+3	5.572070000E+2
-1.333660000E-6	-5.215430000E-8	3.646400000E+0	9.999551758E+3	5.586870000E+2
-1.817950000E-6	-1.862650000E-7	3.635500000E+0	9.999551758E+3	5.596860000E+2
-1.467770000E-6	5.960510000E-8	3.623000000E+0	9.999551758E+3	5.611680000E+2
-1.259160000E-6	-8.940740000E-8	3.612600000E+0	9.999551758E+3	5.626350000E+2
-1.482670000E-6	5.215430000E-8	3.592800000E+0	9.999551758E+3	5.647600000E+2
-1.646590000E-6	-2.980250000E-8	3.579300000E+0	9.999551758E+3	5.668900000E+2
-1.356010000E-6	-9.685800000E-8	3.564100000E+0	9.999551758E+3	5.690890000E+2
-1.825400000E-6	-2.384200000E-7	3.553700000E+0	9.999551758E+3	5.700880000E+2
-1.817950000E-6	-2.756730000E-7	3.540600000E+0	9.999551758E+3	5.711620000E+2
-1.609330000E-6	-4.619380000E-7	3.529100000E+0	9.999551758E+3	5.732850000E+2
-1.691290000E-6	-4.321350000E-7	3.512300000E+0	9.999551758E+3	5.754430000E+2
-1.333660000E-6	-3.501790000E-7	3.494000000E+0	9.999551758E+3	5.775500000E+2
-1.497570000E-6	-4.246850000E-7	3.477700000E+0	9.999551758E+3	5.797260000E+2
-1.482670000E-6	-2.235190000E-8	3.463600000E+0	9.999551758E+3	5.818070000E+2
-1.311310000E-6	-2.756730000E-7	3.443500000E+0	9.999551758E+3	5.839980000E+2
-1.654040000E-6	2.980250000E-8	3.429700000E+0	9.999551758E+3	5.860960000E+2
-1.803050000E-6	-1.341110000E-7	3.411700000E+0	9.999551758E+3	5.882220000E+2
-1.430520000E-6	1.490130000E-8	3.395300000E+0	9.999551758E+3	5.904170000E+2
-1.810500000E-6	-1.341110000E-7	3.377100000E+0	9.999551758E+3	5.925300000E+2
-1.840300000E-6	-2.309690000E-7	3.360800000E+0	9.999551758E+3	5.946680000E+2
-1.795600000E-6	-3.054760000E-7	3.345600000E+0	9.999551758E+3	5.968060000E+2
-1.423070000E-6	-4.321350000E-7	3.329000000E+0	9.999551758E+3	5.989150000E+2
-1.281510000E-6	-2.607720000E-7	3.318700000E+0	9.999551758E+3	5.999650000E+2
-1.326210000E-6	-1.266610000E-7	3.303300000E+0	9.999551758E+3	6.021130000E+2
-1.356010000E-6	-4.395860000E-7	3.288100000E+0	9.999551758E+3	6.042900000E+2
-1.452870000E-6	9.685800000E-8	3.268500000E+0	9.999551758E+3	6.063860000E+2
-1.743440000E-6	-1.043090000E-7	3.255900000E+0	9.999551758E+3	6.085000000E+2
-1.713640000E-6	-8.195680000E-8	3.236500000E+0	9.999551758E+3	6.106530000E+2
-1.810500000E-6	-2.384200000E-7	3.220900000E+0	9.999551758E+3	6.127840000E+2
-1.743440000E-6	-3.576300000E-7	3.209500000E+0	9.999551758E+3	6.138510000E+2
-1.564630000E-6	-4.842910000E-7	3.197800000E+0	9.999551758E+3	6.159760000E+2
-1.735990000E-6	-2.980250000E-7	3.187100000E+0	9.999551758E+3	6.170830000E+2
-1.460320000E-6	-4.842910000E-7	3.165700000E+0	9.999551758E+3	6.191940000E+2
-1.311310000E-6	-1.564630000E-7	3.147800000E+0	9.999551758E+3	6.223800000E+2
-1.296410000E-6	-1.490130000E-7	3.136400000E+0	9.999551758E+3	6.234540000E+2
-1.356010000E-6	-6.705570000E-8	3.125500000E+0	9.999551758E+3	6.245130000E+2
-1.311310000E-6	-1.341110000E-7	3.110700000E+0	9.999551758E+3	6.266780000E+2
-1.780700000E-6	-7.450630000E-8	3.097300000E+0	9.999551758E+3	6.287730000E+2
-1.847750000E-6	-1.564630000E-7	3.086600000E+0	9.999551758E+3	6.298340000E+2
-1.788150000E-6	-2.533220000E-7	3.076000000E+0	9.999551758E+3	6.309030000E+2
-1.713640000E-6	-5.140940000E-7	3.059800000E+0	9.999551758E+3	6.330330000E+2
-1.743440000E-6	-3.501790000E-7	3.047900000E+0	9.999551758E+3	6.351960000E+2
-1.527380000E-6	-4.991930000E-7	3.033400000E+0	9.999551758E+3	6.362460000E+2
-1.378360000E-6	-4.321350000E-7	3.018600000E+0	9.999551758E+3	6.383810000E+2
-1.318760000E-6	-2.533220000E-7	3.006300000E+0	9.999551758E+3	6.405070000E+2
-1.333660000E-6	-2.086170000E-7	2.994500000E+0	9.999551758E+3	6.415850000E+2
-1.333660000E-6	-1.192100000E-7	2.982800000E+0	9.999551758E+3	6.426470000E+2
-1.415620000E-6	-4.321350000E-7	2.970900000E+0	9.999551758E+3	6.448390000E+2
-1.609330000E-6	-2.980250000E-8	2.952700000E+0	9.999551758E+3	6.469140000E+2
-1.586980000E-6	4.470370000E-8	2.935200000E+0	9.999551758E+3	6.490690000E+2
-1.370910000E-6	-6.705570000E-8	2.921600000E+0	9.999551758E+3	6.512490000E+2
-1.810500000E-6	-2.905740000E-7	2.901200000E+0	9.999551758E+3	6.533230000E+2
-1.825400000E-6	-1.862650000E-7	2.888800000E+0	9.999551758E+3	6.554930000E+2
-1.676390000E-6	-4.693880000E-7	2.868100000E+0	9.999551758E+3	6.576110000E+2
-1.668940000E-6	-4.395860000E-7	2.856700000E+0	9.999551758E+3	6.586860000E+2
-1.378360000E-6	-2.756730000E-7	2.836300000E+0	9.999551758E+3	6.618680000E+2
-1.430520000E-6	-6.705570000E-8	2.823600000E+0	9.999551758E+3	6.629260000E+2
-1.609330000E-6	1.341110000E-7	2.805100000E+0	9.999551758E+3	6.661230000E+2
-1.467770000E-6	5.960510000E-8	2.793100000E+0	9.999551758E+3	6.672110000E+2
-1.505020000E-6	3.725310000E-8	2.775000000E+0	9.999551758E+3	6.693690000E+2
-1.914810000E-6	5.960510000E-8	2.762500000E+0	9.999551758E+3	6.714670000E+2
-1.899910000E-6	2.980250000E-8	2.752500000E+0	9.999551758E+3	6.725370000E+2
-1.877550000E-6	-2.607720000E-7	2.741300000E+0	9.999551758E+3	6.735810000E+2
-1.654040000E-6	-2.831240000E-7	2.729700000E+0	9.999551758E+3	6.757040000E+2
-1.609330000E-6	-2.980250000E-7	2.709900000E+0	9.999551758E+3	6.778540000E+2
-1.966970000E-6	1.490130000E-8	2.699000000E+0	9.999551758E+3	6.790010000E+2
-1.512480000E-6	-2.235180000E-7	2.687800000E+0	9.999551758E+3	6.810690000E+2
-1.430520000E-6	0.000000000E+0	2.668400000E+0	9.999551758E+3	6.831890000E+2
-1.609330000E-6	1.564630000E-7	2.649600000E+0	9.999551758E+3	6.853160000E+2
-1.855200000E-6	1.266610000E-7	2.638000000E+0	9.999551758E+3	6.874420000E+2
-1.512480000E-6	-2.309690000E-7	2.627200000E+0	9.999551758E+3	6.886100000E+2
-1.646590000E-6	1.341110000E-7	2.608100000E+0	9.999551758E+3	6.906960000E+2
-1.855200000E-6	-2.607720000E-7	2.595900000E+0	9.999551758E+3	6.927720000E+2
-1.966970000E-6	7.450640000E-9	2.585400000E+0	9.999551758E+3	6.938880000E+2
-1.877550000E-6	-2.160680000E-7	2.569500000E+0	9.999551758E+3	6.960120000E+2
-1.631680000E-6	-3.501790000E-7	2.559200000E+0	9.999551758E+3	6.970560000E+2
-1.594430000E-6	-3.129260000E-7	2.545200000E+0	9.999551758E+3	6.992070000E+2
-1.460320000E-6	-1.937160000E-7	2.526900000E+0	9.999551758E+3	7.013380000E+2
-1.572080000E-6	-2.831240000E-7	2.510300000E+0	9.999551758E+3	7.035010000E+2
-1.445420000E-6	-8.940740000E-8	2.494800000E+0	9.999551758E+3	7.056230000E+2
-1.527380000E-6	9.685800000E-8	2.483800000E+0	9.999551758E+3	7.066800000E+2
-1.952070000E-6	-2.980250000E-8	2.468400000E+0	9.999551758E+3	7.087800000E+2
-1.959520000E-6	-3.725310000E-8	2.454100000E+0	9.999551758E+3	7.109260000E+2
-1.542280000E-6	1.490130000E-7	2.443500000E+0	9.999551758E+3	7.120560000E+2
-1.914810000E-6	-6.705570000E-8	2.432800000E+0	9.999551758E+3	7.130750000E+2
-1.430520000E-6	-1.490130000E-7	2.420800000E+0	9.999551758E+3	7.153220000E+2
-1.557180000E-6	-2.682230000E-7	2.400800000E+0	9.999551758E+3	7.173200000E+2
-1.892450000E-6	-2.011670000E-7	2.390500000E+0	9.999551758E+3	7.184370000E+2
-1.870100000E-6	-2.831240000E-7	2.367600000E+0	9.999551758E+3	7.216540000E+2
-1.519930000E-6	0.000000000E+0	2.357300000E+0	9.999551758E+3	7.226510000E+2
-1.803050000E-6	1.192100000E-7	2.345400000E+0	9.999551758E+3	7.247710000E+2
-1.430520000E-6	-6.705570000E-8	2.325300000E+0	9.999551758E+3	7.269770000E+2
-1.892450000E-6	2.980250000E-8	2.310800000E+0	9.999551758E+3	7.290520000E+2
-1.691290000E-6	1.862650000E-7	2.294200000E+0	9.999551758E+3	7.312370000E+2
-1.959520000E-6	5.215430000E-8	2.283500000E+0	9.999551758E+3	7.322780000E+2
-1.937170000E-6	-1.192100000E-7	2.269400000E+0	9.999551758E+3	7.344200000E+2
-1.654040000E-6	-3.129260000E-7	2.251300000E+0	9.999551758E+3	7.365230000E+2
-1.706190000E-6	-3.203770000E-7	2.234700000E+0	9.999551758E+3	7.386800000E+2
-1.788150000E-6	-3.948830000E-7	2.217900000E+0	9.999551758E+3	7.408430000E+2
-1.601880000E-6	1.713640000E-7	2.201600000E+0	9.999551758E+3	7.429110000E+2
-1.698740000E-6	1.341110000E-7	2.184800000E+0	9.999551758E+3	7.450580000E+2
-1.661490000E-6	1.266610000E-7	2.168700000E+0	9.999551758E+3	7.472060000E+2
-1.914810000E-6	4.470370000E-8	2.150500000E+0	9.999551758E+3	7.493280000E+2
-1.966970000E-6	-1.937160000E-7	2.135400000E+0	9.999551758E+3	7.514560000E+2
-1.907360000E-6	1.043090000E-7	2.117300000E+0	9.999551758E+3	7.536420000E+2
-1.713640000E-6	-3.278270000E-7	2.103900000E+0	9.999551758E+3	7.557280000E+2
-1.601880000E-6	-3.129260000E-7	2.093000000E+0	9.999551758E+3	7.567900000E+2
-1.534830000E-6	-1.937160000E-7	2.075900000E+0	9.999551758E+3	7.589290000E+2
-1.713640000E-6	-3.203770000E-7	2.061800000E+0	9.999551758E+3	7.611060000E+2
-1.758340000E-6	-2.682230000E-7	2.051200000E+0	9.999551758E+3	7.621900000E+2
-1.475220000E-6	-2.980250000E-8	2.041200000E+0	9.999551758E+3	7.632070000E+2
-1.661490000E-6	-3.278270000E-7	2.029700000E+0	9.999551758E+3	7.654070000E+2
-1.519930000E-6	7.450640000E-9	2.019000000E+0	9.999551758E+3	7.664400000E+2
-1.780700000E-6	1.266610000E-7	2.007300000E+0	9.999551758E+3	7.674750000E+2
-1.586980000E-6	1.937160000E-7	1.997100000E+0	9.999551758E+3	7.696440000E+2
-1.534830000E-6	2.235190000E-8	2.009600000E+0	9.999551758E+3	8.645630000E+2
-1.609330000E-6	1.117590000E-7	2.023300000E+0	9.999551758E+3	8.658070000E+2
-1.937170000E-6	-1.415620000E-7	2.035600000E+0	9.999551758E+3	8.673560000E+2
-1.527380000E-6	-2.831240000E-7	2.045800000E+0	9.999551758E+3	8.685500000E+2
-1.661490000E-6	-3.203770000E-7	2.055800000E+0	9.999551758E+3	8.698200000E+2
-1.654040000E-6	1.639140000E-7	2.069100000E+0	9.999551758E+3	8.713580000E+2
-1.505020000E-6	1.266610000E-7	2.082300000E+0	9.999551758E+3	8.729910000E+2
-1.728540000E-6	-3.129260000E-7	2.093000000E+0	9.999551758E+3	8.743190000E+2
-1.564630000E-6	1.266610000E-7	2.103600000E+0	9.999551758E+3	8.754950000E+2
-1.937170000E-6	-1.862650000E-7	2.114100000E+0	9.999551758E+3	8.768540000E+2
-1.817950000E-6	1.490130000E-7	2.124300000E+0	9.999551758E+3	8.781560000E+2
-1.907360000E-6	-2.235180000E-7	2.135100000E+0	9.999551758E+3	8.793670000E+2
-1.423070000E-6	-1.341110000E-7	2.146900000E+0	9.999551758E+3	8.807340000E+2
-1.907360000E-6	-3.054760000E-7	2.160700000E+0	9.999551758E+3	8.824050000E+2
-1.758340000E-6	1.862650000E-7	2.174100000E+0	9.999551758E+3	8.840840000E+2
-1.482670000E-6	-2.235180000E-7	2.190700000E+0	9.999551758E+3	8.859500000E+2
-1.944620000E-6	1.490130000E-8	2.202800000E+0	9.999551758E+3	8.876430000E+2
-1.475220000E-6	-2.086170000E-7	2.213400000E+0	9.999551758E+3	8.888150000E+2
-1.676390000E-6	1.341110000E-7	2.225000000E+0	9.999551758E+3	8.900130000E+2
-1.981870000E-6	-8.940740000E-8	2.237100000E+0	9.999551758E+3	8.917530000E+2
-1.467770000E-6	-2.607720000E-7	2.249600000E+0	9.999551758E+3	8.931210000E+2
-1.452870000E-6	-2.235180000E-7	2.260000000E+0	9.999551758E+3	8.943780000E+2
-1.609330000E-6	-2.980250000E-7	2.271000000E+0	9.999551758E+3	8.958290000E+2
-1.490120000E-6	3.725310000E-8	2.283400000E+0	9.999551758E+3	8.973970000E+2
-1.929710000E-6	0.000000000E+0	2.294800000E+0	9.999551758E+3	8.985810000E+2
-1.937170000E-6	-7.450630000E-8	2.308200000E+0	9.999551758E+3	9.001900000E+2
-1.899910000E-6	-7.450640000E-9	2.319000000E+0	9.999551758E+3	9.016410000E+2
-1.579530000E-6	-2.682230000E-7	2.330100000E+0	9.999551758E+3	9.028190000E+2
-1.490120000E-6	5.215430000E-8	2.341500000E+0	9.999551758E+3	9.042160000E+2
-1.512480000E-6	-2.086170000E-7	2.351900000E+0	9.999551758E+3	9.055010000E+2
-1.683840000E-6	1.862650000E-7	2.362100000E+0	9.999551758E+3	9.066980000E+2
-1.795600000E-6	1.564630000E-7	2.376100000E+0	9.999551758E+3	9.083000000E+2
-1.497570000E-6	-1.639140000E-7	2.386400000E+0	9.999551758E+3	9.096230000E+2
-1.847750000E-6	-2.980250000E-7	2.400200000E+0	9.999551758E+3	9.112860000E+2
-1.907360000E-6	-1.341110000E-7	2.412300000E+0	9.999551758E+3	9.127430000E+2
-1.847750000E-6	-2.831240000E-7	2.425200000E+0	9.999551758E+3	9.143370000E+2
-1.609330000E-6	1.564630000E-7	2.440000000E+0	9.999551758E+3	9.160300000E+2
-1.706190000E-6	1.713640000E-7	2.453400000E+0	9.999551758E+3	9.176300000E+2
-1.512480000E-6	-2.980250000E-7	2.463800000E+0	9.999551758E+3	9.189600000E+2
-1.445420000E-6	-1.266610000E-7	2.475400000E+0	9.999551758E+3	9.202110000E+2
-1.937170000E-6	-1.266610000E-7	2.488300000E+0	9.999551758E+3	9.218900000E+2
-1.817950000E-6	-3.129260000E-7	2.498900000E+0	9.999551758E+3	9.233000000E+2
-1.974420000E-6	-6.705570000E-8	2.511000000E+0	9.999551758E+3	9.244140000E+2
-1.810500000E-6	-2.607720000E-7	2.521100000E+0	9.999551758E+3	9.256350000E+2
-1.929710000E-6	2.980250000E-8	2.533100000E+0	9.999551758E+3	9.274740000E+2
-1.631680000E-6	-3.352780000E-7	2.543200000E+0	9.999551758E+3	9.286640000E+2
-1.512480000E-6	-1.117590000E-7	2.555800000E+0	9.999551758E+3	9.298920000E+2
-1.959520000E-6	-8.195680000E-8	2.566400000E+0	9.999551758E+3	9.312280000E+2
-1.937170000E-6	-2.235180000E-7	2.579400000E+0	9.999551758E+3	9.328290000E+2
-1.549730000E-6	-3.501790000E-7	2.590300000E+0	9.999551758E+3	9.340330000E+2
-1.564630000E-6	8.195680000E-8	2.602200000E+0	9.999551758E+3	9.357710000E+2
-1.832850000E-6	-2.607720000E-7	2.614200000E+0	9.999551758E+3	9.369490000E+2
-1.549730000E-6	8.940740000E-8	2.624500000E+0	9.999551758E+3	9.382860000E+2
-1.870100000E-6	-2.384200000E-7	2.636800000E+0	9.999551758E+3	9.396390000E+2
-1.728540000E-6	-2.756730000E-7	2.648900000E+0	9.999551758E+3	9.414090000E+2
-1.654040000E-6	1.564630000E-7	2.659700000E+0	9.999551758E+3	9.425760000E+2
-1.832850000E-6	-2.607720000E-7	2.670500000E+0	9.999551758E+3	9.437600000E+2
-1.437970000E-6	-2.235190000E-8	2.680700000E+0	9.999551758E+3	9.449470000E+2
-1.378360000E-6	-1.043090000E-7	2.694200000E+0	9.999551758E+3	9.465640000E+2
-1.721090000E-6	-3.576300000E-7	2.706900000E+0	9.999551758E+3	9.480490000E+2
-1.795600000E-6	-3.129260000E-7	2.717000000E+0	9.999551758E+3	9.496730000E+2
-1.609330000E-6	1.639140000E-7	2.727800000E+0	9.999551758E+3	9.508390000E+2
-1.415620000E-6	5.960510000E-8	2.743600000E+0	9.999551758E+3	9.522930000E+2
-1.721090000E-6	1.192100000E-7	2.756000000E+0	9.999551758E+3	9.538720000E+2
-1.840300000E-6	7.450630000E-8	2.766100000E+0	9.999551758E+3	9.554720000E+2
-1.691290000E-6	-3.725310000E-7	2.776700000E+0	9.999551758E+3	9.566600000E+2
-1.646590000E-6	-3.278270000E-7	2.789600000E+0	9.999551758E+3	9.579050000E+2
-1.743440000E-6	1.415620000E-7	2.802100000E+0	9.999551758E+3	9.596110000E+2
-1.735990000E-6	-2.905740000E-7	2.812700000E+0	9.999551758E+3	9.609770000E+2
-1.646590000E-6	-3.203770000E-7	2.823500000E+0	9.999551758E+3	9.622320000E+2
-1.899910000E-6	-1.937160000E-7	2.835600000E+0	9.999551758E+3	9.635020000E+2
-1.408170000E-6	-2.011670000E-7	2.845800000E+0	9.999551758E+3	9.646980000E+2
-1.654040000E-6	1.341110000E-7	2.856100000E+0	9.999551758E+3	9.660780000E+2
-1.847750000E-6	5.960510000E-8	2.867400000E+0	9.999551758E+3	9.676620000E+2
-1.527380000E-6	-3.129260000E-7	2.879400000E+0	9.999551758E+3	9.688400000E+2
-1.475220000E-6	-2.235190000E-8	2.890500000E+0	9.999551758E+3	9.700590000E+2
-1.616780000E-6	-3.203770000E-7	2.900700000E+0	9.999551758E+3	9.713600000E+2
-1.430520000E-6	-1.341110000E-7	2.911300000E+0	9.999551758E+3	9.729460000E+2
-1.572080000E-6	-3.129260000E-7	2.925100000E+0	9.999551758E+3	9.745890000E+2
-1.564630000E-6	1.564630000E-7	2.937900000E+0	9.999551758E+3	9.755990000E+2
-1.452870000E-6	-3.725310000E-8	2.948900000E+0	9.999551758E+3	9.772390000E+2
-1.586980000E-6	-3.799810000E-7	2.963000000E+0	9.999551758E+3	9.788960000E+2
-1.877550000E-6	-1.266610000E-7	2.974000000E+0	9.999551758E+3	9.801920000E+2
-1.668940000E-6	-3.874320000E-7	2.986600000E+0	9.999551758E+3	9.817690000E+2
-1.907360000E-6	-6.705570000E-8	2.998700000E+0	9.999551758E+3	9.830800000E+2
-1.944620000E-6	-1.415620000E-7	3.010100000E+0	9.999551758E+3	9.846940000E+2
-1.840300000E-6	-7.450640000E-9	3.022100000E+0	9.999551758E+3	9.859550000E+2
-1.475220000E-6	5.960510000E-8	3.034400000E+0	9.999551758E+3	9.876260000E+2
-1.899910000E-6	6.705570000E-8	3.046500000E+0	9.999551758E+3	9.888390000E+2
-1.482670000E-6	-1.937160000E-7	3.056900000E+0	9.999551758E+3	9.901780000E+2
-1.430520000E-6	-2.160680000E-7	3.070600000E+0	9.999551758E+3	9.917880000E+2
-1.490120000E-6	3.725310000E-8	3.083500000E+0	9.999551758E+3	9.933670000E+2
-1.855200000E-6	-2.533220000E-7	3.095800000E+0	9.999551758E+3	9.945410000E+2
-1.527380000E-6	1.415620000E-7	3.106900000E+0	9.999551758E+3	9.964150000E+2
-1.803050000E-6	1.341110000E-7	3.118400000E+0	9.999551758E+3	9.976390000E+2
-1.907360000E-6	-2.980250000E-8	3.129400000E+0	9.999551758E+3	9.988700000E+2
-1.452870000E-6	-2.682230000E-7	3.141300000E+0	9.999551758E+3	1.000583000E+3
-1.780700000E-6	6.705570000E-8	3.153300000E+0	9.999551758E+3	1.001760000E+3
-1.922260000E-6	-1.117590000E-7	3.166200000E+0	9.999551758E+3	1.003345000E+3
-1.959520000E-6	-1.192100000E-7	3.179300000E+0	9.999551758E+3	1.004602000E+3
-1.505020000E-6	-6.705570000E-8	3.192700000E+0	9.999551758E+3	1.006670000E+3
-1.654040000E-6	1.266610000E-7	3.205000000E+0	9.999551758E+3	1.007881000E+3
-1.691290000E-6	-2.905740000E-7	3.215500000E+0	9.999551758E+3	1.009235000E+3
-1.452870000E-6	-6.705570000E-8	3.228000000E+0	9.999551758E+3	1.010797000E+3
-1.825400000E-6	1.564630000E-7	3.241600000E+0	9.999551758E+3	1.012168000E+3
-1.825400000E-6	-2.831240000E-7	3.253900000E+0	9.999551758E+3	1.013900000E+3
-1.579530000E-6	-3.054760000E-7	3.266600000E+0	9.999551758E+3	1.015488000E+3
-1.460320000E-6	5.215430000E-8	3.279400000E+0	9.999551758E+3	1.016696000E+3
-1.661490000E-6	1.490130000E-7	3.290600000E+0	9.999551758E+3	1.018279000E+3
-1.437970000E-6	-1.490130000E-8	3.303100000E+0	9.999551758E+3	1.019936000E+3
-1.817950000E-6	1.192100000E-7	3.315200000E+0	9.999551758E+3	1.021131000E+3
-1.907360000E-6	-1.043090000E-7	3.325800000E+0	9.999551758E+3	1.022538000E+3
-1.803050000E-6	7.450630000E-8	3.336500000E+0	9.999551758E+3	1.023827000E+3
-1.885000000E-6	-1.788150000E-7	3.348700000E+0	9.999551758E+3	1.025403000E+3
-1.639140000E-6	1.266610000E-7	3.359400000E+0	9.999551758E+3	1.026540000E+3
-1.676390000E-6	-3.203770000E-7	3.372800000E+0	9.999551758E+3	1.027880000E+3
-1.899910000E-6	-7.450630000E-8	3.386700000E+0	9.999551758E+3	1.030079000E+3
-1.572080000E-6	1.788150000E-7	3.399400000E+0	9.999551758E+3	1.031210000E+3
-1.735990000E-6	1.266610000E-7	3.410700000E+0	9.999551758E+3	1.032449000E+3
-1.795600000E-6	1.266610000E-7	3.422200000E+0	9.999551758E+3	1.034058000E+3
-1.780700000E-6	-2.607720000E-7	3.433600000E+0	9.999551758E+3	1.035610000E+3
-1.855200000E-6	-2.607720000E-7	3.445500000E+0	9.999551758E+3	1.036872000E+3
-1.914810000E-6	-1.490130000E-8	3.459400000E+0	9.999551758E+3	1.038160000E+3
-1.847750000E-6	-2.160680000E-7	3.469800000E+0	9.999551758E+3	1.039751000E+3
-1.467770000E-6	-2.533220000E-7	3.480400000E+0	9.999551758E+3	1.041134000E+3
-1.907360000E-6	-1.266610000E-7	3.490500000E+0	9.999551758E+3	1.042274000E+3
-1.758340000E-6	-3.054760000E-7	3.502600000E+0	9.999551758E+3	1.043677000E+3
-1.423070000E-6	-8.195680000E-8	3.515200000E+0	9.999551758E+3	1.045240000E+3
-1.430520000E-6	-2.011670000E-7	3.528500000E+0	9.999551758E+3	1.046865000E+3
-1.631680000E-6	-3.129260000E-7	3.539500000E+0	9.999551758E+3	1.048152000E+3
-1.460320000E-6	-3.725310000E-8	3.550400000E+0	9.999551758E+3	1.049358000E+3
-1.817950000E-6	1.341110000E-7	3.561800000E+0	9.999551758E+3	1.050555000E+3
-1.631680000E-6	1.490130000E-7	3.573100000E+0	9.999551758E+3	1.052193000E+3
-1.885000000E-6	-7.450630000E-8	3.585700000E+0	9.999551758E+3	1.053943000E+3
-1.423070000E-6	-5.215430000E-8	3.596900000E+0	9.999551758E+3	1.055098000E+3
-1.408170000E-6	-2.011670000E-7	3.612000000E+0	9.999551758E+3	1.056740000E+3
-1.817950000E-6	1.192100000E-7	3.622100000E+0	9.999551758E+3	1.057911000E+3
-1.817950000E-6	1.564630000E-7	3.636000000E+0	9.999551758E+3	1.059889000E+3
-1.661490000E-6	1.415620000E-7	3.647300000E+0	9.999551758E+3	1.061345000E+3
-1.430520000E-6	-4.470370000E-8	3.658800000E+0	9.999551758E+3	1.062632000E+3
-1.721090000E-6	-3.203770000E-7	3.670800000E+0	9.999551758E+3	1.063768000E+3
-1.713640000E-6	-3.203770000E-7	3.680800000E+0	9.999551758E+3	1.065018000E+3
-1.400720000E-6	-6.705570000E-8	3.692400000E+0	9.999551758E+3	1.066587000E+3
-1.907360000E-6	-1.117590000E-7	3.704600000E+0	9.999551758E+3	1.068291000E+3
-1.624230000E-6	-3.203770000E-7	3.716600000E+0	9.999551758E+3	1.069497000E+3
-1.400720000E-6	-8.940740000E-8	3.731000000E+0	9.999551758E+3	1.070891000E+3
-1.885000000E-6	-1.266610000E-7	3.741800000E+0	9.999551758E+3	1.072413000E+3
-1.683840000E-6	-3.427290000E-7	3.752000000E+0	9.999551758E+3	1.073640000E+3
-1.885000000E-6	-1.788150000E-7	3.764700000E+0	9.999551758E+3	1.075278000E+3
-1.505020000E-6	1.117590000E-7	3.776200000E+0	9.999551758E+3	1.076426000E+3
-1.817950000E-6	1.043090000E-7	3.787900000E+0	9.999551758E+3	1.077821000E+3
-1.572080000E-6	-3.203770000E-7	3.798600000E+0	9.999551758E+3	1.079360000E+3
-1.639140000E-6	1.415620000E-7	3.813400000E+0	9.999551758E+3	1.081077000E+3
-1.519930000E-6	2.011670000E-7	3.823600000E+0	9.999551758E+3	1.082337000E+3
-1.497570000E-6	-3.203770000E-7	3.835700000E+0	9.999551758E+3	1.083482000E+3
-1.452870000E-6	1.266610000E-7	3.846300000E+0	9.999551758E+3	1.085218000E+3
-1.780700000E-6	-2.831240000E-7	3.857200000E+0	9.999551758E+3	1.086387000E+3
-1.788150000E-6	6.705570000E-8	3.870700000E+0	9.999551758E+3	1.087873000E+3
-1.318760000E-6	0.000000000E+0	3.884300000E+0	9.999551758E+3	1.089353000E+3
-1.825400000E-6	-3.725310000E-8	3.894400000E+0	9.999551758E+3	1.090549000E+3
-1.706190000E-6	1.266610000E-7	3.907300000E+0	9.999551758E+3	1.092547000E+3
-1.840300000E-6	-1.862650000E-7	3.919200000E+0	9.999551758E+3	1.093765000E+3
-1.393270000E-6	-1.937160000E-7	3.932000000E+0	9.999551758E+3	1.094945000E+3
-1.505020000E-6	1.564630000E-7	3.944400000E+0	9.999551758E+3	1.096690000E+3
-1.527380000E-6	8.940740000E-8	3.957000000E+0	9.999551758E+3	1.098314000E+3
-1.855200000E-6	1.490130000E-8	3.969900000E+0	9.999551758E+3	1.099881000E+3
-1.624230000E-6	-4.023330000E-7	3.981800000E+0	9.999551758E+3	1.101079000E+3
-1.460320000E-6	-1.341110000E-7	3.991900000E+0	9.999551758E+3	1.102286000E+3
-1.668940000E-6	1.266610000E-7	4.004200000E+0	9.999551758E+3	1.104030000E+3
-1.832850000E-6	5.960510000E-8	4.018000000E+0	9.999551758E+3	1.105628000E+3
-1.601880000E-6	-3.576300000E-7	4.029400000E+0	9.999551758E+3	1.106809000E+3
-1.333660000E-6	-6.705570000E-8	4.041800000E+0	9.999551758E+3	1.108201000E+3
-1.542280000E-6	1.415620000E-7	4.053000000E+0	9.999551758E+3	1.109779000E+3
-1.385820000E-6	-8.195680000E-8	4.064200000E+0	9.999551758E+3	1.111076000E+3
-1.378360000E-6	-1.117590000E-7	4.076600000E+0	9.999551758E+3	1.112695000E+3
-1.713640000E-6	8.940740000E-8	4.087600000E+0	9.999551758E+3	1.113890000E+3
-1.311310000E-6	-2.607720000E-7	4.098100000E+0	9.999551758E+3	1.115220000E+3
-1.423070000E-6	4.470370000E-8	4.110700000E+0	9.999551758E+3	1.116437000E+3
-1.415620000E-6	-2.309690000E-7	4.120900000E+0	9.999551758E+3	1.118089000E+3
-1.624230000E-6	1.266610000E-7	4.133800000E+0	9.999551758E+3	1.119642000E+3
-1.750890000E-6	6.705570000E-8	4.147300000E+0	9.999551758E+3	1.120880000E+3
-1.654040000E-6	1.490130000E-7	4.160300000E+0	9.999551758E+3	1.122867000E+3
-1.385820000E-6	-2.086170000E-7	4.172500000E+0	9.999551758E+3	1.124014000E+3
-1.855200000E-6	-3.725310000E-8	4.184700000E+0	9.999551758E+3	1.125350000E+3
-1.765790000E-6	1.490130000E-7	4.197400000E+0	9.999551758E+3	1.126989000E+3
-1.654040000E-6	-3.799810000E-7	4.209300000E+0	9.999551758E+3	1.128716000E+3
-1.452870000E-6	1.266610000E-7	4.219900000E+0	9.999551758E+3	1.129888000E+3
-1.318760000E-6	-8.195680000E-8	4.230200000E+0	9.999551758E+3	1.131163000E+3
-1.624230000E-6	1.266610000E-7	4.241200000E+0	9.999551758E+3	1.132373000E+3
-1.639140000E-6	9.685800000E-8	4.254800000E+0	9.999551758E+3	1.133631000E+3
-1.795600000E-6	-1.937160000E-7	4.265300000E+0	9.999551758E+3	1.135382000E+3
-1.832850000E-6	-4.470370000E-8	4.280400000E+0	9.999551758E+3	1.137013000E+3
-1.795600000E-6	-4.470370000E-8	4.291400000E+0	9.999551758E+3	1.138280000E+3
-1.318760000E-6	-5.960510000E-8	4.302800000E+0	9.999551758E+3	1.139777000E+3
-1.333660000E-6	-2.533220000E-7	4.314600000E+0	9.999551758E+3	1.141415000E+3
-1.534830000E-6	1.266610000E-7	4.325400000E+0	9.999551758E+3	1.142607000E+3
-1.773250000E-6	0.000000000E+0	4.336100000E+0	9.999551758E+3	1.143827000E+3
-1.527380000E-6	-3.874320000E-7	4.349000000E+0	9.999551758E+3	1.145024000E+3
-1.348560000E-6	-2.011670000E-7	4.363200000E+0	9.999551758E+3	1.146967000E+3
-1.318760000E-6	-2.160680000E-7	4.375300000E+0	9.999551758E+3	1.148582000E+3
-1.445420000E-6	-3.874320000E-7	4.390100000E+0	9.999551758E+3	1.150042000E+3
-1.296410000E-6	-1.490130000E-7	4.401800000E+0	9.999551758E+3	1.151625000E+3
-1.460320000E-6	8.195680000E-8	4.412300000E+0	9.999551758E+3	1.152848000E+3
-1.423070000E-6	1.043090000E-7	4.423700000E+0	9.999551758E+3	1.154464000E+3
-1.668940000E-6	-3.427290000E-7	4.436100000E+0	9.999551758E+3	1.155634000E+3
-1.229350000E-6	-1.266610000E-7	4.449500000E+0	9.999551758E+3	1.157363000E+3
-1.743440000E-6	-2.905740000E-7	4.460300000E+0	9.999551758E+3	1.158689000E+3
-1.735990000E-6	-2.011670000E-7	4.474600000E+0	9.999551758E+3	1.160309000E+3
-1.437970000E-6	-3.203770000E-7	4.487800000E+0	9.999551758E+3	1.161879000E+3
-1.780700000E-6	-1.937160000E-7	4.501300000E+0	9.999551758E+3	1.163539000E+3
-1.363460000E-6	3.725310000E-8	4.512700000E+0	9.999551758E+3	1.164692000E+3
-1.460320000E-6	6.705570000E-8	4.524500000E+0	9.999551758E+3	1.166294000E+3
-1.683840000E-6	7.450640000E-9	4.535700000E+0	9.999551758E+3	1.167885000E+3
-1.542280000E-6	5.960510000E-8	4.545900000E+0	9.999551758E+3	1.169149000E+3
-1.333660000E-6	-4.172340000E-7	4.557400000E+0	9.999551758E+3	1.170309000E+3
-1.475220000E-6	-1.490130000E-8	4.568100000E+0	9.999551758E+3	1.171494000E+3
-1.586980000E-6	-3.725310000E-7	4.580800000E+0	9.999551758E+3	1.172852000E+3
-1.274060000E-6	-2.682230000E-7	4.592600000E+0	9.999551758E+3	1.174602000E+3
-1.631680000E-6	0.000000000E+0	4.602900000E+0	9.999551758E+3	1.175776000E+3
-1.706190000E-6	-6.705570000E-8	4.614400000E+0	9.999551758E+3	1.177373000E+3
-1.274060000E-6	-3.129260000E-7	4.626800000E+0	9.999551758E+3	1.178554000E+3
-1.326210000E-6	-3.725310000E-7	4.637500000E+0	9.999551758E+3	1.179818000E+3
-1.579530000E-6	5.960510000E-8	4.649200000E+0	9.999551758E+3	1.181524000E+3
-1.654040000E-6	-2.980250000E-7	4.662100000E+0	9.999551758E+3	1.182736000E+3
-1.169750000E-6	-1.341110000E-7	4.676300000E+0	9.999551758E+3	1.184448000E+3
-1.333660000E-6	-2.980250000E-8	4.687700000E+0	9.999551758E+3	1.186039000E+3
-1.586980000E-6	-1.937160000E-7	4.697800000E+0	9.999551758E+3	1.187238000E+3
-1.259160000E-6	-4.395860000E-7	4.709300000E+0	9.999551758E+3	1.188432000E+3
-1.609330000E-6	-3.501790000E-7	4.721000000E+0	9.999551758E+3	1.190091000E+3
-1.110140000E-6	-1.788150000E-7	4.731700000E+0	9.999551758E+3	1.191265000E+3
-1.549730000E-6	-3.874320000E-7	4.742700000E+0	9.999551758E+3	1.192413000E+3
-1.452870000E-6	-4.097840000E-7	4.752800000E+0	9.999551758E+3	1.193659000E+3
-1.490120000E-6	-4.470370000E-7	4.763700000E+0	9.999551758E+3	1.195280000E+3
-1.445420000E-6	-1.490130000E-8	4.775000000E+0	9.999551758E+3	1.196591000E+3
-1.527380000E-6	-2.011670000E-7	4.785800000E+0	9.999551758E+3	1.197822000E+3
-1.057990000E-6	-2.831240000E-7	4.798800000E+0	9.999551758E+3	1.199348000E+3
-1.125040000E-6	-3.352780000E-7	4.812100000E+0	9.999551758E+3	1.200608000E+3
-1.333660000E-6	-5.364450000E-7	4.826500000E+0	9.999551758E+3	1.202800000E+3
-1.542280000E-6	-3.054760000E-7	4.837600000E+0	9.999551758E+3	1.203913000E+3
-1.400720000E-6	-6.705570000E-8	4.849700000E+0	9.999551758E+3	1.205560000E+3
-1.244250000E-6	2.235190000E-8	4.862000000E+0	9.999551758E+3	1.206834000E+3
-1.035640000E-6	-1.341110000E-7	4.875000000E+0	9.999551758E+3	1.208475000E+3
-1.482670000E-6	-2.756730000E-7	4.888500000E+0	9.999551758E+3	1.210024000E+3
-1.356010000E-6	-5.140940000E-7	4.900300000E+0	9.999551758E+3	1.211241000E+3
-1.057990000E-6	-5.140940000E-7	4.910700000E+0	9.999551758E+3	1.212462000E+3
-1.020740000E-6	-1.341110000E-7	4.921000000E+0	9.999551758E+3	1.214207000E+3
-1.303860000E-6	-1.266610000E-7	4.935000000E+0	9.999551758E+3	1.215783000E+3
-1.035640000E-6	-5.513470000E-7	4.946400000E+0	9.999551758E+3	1.216956000E+3
-9.760330000E-7	-5.140940000E-7	4.957000000E+0	9.999551758E+3	1.218209000E+3
-8.866230000E-7	-3.501790000E-7	4.969800000E+0	9.999551758E+3	1.219797000E+3
-1.333660000E-6	-3.203770000E-7	4.981900000E+0	9.999551758E+3	1.220961000E+3
-9.015240000E-7	-4.470370000E-7	4.993700000E+0	9.999551758E+3	1.222685000E+3
-9.164250000E-7	-1.564630000E-7	5.004600000E+0	9.999551758E+3	1.223892000E+3
-7.972160000E-7	-4.693880000E-7	5.019200000E+0	9.999551758E+3	1.225906000E+3
-1.251700000E-6	-2.607720000E-7	5.030800000E+0	9.999551758E+3	1.227078000E+3
-1.087790000E-6	-1.564630000E-7	5.045000000E+0	9.999551758E+3	1.228712000E+3
-1.020740000E-6	-5.886000000E-7	5.057400000E+0	9.999551758E+3	1.229893000E+3
-1.110140000E-6	-6.109510000E-7	5.070400000E+0	9.999551758E+3	1.232068000E+3
-1.095240000E-6	-3.725310000E-7	5.082800000E+0	9.999551758E+3	1.233350000E+3
-7.450620000E-7	-1.862650000E-7	5.096400000E+0	9.999551758E+3	1.235008000E+3
-1.080340000E-6	-5.438960000E-7	5.109300000E+0	9.999551758E+3	1.236196000E+3
-5.736980000E-7	-3.874320000E-7	5.122600000E+0	9.999551758E+3	1.238263000E+3
-8.270180000E-7	-2.086170000E-7	5.134300000E+0	9.999551758E+3	1.239840000E+3
-9.462270000E-7	-6.854570000E-7	5.146200000E+0	9.999551758E+3	1.241030000E+3
-4.842910000E-7	-5.513470000E-7	5.158100000E+0	9.999551758E+3	1.242225000E+3
-7.152590000E-7	-7.748640000E-7	5.169800000E+0	9.999551758E+3	1.243887000E+3
-6.556550000E-7	-8.195680000E-7	5.183800000E+0	9.999551758E+3	1.245497000E+3
-4.023330000E-7	-3.650800000E-7	5.195300000E+0	9.999551758E+3	1.246687000E+3
-3.650800000E-7	-3.203770000E-7	5.209000000E+0	9.999551758E+3	1.248310000E+3
-3.874320000E-7	-3.278270000E-7	5.219900000E+0	9.999551758E+3	1.249905000E+3
-3.501790000E-7	-7.450620000E-7	5.231000000E+0	9.999551758E+3	1.251219000E+3
-2.160680000E-7	-4.693880000E-7	5.242800000E+0	9.999551758E+3	1.252444000E+3
-2.011670000E-7	-3.278270000E-7	5.255100000E+0	9.999551758E+3	1.254043000E+3
-5.215440000E-7	-2.607720000E-7	5.267900000E+0	9.999551758E+3	1.255614000E+3
-3.874320000E-7	-7.376110000E-7	5.280000000E+0	9.999551758E+3	1.256803000E+3
-9.685800000E-8	-6.407540000E-7	5.290300000E+0	9.999551758E+3	1.258024000E+3
-1.862650000E-7	-7.152590000E-7	5.302600000E+0	9.999551758E+3	1.259664000E+3
-4.768410000E-7	-5.140940000E-7	5.314500000E+0	9.999551758E+3	1.261313000E+3
-2.980250000E-7	-2.533220000E-7	5.327900000E+0	9.999551758E+3	1.262975000E+3
-3.054760000E-7	-6.780060000E-7	5.341300000E+0	9.999551758E+3	1.264345000E+3
-1.341110000E-7	-1.713640000E-7	5.353200000E+0	9.999551758E+3	1.265501000E+3
8.940740000E-8	-3.203770000E-7	5.363900000E+0	9.999551758E+3	1.267144000E+3
-2.756730000E-7	-6.333030000E-7	5.375100000E+0	9.999551758E+3	1.268311000E+3
-3.129260000E-7	-4.023330000E-7	5.386500000E+0	9.999551758E+3	1.269940000E+3
1.415620000E-7	-6.258520000E-7	5.400800000E+0	9.999551758E+3	1.271488000E+3
2.905740000E-7	-5.513470000E-7	5.411600000E+0	9.999551758E+3	1.272726000E+3
-1.639140000E-7	-3.799810000E-7	5.421900000E+0	9.999551758E+3	1.273889000E+3
1.788150000E-7	-1.341110000E-7	5.433800000E+0	9.999551758E+3	1.275558000E+3
-7.450630000E-8	-5.886000000E-7	5.448000000E+0	9.999551758E+3	1.277266000E+3
8.195680000E-8	-1.564630000E-7	5.458300000E+0	9.999551758E+3	1.278421000E+3
2.235180000E-7	-6.705570000E-8	5.471000000E+0	9.999551758E+3	1.280036000E+3
2.011670000E-7	-5.513470000E-7	5.484400000E+0	9.999551758E+3	1.281366000E+3
4.097840000E-7	-3.501790000E-7	5.495200000E+0	9.999551758E+3	1.282947000E+3
2.011670000E-7	-4.768410000E-7	5.508300000E+0	9.999551758E+3	1.284246000E+3
3.948830000E-7	-2.607720000E-7	5.520300000E+0	9.999551758E+3	1.285814000E+3
4.321350000E-7	-1.937160000E-7	5.531000000E+0	9.999551758E+3	1.287422000E+3
-7.450640000E-9	-8.195680000E-8	5.542700000E+0	9.999551758E+3	1.288617000E+3
1.266610000E-7	-5.364450000E-7	5.554500000E+0	9.999551758E+3	1.290175000E+3
3.576300000E-7	-1.490130000E-8	5.567100000E+0	9.999551758E+3	1.291352000E+3
2.086170000E-7	5.215430000E-8	5.578100000E+0	9.999551758E+3	1.292585000E+3
4.544870000E-7	-2.533220000E-7	5.588600000E+0	9.999551758E+3	1.293891000E+3
9.685800000E-8	7.450640000E-9	5.598700000E+0	9.999551758E+3	1.295085000E+3
1.415620000E-7	1.490130000E-8	5.610100000E+0	9.999551758E+3	1.296703000E+3
4.693880000E-7	-8.940740000E-8	5.621900000E+0	9.999551758E+3	1.298366000E+3
4.768410000E-7	-1.937160000E-7	5.634300000E+0	9.999551758E+3	1.299628000E+3
5.066430000E-7	-2.086170000E-7	5.649100000E+0	9.999551758E+3	1.301245000E+3
1.415620000E-7	1.490130000E-8	5.661100000E+0	9.999551758E+3	1.302437000E+3
8.940740000E-8	0.000000000E+0	5.672300000E+0	9.999551758E+3	1.304048000E+3
3.203770000E-7	-3.799810000E-7	5.682500000E+0	9.999551758E+3	1.305225000E+3
-7.450640000E-9	-2.160680000E-7	5.695200000E+0	9.999551758E+3	1.306888000E+3
4.544870000E-7	-3.054760000E-7	5.708800000E+0	9.999551758E+3	1.308443000E+3
4.544870000E-7	4.470370000E-8	5.719100000E+0	9.999551758E+3	1.309650000E+3
5.215430000E-8	-2.160680000E-7	5.729300000E+0	9.999551758E+3	1.310833000E+3
1.490130000E-8	-2.384200000E-7	5.744900000E+0	9.999551758E+3	1.312987000E+3
2.756730000E-7	1.415620000E-7	5.756800000E+0	9.999551758E+3	1.314309000E+3
1.937160000E-7	1.341110000E-7	5.770700000E+0	9.999551758E+3	1.315903000E+3
1.415620000E-7	7.450630000E-8	5.784600000E+0	9.999551758E+3	1.317507000E+3
1.043090000E-7	-2.756730000E-7	5.796600000E+0	9.999551758E+3	1.318710000E+3
1.862650000E-7	-3.874320000E-7	5.806800000E+0	9.999551758E+3	1.320325000E+3
1.192100000E-7	-3.799810000E-7	5.820400000E+0	9.999551758E+3	1.321931000E+3
2.458710000E-7	-3.948830000E-7	5.833500000E+0	9.999551758E+3	1.323535000E+3
2.607720000E-7	1.043090000E-7	5.844500000E+0	9.999551758E+3	1.324702000E+3
2.980250000E-8	-2.384200000E-7	5.856500000E+0	9.999551758E+3	1.326085000E+3
3.725310000E-7	-3.427290000E-7	5.869000000E+0	9.999551758E+3	1.327647000E+3
4.693880000E-7	-1.415620000E-7	5.881600000E+0	9.999551758E+3	1.329232000E+3
1.192100000E-7	9.685800000E-8	5.894600000E+0	9.999551758E+3	1.330429000E+3
3.129260000E-7	1.192100000E-7	5.906700000E+0	9.999551758E+3	1.332060000E+3
3.874320000E-7	5.960510000E-8	5.919600000E+0	9.999551758E+3	1.333690000E+3
3.203770000E-7	-2.980250000E-7	5.930800000E+0	9.999551758E+3	1.335362000E+3
4.097840000E-7	-2.756730000E-7	5.942400000E+0	9.999551758E+3	1.336609000E+3
3.650800000E-7	1.192100000E-7	5.955100000E+0	9.999551758E+3	1.338167000E+3
3.725310000E-8	-3.725310000E-8	5.968500000E+0	9.999551758E+3	1.339376000E+3
5.960510000E-8	-2.756730000E-7	5.978800000E+0	9.999551758E+3	1.340966000E+3
3.799810000E-7	-3.278270000E-7	5.990000000E+0	9.999551758E+3	1.342174000E+3
2.309690000E-7	-3.874320000E-7	6.003000000E+0	9.999551758E+3	1.343810000E+3
4.917420000E-7	7.450640000E-9	6.015400000E+0	9.999551758E+3	1.345363000E+3
1.937160000E-7	9.685800000E-8	6.027600000E+0	9.999551758E+3	1.346581000E+3
1.266610000E-7	-2.905740000E-7	6.038800000E+0	9.999551758E+3	1.347959000E+3
5.364450000E-7	-1.937160000E-7	6.052100000E+0	9.999551758E+3	1.349688000E+3
8.940740000E-8	8.195680000E-8	6.064500000E+0	9.999551758E+3	1.351237000E+3
5.215430000E-8	-1.937160000E-7	6.077400000E+0	9.999551758E+3	1.352816000E+3
4.917420000E-7	5.960510000E-8	6.088300000E+0	9.999551758E+3	1.354143000E+3
4.917420000E-7	-2.905740000E-7	6.101300000E+0	9.999551758E+3	1.355621000E+3
5.513470000E-7	-1.937160000E-7	6.113800000E+0	9.999551758E+3	1.356871000E+3
5.140940000E-7	-6.705570000E-8	6.125200000E+0	9.999551758E+3	1.358467000E+3
1.490130000E-8	-2.086170000E-7	6.135400000E+0	9.999551758E+3	1.359631000E+3
3.129260000E-7	-3.203770000E-7	6.149500000E+0	9.999551758E+3	1.361384000E+3
4.544870000E-7	-1.788150000E-7	6.164100000E+0	9.999551758E+3	1.362969000E+3
5.215440000E-7	-6.705570000E-8	6.178500000E+0	9.999551758E+3	1.364567000E+3
4.097840000E-7	-1.713640000E-7	6.190800000E+0	9.999551758E+3	1.366195000E+3
4.395860000E-7	5.960510000E-8	6.203000000E+0	9.999551758E+3	1.367783000E+3
2.458710000E-7	-3.874320000E-7	6.214800000E+0	9.999551758E+3	1.369464000E+3
1.862650000E-7	1.490130000E-7	6.227100000E+0	9.999551758E+3	1.370618000E+3
1.266610000E-7	7.450630000E-8	6.239500000E+0	9.999551758E+3	1.372222000E+3
2.086170000E-7	1.192100000E-7	6.252000000E+0	9.999551758E+3	1.373850000E+3
5.066430000E-7	5.215430000E-8	6.265400000E+0	9.999551758E+3	1.375135000E+3
5.215430000E-8	-1.490130000E-7	6.275500000E+0	9.999551758E+3	1.376335000E+3
1.341110000E-7	-3.427290000E-7	6.288300000E+0	9.999551758E+3	1.377909000E+3
2.533220000E-7	-3.352780000E-7	6.299600000E+0	9.999551758E+3	1.379514000E+3
5.364450000E-7	-1.713640000E-7	6.310300000E+0	9.999551758E+3	1.380728000E+3
4.917420000E-7	-6.705570000E-8	6.321500000E+0	9.999551758E+3	1.381969000E+3
5.438960000E-7	-5.960510000E-8	6.333400000E+0	9.999551758E+3	1.383584000E+3
3.576300000E-7	-4.097840000E-7	6.347800000E+0	9.999551758E+3	1.385236000E+3
4.172340000E-7	-3.948830000E-7	6.359600000E+0	9.999551758E+3	1.386494000E+3
5.215430000E-8	-8.940740000E-8	6.370300000E+0	9.999551758E+3	1.387639000E+3
4.246850000E-7	5.960510000E-8	6.383400000E+0	9.999551758E+3	1.389306000E+3
4.321350000E-7	-2.905740000E-7	6.395700000E+0	9.999551758E+3	1.390967000E+3
3.501790000E-7	-3.874320000E-7	6.408400000E+0	9.999551758E+3	1.392598000E+3
4.917420000E-7	8.195680000E-8	6.418700000E+0	9.999551758E+3	1.393793000E+3
0.000000000E+0	-6.705570000E-8	6.428900000E+0	9.999551758E+3	1.394981000E+3
3.129260000E-7	-3.725310000E-7	6.440500000E+0	9.999551758E+3	1.396192000E+3
5.066430000E-7	-7.450640000E-9	6.452400000E+0	9.999551758E+3	1.397387000E+3
2.235190000E-8	0.000000000E+0	6.463800000E+0	9.999551758E+3	1.399121000E+3
2.011670000E-7	-4.172340000E-7	6.473900000E+0	9.999551758E+3	1.400329000E+3
5.140940000E-7	-6.705570000E-8	6.484200000E+0	9.999551758E+3	1.401520000E+3
1.043090000E-7	-3.129260000E-7	6.497800000E+0	9.999551758E+3	1.403205000E+3
4.470370000E-8	5.960510000E-8	6.509400000E+0	9.999551758E+3	1.404328000E+3
0.000000000E+0	-8.940740000E-8	6.522000000E+0	9.999551758E+3	1.405923000E+3
1.117590000E-7	-2.533220000E-7	6.533900000E+0	9.999551758E+3	1.407519000E+3
2.831240000E-7	1.341110000E-7	6.546000000E+0	9.999551758E+3	1.409193000E+3
4.917420000E-7	-2.309690000E-7	6.557300000E+0	9.999551758E+3	1.410352000E+3
4.023330000E-7	-3.799810000E-7	6.571400000E+0	9.999551758E+3	1.411977000E+3
3.352780000E-7	9.685800000E-8	6.584100000E+0	9.999551758E+3	1.413510000E+3
4.470370000E-8	4.470370000E-8	6.596000000E+0	9.999551758E+3	1.414735000E+3
4.023330000E-7	-2.756730000E-7	6.606200000E+0	9.999551758E+3	1.415914000E+3
1.564630000E-7	-3.650800000E-7	6.616900000E+0	9.999551758E+3	1.417552000E+3
1.341110000E-7	8.940740000E-8	6.629400000E+0	9.999551758E+3	1.418870000E+3
-3.725310000E-8	-7.450630000E-8	6.642000000E+0	9.999551758E+3	1.420464000E+3
4.768410000E-7	-2.980250000E-8	6.654800000E+0	9.999551758E+3	1.422140000E+3
3.054760000E-7	-4.470370000E-7	6.665800000E+0	9.999551758E+3	1.423279000E+3
4.544870000E-7	2.980250000E-8	6.676000000E+0	9.999551758E+3	1.424652000E+3
2.458710000E-7	1.341110000E-7	6.690300000E+0	9.999551758E+3	1.426239000E+3
3.725310000E-8	-2.384200000E-7	6.700900000E+0	9.999551758E+3	1.427444000E+3
4.768410000E-7	-5.960510000E-8	6.711300000E+0	9.999551758E+3	1.428611000E+3
3.501790000E-7	5.960510000E-8	6.723900000E+0	9.999551758E+3	1.430203000E+3
4.395860000E-7	0.000000000E+0	6.736500000E+0	9.999551758E+3	1.431831000E+3
1.192100000E-7	6.705570000E-8	6.749200000E+0	9.999551758E+3	1.433404000E+3
5.960510000E-8	7.450640000E-9	6.761000000E+0	9.999551758E+3	1.434645000E+3
4.321350000E-7	-2.458710000E-7	6.773800000E+0	9.999551758E+3	1.436360000E+3
3.129260000E-7	1.266610000E-7	6.784000000E+0	9.999551758E+3	1.437548000E+3
5.215430000E-8	-2.458710000E-7	6.796400000E+0	9.999551758E+3	1.438920000E+3
5.066430000E-7	-2.086170000E-7	6.809400000E+0	9.999551758E+3	1.440466000E+3
4.842910000E-7	0.000000000E+0	6.819900000E+0	9.999551758E+3	1.441703000E+3
8.940740000E-8	-5.960510000E-8	6.832200000E+0	9.999551758E+3	1.443260000E+3
3.501790000E-7	5.215430000E-8	6.845200000E+0	9.999551758E+3	1.444910000E+3
5.215430000E-8	-1.713640000E-7	6.855600000E+0	9.999551758E+3	1.446108000E+3
2.235190000E-8	-2.458710000E-7	6.866600000E+0	9.999551758E+3	1.447358000E+3
4.023330000E-7	-3.129260000E-7	6.879400000E+0	9.999551758E+3	1.448912000E+3
4.917420000E-7	-2.160680000E-7	6.891800000E+0	9.999551758E+3	1.450515000E+3
5.960510000E-8	-1.490130000E-8	6.902100000E+0	9.999551758E+3	1.451689000E+3
4.693880000E-7	-2.309690000E-7	6.912800000E+0	9.999551758E+3	1.452852000E+3
5.662480000E-7	-2.160680000E-7	6.923400000E+0	9.999551758E+3	1.454108000E+3
5.066430000E-7	-1.415620000E-7	6.935400000E+0	9.999551758E+3	1.455714000E+3
2.607720000E-7	1.266610000E-7	6.946600000E+0	9.999551758E+3	1.457276000E+3
9.685800000E-8	-3.650800000E-7	6.959300000E+0	9.999551758E+3	1.458463000E+3
3.725310000E-8	-5.215430000E-8	6.972200000E+0	9.999551758E+3	1.460117000E+3
3.427290000E-7	-3.799810000E-7	6.982400000E+0	9.999551758E+3	1.461310000E+3
5.960510000E-8	-6.705570000E-8	6.993400000E+0	9.999551758E+3	1.462626000E+3
8.940740000E-8	-1.713640000E-7	7.004300000E+0	9.999551758E+3	1.463860000E+3
5.289950000E-7	-2.011670000E-7	7.014500000E+0	9.999551758E+3	1.465042000E+3
2.533220000E-7	-3.427290000E-7	7.024800000E+0	9.999551758E+3	1.466361000E+3
1.490130000E-8	-1.341110000E-7	7.037000000E+0	9.999551758E+3	1.467997000E+3
4.097840000E-7	-2.980250000E-7	7.051000000E+0	9.999551758E+3	1.469551000E+3
4.544870000E-7	0.000000000E+0	7.062000000E+0	9.999551758E+3	1.470763000E+3
4.991930000E-7	-6.705570000E-8	7.074400000E+0	9.999551758E+3	1.472388000E+3
3.352780000E-7	8.940740000E-8	7.086600000E+0	9.999551758E+3	1.473979000E+3
1.490130000E-8	-3.725310000E-8	7.097800000E+0	9.999551758E+3	1.475182000E+3
2.309690000E-7	-4.395860000E-7	7.108900000E+0	9.999551758E+3	1.476386000E+3
5.215440000E-7	-1.490130000E-8	7.122500000E+0	9.999551758E+3	1.478128000E+3
4.470370000E-8	1.490130000E-8	7.134400000E+0	9.999551758E+3	1.479677000E+3
3.576300000E-7	-4.023330000E-7	7.145600000E+0	9.999551758E+3	1.480868000E+3
4.544870000E-7	-2.905740000E-7	7.156700000E+0	9.999551758E+3	1.482100000E+3
3.799810000E-7	1.117590000E-7	7.170200000E+0	9.999551758E+3	1.483660000E+3
2.607720000E-7	-3.576300000E-7	7.181200000E+0	9.999551758E+3	1.484998000E+3
5.364450000E-7	-3.129260000E-7	7.191900000E+0	9.999551758E+3	1.486223000E+3
5.438960000E-7	-8.940740000E-8	7.202500000E+0	9.999551758E+3	1.487816000E+3
3.874320000E-7	1.341110000E-7	7.213500000E+0	9.999551758E+3	1.489408000E+3
-2.980250000E-8	-7.450630000E-8	7.224700000E+0	9.999551758E+3	1.490607000E+3
3.352780000E-7	-3.427290000E-7	7.237000000E+0	9.999551758E+3	1.491808000E+3
4.246850000E-7	-2.756730000E-7	7.248200000E+0	9.999551758E+3	1.493056000E+3
4.693880000E-7	-1.862650000E-7	7.259100000E+0	9.999551758E+3	1.494653000E+3
4.470370000E-8	-1.490130000E-7	7.270900000E+0	9.999551758E+3	1.495800000E+3
4.470370000E-8	-3.203770000E-7	7.281500000E+0	9.999551758E+3	1.497041000E+3
4.395860000E-7	-3.203770000E-7	7.293600000E+0	9.999551758E+3	1.498614000E+3
5.960510000E-8	-2.160680000E-7	7.305400000E+0	9.999551758E+3	1.500276000E+3
5.587970000E-7	-1.713640000E-7	7.315500000E+0	9.999551758E+3	1.501460000E+3
1.490130000E-8	-1.043090000E-7	7.326000000E+0	9.999551758E+3	1.502622000E+3
4.470370000E-8	-2.682230000E-7	7.336400000E+0	9.999551758E+3	1.503859000E+3
4.097840000E-7	5.960510000E-8	7.347800000E+0	9.999551758E+3	1.505016000E+3
2.235180000E-7	-3.650800000E-7	7.359000000E+0	9.999551758E+3	1.506344000E+3
1.117590000E-7	-3.501790000E-7	7.372900000E+0	9.999551758E+3	1.507978000E+3
2.980250000E-8	-2.160680000E-7	7.385100000E+0	9.999551758E+3	1.509608000E+3
4.991930000E-7	-6.705570000E-8	7.397800000E+0	9.999551758E+3	1.511141000E+3
5.364450000E-7	-1.415620000E-7	7.409400000E+0	9.999551758E+3	1.512758000E+3
2.980250000E-8	-1.639140000E-7	7.420300000E+0	9.999551758E+3	1.513926000E+3
5.438960000E-7	-1.192100000E-7	7.432000000E+0	9.999551758E+3	1.515270000E+3
4.470370000E-8	7.450640000E-9	7.445300000E+0	9.999551758E+3	1.516995000E+3
5.215440000E-7	-3.725310000E-8	7.456300000E+0	9.999551758E+3	1.518133000E+3
1.266610000E-7	-3.427290000E-7	7.467800000E+0	9.999551758E+3	1.519275000E+3
7.450630000E-8	-2.980250000E-7	7.480100000E+0	9.999551758E+3	1.520896000E+3
1.564630000E-7	-3.576300000E-7	7.490500000E+0	9.999551758E+3	1.522149000E+3
3.725310000E-8	-8.195680000E-8	7.500800000E+0	9.999551758E+3	1.523436000E+3
2.011670000E-7	-3.129260000E-7	7.512200000E+0	9.999551758E+3	1.525031000E+3
5.960510000E-8	0.000000000E+0	7.526100000E+0	9.999551758E+3	1.526676000E+3
4.768410000E-7	-7.450630000E-8	7.536800000E+0	9.999551758E+3	1.527822000E+3
2.756730000E-7	1.341110000E-7	7.549800000E+0	9.999551758E+3	1.529398000E+3
5.066430000E-7	3.725310000E-8	7.563800000E+0	9.999551758E+3	1.531038000E+3
-1.490130000E-8	-1.043090000E-7	7.575300000E+0	9.999551758E+3	1.532226000E+3
1.862650000E-7	-3.278270000E-7	7.585500000E+0	9.999551758E+3	1.533440000E+3
2.160680000E-7	-3.650800000E-7	7.600800000E+0	9.999551758E+3	1.535600000E+3
5.364450000E-7	-1.341110000E-7	7.610800000E+0	9.999551758E+3	1.536802000E+3
2.309690000E-7	1.713640000E-7	7.622700000E+0	9.999551758E+3	1.538368000E+3
2.235190000E-8	-1.266610000E-7	7.634400000E+0	9.999551758E+3	1.539578000E+3
4.321350000E-7	-1.415620000E-7	7.644900000E+0	9.999551758E+3	1.540750000E+3
4.917420000E-7	-1.341110000E-7	7.655000000E+0	9.999551758E+3	1.541999000E+3
5.513470000E-7	-1.043090000E-7	7.669800000E+0	9.999551758E+3	1.543620000E+3
5.215440000E-7	-3.725310000E-8	7.680500000E+0	9.999551758E+3	1.545225000E+3
9.685800000E-8	1.043090000E-7	7.691700000E+0	9.999551758E+3	1.546415000E+3
4.693880000E-7	-1.713640000E-7	7.701900000E+0	9.999551758E+3	1.547567000E+3
2.905740000E-7	-3.352780000E-7	7.714500000E+0	9.999551758E+3	1.549215000E+3
2.235190000E-8	-2.607720000E-7	7.727900000E+0	9.999551758E+3	1.550870000E+3
6.705570000E-8	-2.756730000E-7	7.738900000E+0	9.999551758E+3	1.552122000E+3
5.513470000E-7	-1.192100000E-7	7.749100000E+0	9.999551758E+3	1.553306000E+3
4.768410000E-7	6.705570000E-8	7.761900000E+0	9.999551758E+3	1.554893000E+3
1.862650000E-7	6.705570000E-8	7.775100000E+0	9.999551758E+3	1.556472000E+3
1.713640000E-7	-3.576300000E-7	7.786700000E+0	9.999551758E+3	1.557670000E+3
4.991930000E-7	-2.384200000E-7	7.797600000E+0	9.999551758E+3	1.558883000E+3
3.203770000E-7	-3.576300000E-7	7.810200000E+0	9.999551758E+3	1.560514000E+3
4.917420000E-7	-1.490130000E-8	7.820300000E+0	9.999551758E+3	1.561726000E+3
2.905740000E-7	5.960510000E-8	7.831100000E+0	9.999551758E+3	1.563304000E+3
1.192100000E-7	-3.278270000E-7	7.841500000E+0	9.999551758E+3	1.564492000E+3
2.458710000E-7	-3.874320000E-7	7.854000000E+0	9.999551758E+3	1.566086000E+3
3.799810000E-7	-3.054760000E-7	7.865000000E+0	9.999551758E+3	1.567322000E+3
7.450640000E-9	-4.470370000E-8	7.878700000E+0	9.999551758E+3	1.568652000E+3
4.842910000E-7	-2.309690000E-7	7.891300000E+0	9.999551758E+3	1.570373000E+3
4.693880000E-7	-2.086170000E-7	7.902000000E+0	9.999551758E+3	1.571608000E+3
2.235180000E-7	1.266610000E-7	7.912100000E+0	9.999551758E+3	1.572807000E+3
5.960510000E-8	9.685800000E-8	7.925600000E+0	9.999551758E+3	1.574405000E+3
3.725310000E-8	-2.235180000E-7	7.938000000E+0	9.999551758E+3	1.575982000E+3
1.415620000E-7	-3.278270000E-7	7.950300000E+0	9.999551758E+3	1.577583000E+3
3.725310000E-7	-3.203770000E-7	7.960900000E+0	9.999551758E+3	1.578807000E+3
2.756730000E-7	1.043090000E-7	7.971300000E+0	9.999551758E+3	1.579997000E+3
7.450640000E-9	-1.639140000E-7	7.984500000E+0	9.999551758E+3	1.581557000E+3
1.341110000E-7	-3.352780000E-7	7.996500000E+0	9.999551758E+3	1.583147000E+3
9.685800000E-8	-3.427290000E-7	8.007600000E+0	9.999551758E+3	1.584761000E+3
