20251106_HM499GaHf2Nb_chiAC_vs_T_B_0T.003.txt Thu, Nov 6, 2025 3:39:42 PM Gabriele
Magnet: None
Trigger spacing of 0.010000 on column #3
Offsets:	0.000000000E+0	0.000000000E+0	0.000000000E+0	0.000000000E+0	0.000000000E+0

Scale Factors:	1.000000000E+0	1.000000000E+0	1.000000000E+0	1.000000000E+0	1.000000000E+0


Lockin_V_003	Chan2_V_003	Temperature_003	Field_003	Timestamp_003
-6.705570000E-8	0.000000000E+0	7.997400000E+0	2.858541012E-1	2.500000000E-2
5.960510000E-8	-2.533220000E-7	7.985200000E+0	2.858541012E-1	6.440900000E+1
3.576300000E-7	-1.490130000E-7	7.974400000E+0	2.858541012E-1	6.561900000E+1
3.576300000E-7	-1.564630000E-7	7.963800000E+0	2.858541012E-1	6.652000000E+1
2.533220000E-7	-2.682230000E-7	7.950400000E+0	2.858541012E-1	6.797700000E+1
4.395860000E-7	-1.788150000E-7	7.937400000E+0	2.858541012E-1	6.902800000E+1
2.235190000E-8	-2.086170000E-7	7.927100000E+0	2.858541012E-1	7.051500000E+1
-1.341110000E-7	4.470370000E-8	7.915900000E+0	2.858541012E-1	7.161300000E+1
3.725310000E-8	2.011670000E-7	7.901300000E+0	2.858541012E-1	7.361100000E+1
-7.450630000E-8	4.470370000E-8	7.888600000E+0	2.858541012E-1	7.467100000E+1
4.544870000E-7	3.725310000E-8	7.877300000E+0	2.858541012E-1	7.636500000E+1
1.490130000E-7	2.607720000E-7	7.866500000E+0	2.858541012E-1	7.774900000E+1
6.705570000E-8	1.937160000E-7	7.856200000E+0	2.858541012E-1	7.899100000E+1
4.172340000E-7	1.862650000E-7	7.843100000E+0	2.858541012E-1	8.029200000E+1
8.940740000E-8	-3.054760000E-7	7.831900000E+0	2.858541012E-1	8.162600000E+1
2.980250000E-7	2.458710000E-7	7.821100000E+0	2.858541012E-1	8.296700000E+1
2.980250000E-8	-1.341110000E-7	7.808700000E+0	2.858541012E-1	8.451800000E+1
1.564630000E-7	2.384200000E-7	7.795100000E+0	2.858541012E-1	8.600200000E+1
3.054760000E-7	-2.607720000E-7	7.784600000E+0	2.858541012E-1	8.716500000E+1
1.043090000E-7	2.384200000E-7	7.774100000E+0	2.858541012E-1	8.851000000E+1
4.246850000E-7	-1.490130000E-7	7.763700000E+0	2.858541012E-1	8.983800000E+1
0.000000000E+0	5.960510000E-8	7.753600000E+0	2.858541012E-1	9.117700000E+1
2.235190000E-8	1.415620000E-7	7.741600000E+0	2.858541012E-1	9.244300000E+1
-2.235190000E-8	-4.470370000E-8	7.728600000E+0	2.858541012E-1	9.385400000E+1
1.043090000E-7	1.862650000E-7	7.717600000E+0	2.858541012E-1	9.550800000E+1
1.862650000E-7	1.788150000E-7	7.703700000E+0	2.858541012E-1	9.677300000E+1
0.000000000E+0	-1.862650000E-7	7.692700000E+0	2.858541012E-1	9.813900000E+1
4.619380000E-7	-6.705570000E-8	7.681600000E+0	2.858541012E-1	9.950900000E+1
3.799810000E-7	1.564630000E-7	7.668400000E+0	2.858541012E-1	1.010970000E+2
4.172340000E-7	1.862650000E-7	7.658000000E+0	2.858541012E-1	1.025430000E+2
3.799810000E-7	1.490130000E-7	7.644600000E+0	2.858541012E-1	1.041560000E+2
3.278270000E-7	2.160680000E-7	7.632200000E+0	2.858541012E-1	1.055760000E+2
3.427290000E-7	-2.682230000E-7	7.618100000E+0	2.858541012E-1	1.074360000E+2
8.195680000E-8	-2.458710000E-7	7.604800000E+0	2.858541012E-1	1.085450000E+2
3.874320000E-7	-8.940740000E-8	7.594400000E+0	2.858541012E-1	1.101070000E+2
-1.490130000E-8	-4.470370000E-8	7.581000000E+0	2.858541012E-1	1.116150000E+2
2.011670000E-7	3.203770000E-7	7.569300000E+0	2.858541012E-1	1.131000000E+2
4.470370000E-8	-2.086170000E-7	7.558800000E+0	2.858541012E-1	1.142830000E+2
3.054760000E-7	2.086170000E-7	7.545800000E+0	2.858541012E-1	1.159790000E+2
4.246850000E-7	-2.011670000E-7	7.535200000E+0	2.858541012E-1	1.169310000E+2
2.011670000E-7	2.086170000E-7	7.521300000E+0	2.858541012E-1	1.186580000E+2
4.619380000E-7	1.043090000E-7	7.508400000E+0	2.858541012E-1	1.203080000E+2
3.352780000E-7	-1.341110000E-7	7.497000000E+0	2.858541012E-1	1.217770000E+2
3.054760000E-7	1.490130000E-7	7.483700000E+0	2.858541012E-1	1.233440000E+2
4.544870000E-7	1.117590000E-7	7.471300000E+0	2.858541012E-1	1.247970000E+2
1.564630000E-7	2.235180000E-7	7.461100000E+0	2.858541012E-1	1.260070000E+2
2.309690000E-7	-2.756730000E-7	7.449500000E+0	2.858541012E-1	1.273570000E+2
-3.725310000E-8	1.266610000E-7	7.437500000E+0	2.858541012E-1	1.286820000E+2
3.874320000E-7	7.450630000E-8	7.425900000E+0	2.858541012E-1	1.300010000E+2
1.490130000E-7	-3.129260000E-7	7.412800000E+0	2.858541012E-1	1.316690000E+2
1.490130000E-8	-2.086170000E-7	7.402100000E+0	2.858541012E-1	1.331260000E+2
4.544870000E-7	-1.341110000E-7	7.390800000E+0	2.858541012E-1	1.346870000E+2
2.533220000E-7	-2.682230000E-7	7.377400000E+0	2.858541012E-1	1.361450000E+2
-7.450640000E-9	1.341110000E-7	7.364800000E+0	2.858541012E-1	1.380060000E+2
1.490130000E-8	-1.639140000E-7	7.354400000E+0	2.858541012E-1	1.386890000E+2
-2.980250000E-8	9.685800000E-8	7.342600000E+0	2.858541012E-1	1.403380000E+2
2.235190000E-8	-1.564630000E-7	7.332000000E+0	2.858541012E-1	1.413790000E+2
2.980250000E-8	2.309690000E-7	7.318900000E+0	2.858541012E-1	1.432220000E+2
2.086170000E-7	-2.533220000E-7	7.307600000E+0	2.858541012E-1	1.444080000E+2
-1.490130000E-8	1.266610000E-7	7.296000000E+0	2.858541012E-1	1.462660000E+2
-5.215430000E-8	1.117590000E-7	7.282900000E+0	2.858541012E-1	1.475110000E+2
3.203770000E-7	-2.160680000E-7	7.268900000E+0	2.858541012E-1	1.492280000E+2
2.980250000E-8	1.564630000E-7	7.256700000E+0	2.858541012E-1	1.503950000E+2
4.470370000E-7	-7.450630000E-8	7.242900000E+0	2.858541012E-1	1.519050000E+2
2.682230000E-7	2.533220000E-7	7.230100000E+0	2.858541012E-1	1.534670000E+2
1.341110000E-7	-2.682230000E-7	7.217000000E+0	2.858541012E-1	1.553540000E+2
0.000000000E+0	1.266610000E-7	7.204300000E+0	2.858541012E-1	1.572040000E+2
-5.215430000E-8	-5.215430000E-8	7.190800000E+0	2.858541012E-1	1.584370000E+2
4.693880000E-7	-2.235190000E-8	7.177500000E+0	2.858541012E-1	1.601530000E+2
2.384200000E-7	2.309690000E-7	7.161800000E+0	2.858541012E-1	1.618970000E+2
3.054760000E-7	-2.831240000E-7	7.148700000E+0	2.858541012E-1	1.632280000E+2
-5.960510000E-8	-2.235190000E-8	7.135300000E+0	2.858541012E-1	1.650760000E+2
-3.725310000E-8	-1.341110000E-7	7.124600000E+0	2.858541012E-1	1.663220000E+2
4.395860000E-7	1.490130000E-7	7.111100000E+0	2.858541012E-1	1.680280000E+2
0.000000000E+0	9.685800000E-8	7.098100000E+0	2.858541012E-1	1.697560000E+2
3.501790000E-7	-2.086170000E-7	7.085900000E+0	2.858541012E-1	1.711130000E+2
4.470370000E-7	1.490130000E-8	7.072200000E+0	2.858541012E-1	1.727050000E+2
4.619380000E-7	-1.192100000E-7	7.058200000E+0	2.858541012E-1	1.741530000E+2
1.639140000E-7	-2.458710000E-7	7.047500000E+0	2.858541012E-1	1.756280000E+2
3.650800000E-7	-1.341110000E-7	7.037300000E+0	2.858541012E-1	1.768430000E+2
-5.960510000E-8	0.000000000E+0	7.024000000E+0	2.858541012E-1	1.787160000E+2
0.000000000E+0	1.564630000E-7	7.010700000E+0	2.858541012E-1	1.803430000E+2
2.309690000E-7	2.384200000E-7	6.997200000E+0	2.858541012E-1	1.816310000E+2
2.980250000E-8	1.564630000E-7	6.983800000E+0	2.858541012E-1	1.832280000E+2
3.799810000E-7	2.086170000E-7	6.971900000E+0	2.858541012E-1	1.847050000E+2
-1.490130000E-8	1.117590000E-7	6.961300000E+0	2.858541012E-1	1.859010000E+2
4.172340000E-7	-1.341110000E-7	6.949500000E+0	2.858541012E-1	1.872510000E+2
-7.450640000E-9	1.266610000E-7	6.938600000E+0	2.858541012E-1	1.886040000E+2
3.799810000E-7	-1.564630000E-7	6.925600000E+0	2.858541012E-1	1.903060000E+2
2.384200000E-7	-2.905740000E-7	6.911900000E+0	2.858541012E-1	1.923010000E+2
1.415620000E-7	-3.129260000E-7	6.899200000E+0	2.858541012E-1	1.933810000E+2
-5.215430000E-8	-2.011670000E-7	6.889200000E+0	2.858541012E-1	1.948460000E+2
3.129260000E-7	-1.490130000E-7	6.877800000E+0	2.858541012E-1	1.960480000E+2
2.384200000E-7	2.011670000E-7	6.865300000E+0	2.858541012E-1	1.974250000E+2
4.470370000E-7	-5.215430000E-8	6.852600000E+0	2.858541012E-1	1.987230000E+2
1.639140000E-7	2.011670000E-7	6.841200000E+0	2.858541012E-1	2.004650000E+2
-6.705570000E-8	-1.192100000E-7	6.830700000E+0	2.858541012E-1	2.016640000E+2
2.458710000E-7	2.458710000E-7	6.819300000E+0	2.858541012E-1	2.031660000E+2
-8.940740000E-8	-1.415620000E-7	6.807600000E+0	2.858541012E-1	2.043570000E+2
-6.705570000E-8	1.862650000E-7	6.796700000E+0	2.858541012E-1	2.056470000E+2
4.097840000E-7	-1.415620000E-7	6.785700000E+0	2.858541012E-1	2.069910000E+2
4.246850000E-7	-4.470370000E-8	6.774200000E+0	2.858541012E-1	2.087670000E+2
-8.195680000E-8	1.266610000E-7	6.760200000E+0	2.858541012E-1	2.101200000E+2
1.266610000E-7	2.533220000E-7	6.749600000E+0	2.858541012E-1	2.114060000E+2
3.278270000E-7	-2.607720000E-7	6.736800000E+0	2.858541012E-1	2.132760000E+2
-8.940740000E-8	-6.705570000E-8	6.726100000E+0	2.858541012E-1	2.140580000E+2
3.874320000E-7	4.470370000E-8	6.715600000E+0	2.858541012E-1	2.155800000E+2
-3.725310000E-8	5.215430000E-8	6.703700000E+0	2.858541012E-1	2.165760000E+2
4.172340000E-7	0.000000000E+0	6.690400000E+0	2.858541012E-1	2.184470000E+2
3.427290000E-7	-1.490130000E-7	6.677900000E+0	2.858541012E-1	2.200870000E+2
3.650800000E-7	-2.160680000E-7	6.665800000E+0	2.858541012E-1	2.215220000E+2
2.980250000E-7	1.788150000E-7	6.655100000E+0	2.858541012E-1	2.227300000E+2
1.713640000E-7	-2.831240000E-7	6.642300000E+0	2.858541012E-1	2.242430000E+2
3.129260000E-7	1.713640000E-7	6.632100000E+0	2.858541012E-1	2.254220000E+2
-5.960510000E-8	-5.215430000E-8	6.619400000E+0	2.858541012E-1	2.267870000E+2
1.117590000E-7	2.533220000E-7	6.608200000E+0	2.858541012E-1	2.280860000E+2
2.235190000E-8	-2.384200000E-7	6.596600000E+0	2.858541012E-1	2.298060000E+2
4.395860000E-7	-1.639140000E-7	6.586100000E+0	2.858541012E-1	2.312060000E+2
3.576300000E-7	-1.788150000E-7	6.574400000E+0	2.858541012E-1	2.324680000E+2
1.192100000E-7	2.607720000E-7	6.563800000E+0	2.858541012E-1	2.336540000E+2
7.450640000E-9	-2.160680000E-7	6.552300000E+0	2.858541012E-1	2.351940000E+2
1.937160000E-7	2.235180000E-7	6.541000000E+0	2.858541012E-1	2.363580000E+2
3.725310000E-7	-1.937160000E-7	6.527600000E+0	2.858541012E-1	2.376710000E+2
-7.450630000E-8	6.705570000E-8	6.516000000E+0	2.858541012E-1	2.395450000E+2
3.352780000E-7	-2.831240000E-7	6.504900000E+0	2.858541012E-1	2.407280000E+2
1.490130000E-7	2.607720000E-7	6.493900000E+0	2.858541012E-1	2.422630000E+2
-7.450630000E-8	-1.415620000E-7	6.482000000E+0	2.858541012E-1	2.434670000E+2
3.799810000E-7	5.960510000E-8	6.469800000E+0	2.858541012E-1	2.448150000E+2
7.450640000E-9	-2.160680000E-7	6.459300000E+0	2.858541012E-1	2.461470000E+2
-2.235190000E-8	-1.192100000E-7	6.448700000E+0	2.858541012E-1	2.474110000E+2
2.533220000E-7	-2.533220000E-7	6.436300000E+0	2.858541012E-1	2.491670000E+2
-2.980250000E-8	1.639140000E-7	6.423800000E+0	2.858541012E-1	2.504990000E+2
3.799810000E-7	1.415620000E-7	6.411200000E+0	2.858541012E-1	2.523340000E+2
8.940740000E-8	2.533220000E-7	6.397800000E+0	2.858541012E-1	2.535570000E+2
3.799810000E-7	-5.960510000E-8	6.385400000E+0	2.858541012E-1	2.548820000E+2
2.309690000E-7	2.458710000E-7	6.374300000E+0	2.858541012E-1	2.562700000E+2
3.725310000E-7	-2.980250000E-8	6.364000000E+0	2.858541012E-1	2.575620000E+2
4.246850000E-7	1.043090000E-7	6.352500000E+0	2.858541012E-1	2.591620000E+2
3.501790000E-7	-1.937160000E-7	6.339900000E+0	2.858541012E-1	2.606350000E+2
3.278270000E-7	5.960510000E-8	6.329600000E+0	2.858541012E-1	2.618500000E+2
4.395860000E-7	-5.960510000E-8	6.316400000E+0	2.858541012E-1	2.633080000E+2
-8.940740000E-8	2.235190000E-8	6.303900000E+0	2.858541012E-1	2.648350000E+2
-5.215430000E-8	-2.309690000E-7	6.293100000E+0	2.858541012E-1	2.662380000E+2
9.685800000E-8	-2.980250000E-7	6.281000000E+0	2.858541012E-1	2.678380000E+2
7.450630000E-8	-2.831240000E-7	6.269900000E+0	2.858541012E-1	2.689190000E+2
1.788150000E-7	-2.905740000E-7	6.259600000E+0	2.858541012E-1	2.705180000E+2
1.266610000E-7	-3.054760000E-7	6.246300000E+0	2.858541012E-1	2.716020000E+2
7.450640000E-9	1.341110000E-7	6.235900000E+0	2.858541012E-1	2.729280000E+2
2.831240000E-7	-2.905740000E-7	6.225000000E+0	2.858541012E-1	2.742610000E+2
-3.725310000E-8	1.192100000E-7	6.213100000E+0	2.858541012E-1	2.759790000E+2
-1.713640000E-7	-3.650800000E-7	6.200200000E+0	2.858541012E-1	2.773610000E+2
1.117590000E-7	7.450630000E-8	6.189400000E+0	2.858541012E-1	2.786970000E+2
-1.490130000E-8	-5.960510000E-8	6.176400000E+0	2.858541012E-1	2.805040000E+2
-3.352780000E-7	-4.544870000E-7	6.165400000E+0	2.858541012E-1	2.812940000E+2
-3.576300000E-7	-5.960510000E-8	6.154600000E+0	2.858541012E-1	2.828170000E+2
-7.376110000E-7	-3.650800000E-7	6.143900000E+0	2.858541012E-1	2.838420000E+2
-9.611320000E-7	-4.321350000E-7	6.133200000E+0	2.858541012E-1	2.854600000E+2
-1.162300000E-6	-1.788150000E-7	6.120900000E+0	2.858541012E-1	2.869040000E+2
-7.450620000E-7	-4.321350000E-7	6.110700000E+0	2.858541012E-1	2.884330000E+2
-1.207000000E-6	0.000000000E+0	6.098700000E+0	2.858541012E-1	2.896200000E+2
-1.393270000E-6	-4.172340000E-7	6.086200000E+0	2.858541012E-1	2.909920000E+2
-1.557180000E-6	-3.203770000E-7	6.074000000E+0	2.858541012E-1	2.922590000E+2
-1.214450000E-6	-5.215430000E-8	6.062000000E+0	2.858541012E-1	2.936140000E+2
-1.326210000E-6	-1.415620000E-7	6.049800000E+0	2.858541012E-1	2.955970000E+2
-1.654040000E-6	-3.203770000E-7	6.039800000E+0	2.858541012E-1	2.967180000E+2
-1.348560000E-6	-7.450640000E-9	6.028200000E+0	2.858541012E-1	2.982760000E+2
-1.557180000E-6	1.490130000E-7	6.016100000E+0	2.858541012E-1	2.993310000E+2
-1.750890000E-6	1.564630000E-7	6.003000000E+0	2.858541012E-1	3.010990000E+2
-1.460320000E-6	7.450630000E-8	5.990800000E+0	2.858541012E-1	3.024050000E+2
-1.788150000E-6	-2.160680000E-7	5.978200000E+0	2.858541012E-1	3.037240000E+2
-1.668940000E-6	2.011670000E-7	5.964200000E+0	2.858541012E-1	3.056070000E+2
-1.944620000E-6	1.788150000E-7	5.952000000E+0	2.858541012E-1	3.071880000E+2
-1.586980000E-6	1.490130000E-7	5.938900000E+0	2.858541012E-1	3.086650000E+2
-1.832850000E-6	2.682230000E-7	5.928500000E+0	2.858541012E-1	3.098940000E+2
-2.056370000E-6	-1.043090000E-7	5.915700000E+0	2.858541012E-1	3.116410000E+2
-1.706190000E-6	-2.086170000E-7	5.901900000E+0	2.858541012E-1	3.132130000E+2
-1.564630000E-6	-1.117590000E-7	5.890000000E+0	2.858541012E-1	3.142680000E+2
-2.086180000E-6	-7.450630000E-8	5.878300000E+0	2.858541012E-1	3.157710000E+2
-2.019120000E-6	1.937160000E-7	5.866400000E+0	2.858541012E-1	3.175970000E+2
-2.019120000E-6	1.788150000E-7	5.853500000E+0	2.858541012E-1	3.192090000E+2
-1.721090000E-6	2.831240000E-7	5.842500000E+0	2.858541012E-1	3.206750000E+2
-1.840300000E-6	3.054760000E-7	5.828600000E+0	2.858541012E-1	3.217460000E+2
-1.609330000E-6	2.086170000E-7	5.814900000E+0	2.858541012E-1	3.232050000E+2
-1.862650000E-6	-2.384200000E-7	5.804800000E+0	2.858541012E-1	3.250830000E+2
-1.549730000E-6	-5.960510000E-8	5.792100000E+0	2.858541012E-1	3.262770000E+2
-1.706190000E-6	2.533220000E-7	5.779400000E+0	2.858541012E-1	3.280330000E+2
-2.123430000E-6	8.195680000E-8	5.766800000E+0	2.858541012E-1	3.294170000E+2
-1.706190000E-6	2.458710000E-7	5.755600000E+0	2.858541012E-1	3.307320000E+2
-1.594430000E-6	1.043090000E-7	5.744900000E+0	2.858541012E-1	3.320080000E+2
-1.646590000E-6	8.940740000E-8	5.734100000E+0	2.858541012E-1	3.330890000E+2
-1.706190000E-6	2.309690000E-7	5.721900000E+0	2.858541012E-1	3.346810000E+2
-2.086180000E-6	2.235190000E-8	5.711100000E+0	2.858541012E-1	3.360480000E+2
-2.108530000E-6	0.000000000E+0	5.699100000E+0	2.858541012E-1	3.374840000E+2
-2.034020000E-6	2.160680000E-7	5.688200000E+0	2.858541012E-1	3.389460000E+2
-1.735990000E-6	2.458710000E-7	5.677500000E+0	2.858541012E-1	3.400520000E+2
-2.034020000E-6	-1.490130000E-7	5.666900000E+0	2.858541012E-1	3.414160000E+2
-1.579530000E-6	-3.725310000E-8	5.652400000E+0	2.858541012E-1	3.429600000E+2
-1.646590000E-6	1.564630000E-7	5.641000000E+0	2.858541012E-1	3.445540000E+2
-2.138330000E-6	-1.192100000E-7	5.627500000E+0	2.858541012E-1	3.459060000E+2
-1.579530000E-6	5.960510000E-8	5.616100000E+0	2.858541012E-1	3.474380000E+2
-2.086180000E-6	5.960510000E-8	5.601300000E+0	2.858541012E-1	3.495120000E+2
-1.654040000E-6	2.160680000E-7	5.588000000E+0	2.858541012E-1	3.508340000E+2
-1.728540000E-6	-1.266610000E-7	5.574500000E+0	2.858541012E-1	3.523070000E+2
-1.646590000E-6	-1.117590000E-7	5.559600000E+0	2.858541012E-1	3.540930000E+2
-2.101080000E-6	-4.470370000E-8	5.546200000E+0	2.858541012E-1	3.557770000E+2
-2.130880000E-6	5.960510000E-8	5.534500000E+0	2.858541012E-1	3.572180000E+2
-1.966970000E-6	-1.937160000E-7	5.521400000E+0	2.858541012E-1	3.589860000E+2
-1.728540000E-6	2.607720000E-7	5.511100000E+0	2.858541012E-1	3.597890000E+2
-1.668940000E-6	8.195680000E-8	5.499000000E+0	2.858541012E-1	3.612540000E+2
-1.728540000E-6	-1.862650000E-7	5.488200000E+0	2.858541012E-1	3.627170000E+2
-1.810500000E-6	-2.607720000E-7	5.478100000E+0	2.858541012E-1	3.641650000E+2
-2.153230000E-6	-4.470370000E-8	5.465000000E+0	2.858541012E-1	3.656450000E+2
-2.093630000E-6	5.960510000E-8	5.451500000E+0	2.858541012E-1	3.670920000E+2
-2.011670000E-6	-1.862650000E-7	5.441400000E+0	2.858541012E-1	3.683130000E+2
-1.691290000E-6	-1.490130000E-7	5.428500000E+0	2.858541012E-1	3.700650000E+2
-1.713640000E-6	2.160680000E-7	5.414400000E+0	2.858541012E-1	3.716390000E+2
-1.966970000E-6	3.054760000E-7	5.402600000E+0	2.858541012E-1	3.732260000E+2
-1.914810000E-6	-1.937160000E-7	5.391400000E+0	2.858541012E-1	3.740410000E+2
-1.780700000E-6	3.129260000E-7	5.378900000E+0	2.858541012E-1	3.757480000E+2
-2.004220000E-6	2.086170000E-7	5.368800000E+0	2.858541012E-1	3.769770000E+2
-1.639140000E-6	1.266610000E-7	5.357900000E+0	2.858541012E-1	3.786460000E+2
-2.048920000E-6	1.117590000E-7	5.346400000E+0	2.858541012E-1	3.801960000E+2
-1.765790000E-6	-1.564630000E-7	5.332800000E+0	2.858541012E-1	3.815590000E+2
-2.160680000E-6	1.639140000E-7	5.322100000E+0	2.858541012E-1	3.827040000E+2
-2.034020000E-6	-1.713640000E-7	5.311500000E+0	2.858541012E-1	3.839230000E+2
-1.981870000E-6	-1.862650000E-7	5.298300000E+0	2.858541012E-1	3.855340000E+2
-1.840300000E-6	-2.160680000E-7	5.287400000E+0	2.858541012E-1	3.871290000E+2
-1.780700000E-6	2.607720000E-7	5.273600000E+0	2.858541012E-1	3.884940000E+2
-2.011670000E-6	2.533220000E-7	5.260400000E+0	2.858541012E-1	3.898970000E+2
-1.713640000E-6	-1.937160000E-7	5.248900000E+0	2.858541012E-1	3.914240000E+2
-1.721090000E-6	-1.266610000E-7	5.237900000E+0	2.858541012E-1	3.928550000E+2
-2.004220000E-6	2.309690000E-7	5.226900000E+0	2.858541012E-1	3.945630000E+2
-1.713640000E-6	1.564630000E-7	5.214000000E+0	2.858541012E-1	3.958580000E+2
-1.788150000E-6	-2.011670000E-7	5.202400000E+0	2.858541012E-1	3.969910000E+2
-2.093630000E-6	2.160680000E-7	5.191200000E+0	2.858541012E-1	3.983220000E+2
-1.728540000E-6	2.235180000E-7	5.179400000E+0	2.858541012E-1	3.998010000E+2
-2.123430000E-6	-5.215430000E-8	5.167600000E+0	2.858541012E-1	4.015230000E+2
-2.034020000E-6	-1.937160000E-7	5.155200000E+0	2.858541012E-1	4.027560000E+2
-1.885000000E-6	-2.309690000E-7	5.141400000E+0	2.858541012E-1	4.043590000E+2
-1.676390000E-6	-6.705570000E-8	5.131100000E+0	2.858541012E-1	4.059350000E+2
-2.063830000E-6	2.011670000E-7	5.116200000E+0	2.858541012E-1	4.072960000E+2
-2.123430000E-6	1.341110000E-7	5.103200000E+0	2.858541012E-1	4.087200000E+2
-2.078730000E-6	1.788150000E-7	5.091100000E+0	2.858541012E-1	4.105230000E+2
-1.721090000E-6	1.862650000E-7	5.080600000E+0	2.858541012E-1	4.116420000E+2
-1.698740000E-6	-8.195680000E-8	5.065300000E+0	2.858541012E-1	4.136590000E+2
-1.877550000E-6	-2.160680000E-7	5.052500000E+0	2.858541012E-1	4.151220000E+2
-2.108530000E-6	-3.725310000E-8	5.041400000E+0	2.858541012E-1	4.162330000E+2
-1.713640000E-6	-1.117590000E-7	5.029000000E+0	2.858541012E-1	4.177920000E+2
-1.668940000E-6	0.000000000E+0	5.015400000E+0	2.858541012E-1	4.195630000E+2
-1.646590000E-6	1.266610000E-7	5.002900000E+0	2.858541012E-1	4.211710000E+2
-1.966970000E-6	2.533220000E-7	4.989300000E+0	2.858541012E-1	4.227330000E+2
-1.691290000E-6	-1.490130000E-7	4.975600000E+0	2.858541012E-1	4.240690000E+2
-1.885000000E-6	-1.862650000E-7	4.965100000E+0	2.858541012E-1	4.255260000E+2
-1.989320000E-6	-2.533220000E-7	4.948900000E+0	2.858541012E-1	4.275060000E+2
-1.616780000E-6	2.980250000E-8	4.936500000E+0	2.858541012E-1	4.292490000E+2
-1.646590000E-6	1.043090000E-7	4.922200000E+0	2.858541012E-1	4.304910000E+2
-2.063830000E-6	1.639140000E-7	4.912100000E+0	2.858541012E-1	4.315080000E+2
-1.616780000E-6	-5.215430000E-8	4.900200000E+0	2.858541012E-1	4.333880000E+2
-1.639140000E-6	-2.235190000E-8	4.887800000E+0	2.858541012E-1	4.349980000E+2
-1.780700000E-6	-2.533220000E-7	4.873100000E+0	2.858541012E-1	4.364570000E+2
-1.952070000E-6	3.278270000E-7	4.860900000E+0	2.858541012E-1	4.381710000E+2
-2.086180000E-6	1.713640000E-7	4.850700000E+0	2.858541012E-1	4.394060000E+2
-2.048920000E-6	-2.309690000E-7	4.840600000E+0	2.858541012E-1	4.406140000E+2
-1.609330000E-6	0.000000000E+0	4.826300000E+0	2.858541012E-1	4.419870000E+2
-1.803050000E-6	3.054760000E-7	4.812700000E+0	2.858541012E-1	4.439270000E+2
-1.773250000E-6	2.160680000E-7	4.802100000E+0	2.858541012E-1	4.455470000E+2
-2.034020000E-6	-1.415620000E-7	4.787600000E+0	2.858541012E-1	4.469020000E+2
-2.108530000E-6	0.000000000E+0	4.773700000E+0	2.858541012E-1	4.483470000E+2
-1.996770000E-6	-1.415620000E-7	4.760600000E+0	2.858541012E-1	4.499370000E+2
-1.661490000E-6	-1.490130000E-8	4.746300000E+0	2.858541012E-1	4.520460000E+2
-1.713640000E-6	2.235180000E-7	4.734400000E+0	2.858541012E-1	4.532710000E+2
-1.713640000E-6	2.309690000E-7	4.724100000E+0	2.858541012E-1	4.543430000E+2
-1.601880000E-6	4.470370000E-8	4.713000000E+0	2.858541012E-1	4.558030000E+2
-1.773250000E-6	-1.937160000E-7	4.700300000E+0	2.858541012E-1	4.572680000E+2
-1.676390000E-6	-2.980250000E-8	4.685300000E+0	2.858541012E-1	4.588540000E+2
-1.661490000E-6	1.043090000E-7	4.674400000E+0	2.858541012E-1	4.604530000E+2
-2.108530000E-6	-8.195680000E-8	4.663100000E+0	2.858541012E-1	4.618040000E+2
-2.011670000E-6	2.533220000E-7	4.647500000E+0	2.858541012E-1	4.638230000E+2
-2.078730000E-6	2.086170000E-7	4.636500000E+0	2.858541012E-1	4.654230000E+2
-1.855200000E-6	-1.862650000E-7	4.624100000E+0	2.858541012E-1	4.662400000E+2
-1.668940000E-6	4.470370000E-8	4.611200000E+0	2.858541012E-1	4.678180000E+2
-1.654040000E-6	-1.415620000E-7	4.596500000E+0	2.858541012E-1	4.698110000E+2
-1.765790000E-6	-1.639140000E-7	4.580900000E+0	2.858541012E-1	4.719780000E+2
-2.115980000E-6	2.309690000E-7	4.568600000E+0	2.858541012E-1	4.731340000E+2
-2.160680000E-6	5.960510000E-8	4.558400000E+0	2.858541012E-1	4.741890000E+2
-1.691290000E-6	-1.341110000E-7	4.545700000E+0	2.858541012E-1	4.759180000E+2
-1.601880000E-6	9.685800000E-8	4.535600000E+0	2.858541012E-1	4.771460000E+2
-1.721090000E-6	2.533220000E-7	4.523000000E+0	2.858541012E-1	4.787380000E+2
-2.019120000E-6	2.533220000E-7	4.509900000E+0	2.858541012E-1	4.803260000E+2
-2.034020000E-6	-2.458710000E-7	4.497200000E+0	2.858541012E-1	4.816910000E+2
-2.145780000E-6	-7.450630000E-8	4.485300000E+0	2.858541012E-1	4.831460000E+2
-1.944620000E-6	-2.086170000E-7	4.470600000E+0	2.858541012E-1	4.847420000E+2
-1.825400000E-6	2.458710000E-7	4.460000000E+0	2.858541012E-1	4.860880000E+2
-1.698740000E-6	1.788150000E-7	4.449000000E+0	2.858541012E-1	4.877130000E+2
-2.086180000E-6	1.490130000E-7	4.436300000E+0	2.858541012E-1	4.892750000E+2
-1.639140000E-6	1.117590000E-7	4.422000000E+0	2.858541012E-1	4.906000000E+2
-1.803050000E-6	-2.011670000E-7	4.411500000E+0	2.858541012E-1	4.917100000E+2
-1.609330000E-6	7.450640000E-9	4.398100000E+0	2.858541012E-1	4.936570000E+2
-1.989320000E-6	2.533220000E-7	4.381700000E+0	2.858541012E-1	4.957480000E+2
-2.130880000E-6	1.415620000E-7	4.369900000E+0	2.858541012E-1	4.973410000E+2
-1.683840000E-6	2.309690000E-7	4.359000000E+0	2.858541012E-1	4.981200000E+2
-1.646590000E-6	2.235190000E-8	4.348100000E+0	2.858541012E-1	4.997540000E+2
-1.780700000E-6	-9.685800000E-8	4.335800000E+0	2.858541012E-1	5.010310000E+2
-1.668940000E-6	-5.960510000E-8	4.324200000E+0	2.858541012E-1	5.026420000E+2
-2.093630000E-6	2.011670000E-7	4.314100000E+0	2.858541012E-1	5.038130000E+2
-1.870100000E-6	-2.086170000E-7	4.301800000E+0	2.858541012E-1	5.050010000E+2
-1.758340000E-6	-2.011670000E-7	4.289600000E+0	2.858541012E-1	5.066010000E+2
-2.093630000E-6	-9.685800000E-8	4.278200000E+0	2.858541012E-1	5.082580000E+2
-1.654040000E-6	0.000000000E+0	4.264800000E+0	2.858541012E-1	5.096220000E+2
-1.698740000E-6	1.564630000E-7	4.252500000E+0	2.858541012E-1	5.110420000E+2
-1.847750000E-6	3.278270000E-7	4.239400000E+0	2.858541012E-1	5.126300000E+2
-1.862650000E-6	2.905740000E-7	4.229100000E+0	2.858541012E-1	5.142510000E+2
-2.063830000E-6	-1.490130000E-7	4.217500000E+0	2.858541012E-1	5.150720000E+2
-1.646590000E-6	3.725310000E-8	4.204700000E+0	2.858541012E-1	5.166180000E+2
-2.056370000E-6	-1.341110000E-7	4.190600000E+0	2.858541012E-1	5.186530000E+2
-2.056370000E-6	2.533220000E-7	4.180200000E+0	2.858541012E-1	5.199560000E+2
-1.601880000E-6	7.450640000E-9	4.163600000E+0	2.858541012E-1	5.216480000E+2
-2.115980000E-6	1.713640000E-7	4.150200000E+0	2.858541012E-1	5.230090000E+2
-2.153230000E-6	2.160680000E-7	4.137700000E+0	2.858541012E-1	5.251590000E+2
-1.750890000E-6	2.011670000E-7	4.124400000E+0	2.858541012E-1	5.264660000E+2
-1.758340000E-6	-1.788150000E-7	4.111100000E+0	2.858541012E-1	5.279510000E+2
-1.952070000E-6	-2.235180000E-7	4.099700000E+0	2.858541012E-1	5.295830000E+2
-2.093630000E-6	8.195680000E-8	4.088700000E+0	2.858541012E-1	5.305240000E+2
-2.093630000E-6	1.117590000E-7	4.076400000E+0	2.858541012E-1	5.319670000E+2
-2.160680000E-6	-5.960510000E-8	4.065200000E+0	2.858541012E-1	5.335620000E+2
-2.145780000E-6	6.705570000E-8	4.050500000E+0	2.858541012E-1	5.357320000E+2
-1.810500000E-6	2.607720000E-7	4.039700000E+0	2.858541012E-1	5.364950000E+2
-1.631680000E-6	5.960510000E-8	4.028200000E+0	2.858541012E-1	5.376090000E+2
-1.877550000E-6	2.831240000E-7	4.014700000E+0	2.858541012E-1	5.395420000E+2
-1.981870000E-6	2.235180000E-7	4.004000000E+0	2.858541012E-1	5.411480000E+2
-1.870100000E-6	-1.937160000E-7	3.990600000E+0	2.858541012E-1	5.424950000E+2
-2.197940000E-6	-2.980250000E-8	3.978100000E+0	2.858541012E-1	5.439750000E+2
-1.735990000E-6	2.086170000E-7	3.964700000E+0	2.858541012E-1	5.456620000E+2
-2.153230000E-6	-5.215430000E-8	3.954700000E+0	2.858541012E-1	5.464840000E+2
-2.183030000E-6	2.235190000E-8	3.940800000E+0	2.858541012E-1	5.484660000E+2
-1.788150000E-6	2.682230000E-7	3.930700000E+0	2.858541012E-1	5.499630000E+2
-1.907360000E-6	3.129260000E-7	3.915900000E+0	2.858541012E-1	5.517360000E+2
-1.683840000E-6	-1.490130000E-7	3.905800000E+0	2.858541012E-1	5.525230000E+2
-1.750890000E-6	-8.195680000E-8	3.891500000E+0	2.858541012E-1	5.544970000E+2
-2.093630000E-6	3.725310000E-8	3.878200000E+0	2.858541012E-1	5.559910000E+2
-2.026570000E-6	2.905740000E-7	3.865200000E+0	2.858541012E-1	5.574550000E+2
-1.885000000E-6	2.682230000E-7	3.852100000E+0	2.858541012E-1	5.589180000E+2
-2.183030000E-6	-7.450640000E-9	3.840800000E+0	2.858541012E-1	5.604860000E+2
-1.952070000E-6	2.533220000E-7	3.830200000E+0	2.858541012E-1	5.621500000E+2
-1.661490000E-6	-1.415620000E-7	3.820100000E+0	2.858541012E-1	5.629210000E+2
-1.855200000E-6	3.054760000E-7	3.806700000E+0	2.858541012E-1	5.644780000E+2
-2.048920000E-6	2.309690000E-7	3.794100000E+0	2.858541012E-1	5.660670000E+2
-1.795600000E-6	-1.937160000E-7	3.781700000E+0	2.858541012E-1	5.674280000E+2
-1.914810000E-6	-2.607720000E-7	3.769100000E+0	2.858541012E-1	5.694110000E+2
-2.168130000E-6	-2.980250000E-8	3.753400000E+0	2.858541012E-1	5.708770000E+2
-1.698740000E-6	-5.960510000E-8	3.742600000E+0	2.858541012E-1	5.720690000E+2
-2.212840000E-6	9.685800000E-8	3.729200000E+0	2.858541012E-1	5.741170000E+2
-1.683840000E-6	1.415620000E-7	3.716800000E+0	2.858541012E-1	5.754490000E+2
-2.026570000E-6	2.831240000E-7	3.705200000E+0	2.858541012E-1	5.764830000E+2
-2.168130000E-6	2.235190000E-8	3.694000000E+0	2.858541012E-1	5.780630000E+2
-1.914810000E-6	-2.309690000E-7	3.682600000E+0	2.858541012E-1	5.794540000E+2
-1.929710000E-6	-2.607720000E-7	3.667400000E+0	2.858541012E-1	5.814300000E+2
-1.646590000E-6	-5.960510000E-8	3.657300000E+0	2.858541012E-1	5.824650000E+2
-2.123430000E-6	1.937160000E-7	3.647000000E+0	2.858541012E-1	5.834660000E+2
-2.130880000E-6	6.705570000E-8	3.633100000E+0	2.858541012E-1	5.854140000E+2
-1.959520000E-6	3.203770000E-7	3.622100000E+0	2.858541012E-1	5.868930000E+2
-1.847750000E-6	2.980250000E-7	3.606200000E+0	2.858541012E-1	5.885180000E+2
-2.108530000E-6	7.450640000E-9	3.591200000E+0	2.858541012E-1	5.906140000E+2
-2.078730000E-6	2.086170000E-7	3.572600000E+0	2.858541012E-1	5.927950000E+2
-1.981870000E-6	-1.713640000E-7	3.557600000E+0	2.858541012E-1	5.949000000E+2
-1.765790000E-6	-1.713640000E-7	3.541300000E+0	2.858541012E-1	5.970240000E+2
-1.780700000E-6	-2.607720000E-7	3.529900000E+0	2.858541012E-1	5.981000000E+2
-1.616780000E-6	-6.705570000E-8	3.518200000E+0	2.858541012E-1	6.002270000E+2
-1.750890000E-6	2.905740000E-7	3.496500000E+0	2.858541012E-1	6.023440000E+2
-1.601880000E-6	7.450640000E-9	3.483700000E+0	2.858541012E-1	6.045330000E+2
-1.907360000E-6	3.054760000E-7	3.466200000E+0	2.858541012E-1	6.066280000E+2
-1.825400000E-6	2.682230000E-7	3.455700000E+0	2.858541012E-1	6.077180000E+2
-2.071280000E-6	-1.341110000E-7	3.440700000E+0	2.858541012E-1	6.097960000E+2
-2.004220000E-6	-2.309690000E-7	3.424800000E+0	2.858541012E-1	6.119390000E+2
-1.966970000E-6	-2.086170000E-7	3.405100000E+0	2.858541012E-1	6.140870000E+2
-1.698740000E-6	-7.450630000E-8	3.394200000E+0	2.858541012E-1	6.162020000E+2
-2.153230000E-6	-1.415620000E-7	3.383600000E+0	2.858541012E-1	6.173360000E+2
-1.654040000E-6	-8.195680000E-8	3.373000000E+0	2.858541012E-1	6.183570000E+2
-1.654040000E-6	-7.450640000E-9	3.357400000E+0	2.858541012E-1	6.204960000E+2
-1.750890000E-6	2.458710000E-7	3.339400000E+0	2.858541012E-1	6.226180000E+2
-1.892450000E-6	2.980250000E-7	3.325100000E+0	2.858541012E-1	6.247550000E+2
-2.115980000E-6	1.639140000E-7	3.306900000E+0	2.858541012E-1	6.268730000E+2
-2.048920000E-6	2.160680000E-7	3.290100000E+0	2.858541012E-1	6.290430000E+2
-2.071280000E-6	2.309690000E-7	3.274500000E+0	2.858541012E-1	6.311910000E+2
-2.026570000E-6	-1.713640000E-7	3.256400000E+0	2.858541012E-1	6.332810000E+2
-1.817950000E-6	-1.862650000E-7	3.240500000E+0	2.858541012E-1	6.354190000E+2
-1.795600000E-6	-1.490130000E-7	3.223100000E+0	2.858541012E-1	6.375650000E+2
-1.840300000E-6	-2.384200000E-7	3.209200000E+0	2.858541012E-1	6.397310000E+2
-1.728540000E-6	1.937160000E-7	3.191400000E+0	2.858541012E-1	6.418230000E+2
-1.825400000E-6	-1.713640000E-7	3.180600000E+0	2.858541012E-1	6.429460000E+2
-1.691290000E-6	1.862650000E-7	3.165900000E+0	2.858541012E-1	6.450540000E+2
-2.115980000E-6	1.564630000E-7	3.149700000E+0	2.858541012E-1	6.471670000E+2
-1.907360000E-6	2.458710000E-7	3.138800000E+0	2.858541012E-1	6.482520000E+2
-1.877550000E-6	2.831240000E-7	3.126200000E+0	2.858541012E-1	6.504080000E+2
-1.877550000E-6	-2.086170000E-7	3.106500000E+0	2.858541012E-1	6.524720000E+2
-1.750890000E-6	-1.862650000E-7	3.089700000E+0	2.858541012E-1	6.546090000E+2
-1.862650000E-6	-2.160680000E-7	3.077100000E+0	2.858541012E-1	6.567790000E+2
-1.639140000E-6	6.705570000E-8	3.055500000E+0	2.858541012E-1	6.588790000E+2
-1.728540000E-6	2.607720000E-7	3.039200000E+0	2.858541012E-1	6.610140000E+2
-1.758340000E-6	2.458710000E-7	3.026300000E+0	2.858541012E-1	6.631760000E+2
-1.959520000E-6	3.054760000E-7	3.006800000E+0	2.858541012E-1	6.652930000E+2
-2.034020000E-6	2.533220000E-7	2.989600000E+0	2.858541012E-1	6.674330000E+2
-2.071280000E-6	-1.415620000E-7	2.977100000E+0	2.858541012E-1	6.695380000E+2
-2.153230000E-6	-6.705570000E-8	2.966900000E+0	2.858541012E-1	6.706230000E+2
-2.138330000E-6	-4.470370000E-8	2.954600000E+0	2.858541012E-1	6.717060000E+2
-2.056370000E-6	-1.713640000E-7	2.943000000E+0	2.858541012E-1	6.738330000E+2
-1.601880000E-6	0.000000000E+0	2.924000000E+0	2.858541012E-1	6.759270000E+2
-1.922260000E-6	-2.160680000E-7	2.912600000E+0	2.858541012E-1	6.770540000E+2
-1.654040000E-6	-7.450630000E-8	2.901700000E+0	2.858541012E-1	6.791730000E+2
-1.661490000E-6	-9.685800000E-8	2.880500000E+0	2.858541012E-1	6.813280000E+2
-1.907360000E-6	3.129260000E-7	2.864700000E+0	2.858541012E-1	6.834170000E+2
-2.123430000E-6	-5.215430000E-8	2.851900000E+0	2.858541012E-1	6.855200000E+2
-2.078730000E-6	-8.195680000E-8	2.830500000E+0	2.858541012E-1	6.876650000E+2
-1.981870000E-6	-1.415620000E-7	2.815000000E+0	2.858541012E-1	6.897960000E+2
-2.108530000E-6	-1.043090000E-7	2.800600000E+0	2.858541012E-1	6.919640000E+2
-1.929710000E-6	-2.235180000E-7	2.780400000E+0	2.858541012E-1	6.941000000E+2
-1.668940000E-6	-5.215430000E-8	2.766200000E+0	2.858541012E-1	6.962110000E+2
-1.944620000E-6	-2.533220000E-7	2.750400000E+0	2.858541012E-1	6.984010000E+2
-1.639140000E-6	1.043090000E-7	2.738500000E+0	2.858541012E-1	6.994230000E+2
-1.803050000E-6	2.682230000E-7	2.723100000E+0	2.858541012E-1	7.015450000E+2
-1.944620000E-6	4.097840000E-7	2.711000000E+0	2.858541012E-1	7.037000000E+2
-1.855200000E-6	3.129260000E-7	2.698900000E+0	2.858541012E-1	7.047760000E+2
-2.175580000E-6	8.195680000E-8	2.681600000E+0	2.858541012E-1	7.068810000E+2
-2.063830000E-6	2.384200000E-7	2.665700000E+0	2.858541012E-1	7.090470000E+2
-1.922260000E-6	-2.309690000E-7	2.649300000E+0	2.858541012E-1	7.111340000E+2
-1.728540000E-6	-2.160680000E-7	2.632600000E+0	2.858541012E-1	7.132750000E+2
-1.803050000E-6	-2.458710000E-7	2.615600000E+0	2.858541012E-1	7.154330000E+2
-2.123430000E-6	-1.117590000E-7	2.598500000E+0	2.858541012E-1	7.176180000E+2
-1.832850000E-6	-2.235180000E-7	2.580800000E+0	2.858541012E-1	7.197380000E+2
-2.034020000E-6	2.533220000E-7	2.566200000E+0	2.858541012E-1	7.218000000E+2
-1.743440000E-6	2.086170000E-7	2.550300000E+0	2.858541012E-1	7.239800000E+2
-2.153230000E-6	2.980250000E-8	2.538600000E+0	2.858541012E-1	7.249950000E+2
-2.101080000E-6	2.533220000E-7	2.524000000E+0	2.858541012E-1	7.271740000E+2
-2.086180000E-6	-1.192100000E-7	2.508400000E+0	2.858541012E-1	7.292790000E+2
-2.115980000E-6	8.195680000E-8	2.497400000E+0	2.858541012E-1	7.303820000E+2
-1.914810000E-6	-1.937160000E-7	2.482400000E+0	2.858541012E-1	7.324830000E+2
-1.646590000E-6	4.470370000E-8	2.467000000E+0	2.858541012E-1	7.345910000E+2
-1.780700000E-6	-1.788150000E-7	2.455300000E+0	2.858541012E-1	7.357020000E+2
-2.019120000E-6	-2.086170000E-7	2.441200000E+0	2.858541012E-1	7.378810000E+2
-1.780700000E-6	2.309690000E-7	2.423600000E+0	2.858541012E-1	7.399470000E+2
-1.855200000E-6	2.607720000E-7	2.413500000E+0	2.858541012E-1	7.410150000E+2
-2.071280000E-6	1.937160000E-7	2.400000000E+0	2.858541012E-1	7.431430000E+2
-2.160680000E-6	3.725310000E-8	2.381900000E+0	2.858541012E-1	7.452620000E+2
-2.168130000E-6	-6.705570000E-8	2.365900000E+0	2.858541012E-1	7.474040000E+2
-2.093630000E-6	-1.415620000E-7	2.349000000E+0	2.858541012E-1	7.495540000E+2
-2.093630000E-6	1.713640000E-7	2.331600000E+0	2.858541012E-1	7.517460000E+2
-2.004220000E-6	-2.235180000E-7	2.320700000E+0	2.858541012E-1	7.527660000E+2
-1.616780000E-6	-4.470370000E-8	2.309800000E+0	2.858541012E-1	7.548770000E+2
-1.698740000E-6	4.470370000E-8	2.299700000E+0	2.858541012E-1	7.559400000E+2
-1.654040000E-6	1.415620000E-7	2.288700000E+0	2.858541012E-1	7.570070000E+2
-1.780700000E-6	2.533220000E-7	2.276800000E+0	2.858541012E-1	7.591390000E+2
-1.899910000E-6	2.831240000E-7	2.255600000E+0	2.858541012E-1	7.612800000E+2
-1.832850000E-6	2.831240000E-7	2.242100000E+0	2.858541012E-1	7.634320000E+2
-1.840300000E-6	2.980250000E-7	2.224100000E+0	2.858541012E-1	7.655930000E+2
-2.130880000E-6	4.470370000E-8	2.213100000E+0	2.858541012E-1	7.666140000E+2
-1.616780000E-6	1.117590000E-7	2.201700000E+0	2.858541012E-1	7.688480000E+2
-2.108530000E-6	-1.192100000E-7	2.190000000E+0	2.858541012E-1	7.698240000E+2
-1.847750000E-6	-2.384200000E-7	2.179600000E+0	2.858541012E-1	7.708700000E+2
-1.721090000E-6	-1.639140000E-7	2.167700000E+0	2.858541012E-1	7.730160000E+2
-1.996770000E-6	-1.937160000E-7	2.147600000E+0	2.858541012E-1	7.751950000E+2
-1.780700000E-6	-1.564630000E-7	2.132700000E+0	2.858541012E-1	7.773210000E+2
-1.706190000E-6	-6.705570000E-8	2.114700000E+0	2.858541012E-1	7.794610000E+2
-1.937170000E-6	2.756730000E-7	2.099800000E+0	2.858541012E-1	7.815440000E+2
-1.810500000E-6	2.533220000E-7	2.081000000E+0	2.858541012E-1	7.837090000E+2
-1.832850000E-6	2.533220000E-7	2.065100000E+0	2.858541012E-1	7.858680000E+2
-2.115980000E-6	-6.705570000E-8	2.049100000E+0	2.858541012E-1	7.879570000E+2
-1.862650000E-6	-2.011670000E-7	2.032300000E+0	2.858541012E-1	7.900730000E+2
-2.048920000E-6	-2.309690000E-7	2.016400000E+0	2.858541012E-1	7.922410000E+2
-2.175580000E-6	-8.940740000E-8	1.998600000E+0	2.858541012E-1	7.944070000E+2
-2.197940000E-6	1.490130000E-8	2.010200000E+0	2.858541012E-1	8.913010000E+2
-2.130880000E-6	2.980250000E-8	2.023500000E+0	2.858541012E-1	8.925480000E+2
-1.735990000E-6	-1.639140000E-7	2.034300000E+0	2.858541012E-1	8.937510000E+2
-1.795600000E-6	-2.607720000E-7	2.047200000E+0	2.858541012E-1	8.957340000E+2
-1.966970000E-6	2.905740000E-7	2.059800000E+0	2.858541012E-1	8.968970000E+2
-2.123430000E-6	1.564630000E-7	2.071400000E+0	2.858541012E-1	8.984940000E+2
-1.750890000E-6	-1.862650000E-7	2.081800000E+0	2.858541012E-1	9.000330000E+2
-1.922260000E-6	-2.309690000E-7	2.092000000E+0	2.858541012E-1	9.007720000E+2
-1.624230000E-6	-8.940740000E-8	2.105600000E+0	2.858541012E-1	9.025340000E+2
-1.966970000E-6	-1.937160000E-7	2.117300000E+0	2.858541012E-1	9.038250000E+2
-1.952070000E-6	2.905740000E-7	2.130100000E+0	2.858541012E-1	9.055130000E+2
-1.676390000E-6	-8.940740000E-8	2.141300000E+0	2.858541012E-1	9.068330000E+2
-1.758340000E-6	2.309690000E-7	2.155100000E+0	2.858541012E-1	9.084060000E+2
-1.654040000E-6	1.043090000E-7	2.165600000E+0	2.858541012E-1	9.098580000E+2
-2.145780000E-6	-7.450640000E-9	2.176700000E+0	2.858541012E-1	9.110280000E+2
-1.892450000E-6	-2.309690000E-7	2.191600000E+0	2.858541012E-1	9.127860000E+2
-1.676390000E-6	-4.470370000E-8	2.202600000E+0	2.858541012E-1	9.141860000E+2
-2.160680000E-6	1.043090000E-7	2.215200000E+0	2.858541012E-1	9.158800000E+2
-1.668940000E-6	2.533220000E-7	2.226400000E+0	2.858541012E-1	9.170190000E+2
-1.616780000E-6	3.725310000E-8	2.237600000E+0	2.858541012E-1	9.184810000E+2
-1.847750000E-6	-2.309690000E-7	2.250100000E+0	2.858541012E-1	9.199620000E+2
-2.086180000E-6	2.831240000E-7	2.261700000E+0	2.858541012E-1	9.212890000E+2
-2.138330000E-6	1.788150000E-7	2.274500000E+0	2.858541012E-1	9.227070000E+2
-1.892450000E-6	2.533220000E-7	2.286700000E+0	2.858541012E-1	9.243560000E+2
-1.668940000E-6	2.533220000E-7	2.299600000E+0	2.858541012E-1	9.259930000E+2
-2.093630000E-6	2.235180000E-7	2.311800000E+0	2.858541012E-1	9.272000000E+2
-1.735990000E-6	2.309690000E-7	2.324600000E+0	2.858541012E-1	9.290450000E+2
-2.123430000E-6	1.788150000E-7	2.335600000E+0	2.858541012E-1	9.302410000E+2
-1.706190000E-6	-1.266610000E-7	2.352900000E+0	2.858541012E-1	9.321380000E+2
-1.780700000E-6	2.086170000E-7	2.363400000E+0	2.858541012E-1	9.337050000E+2
-2.160680000E-6	-2.980250000E-8	2.374700000E+0	2.858541012E-1	9.348890000E+2
-2.123430000E-6	7.450640000E-9	2.386900000E+0	2.858541012E-1	9.361440000E+2
-2.093630000E-6	2.309690000E-7	2.396900000E+0	2.858541012E-1	9.374300000E+2
-2.048920000E-6	-1.713640000E-7	2.409200000E+0	2.858541012E-1	9.391740000E+2
-1.892450000E-6	2.086170000E-7	2.422900000E+0	2.858541012E-1	9.405030000E+2
-2.183030000E-6	1.490130000E-7	2.439000000E+0	2.858541012E-1	9.426220000E+2
-2.160680000E-6	-8.940740000E-8	2.452600000E+0	2.858541012E-1	9.442150000E+2
-1.698740000E-6	2.011670000E-7	2.465700000E+0	2.858541012E-1	9.455480000E+2
-1.795600000E-6	-1.639140000E-7	2.477800000E+0	2.858541012E-1	9.472200000E+2
-2.160680000E-6	7.450630000E-8	2.490400000E+0	2.858541012E-1	9.488960000E+2
-1.624230000E-6	5.960510000E-8	2.504300000E+0	2.858541012E-1	9.502440000E+2
-1.788150000E-6	-1.862650000E-7	2.517300000E+0	2.858541012E-1	9.518780000E+2
-1.646590000E-6	2.980250000E-8	2.527400000E+0	2.858541012E-1	9.534660000E+2
-1.713640000E-6	-9.685800000E-8	2.543200000E+0	2.858541012E-1	9.549170000E+2
-1.631680000E-6	-2.235190000E-8	2.553700000E+0	2.858541012E-1	9.565250000E+2
-2.056370000E-6	1.639140000E-7	2.564700000E+0	2.858541012E-1	9.578720000E+2
-1.586980000E-6	4.470370000E-8	2.577000000E+0	2.858541012E-1	9.590240000E+2
-1.907360000E-6	-1.937160000E-7	2.589000000E+0	2.858541012E-1	9.606860000E+2
-1.937170000E-6	-1.937160000E-7	2.601200000E+0	2.858541012E-1	9.619420000E+2
-2.101080000E-6	-1.341110000E-7	2.614700000E+0	2.858541012E-1	9.635740000E+2
-1.668940000E-6	-3.725310000E-8	2.625900000E+0	2.858541012E-1	9.649560000E+2
-2.115980000E-6	-7.450630000E-8	2.637100000E+0	2.858541012E-1	9.666370000E+2
-1.944620000E-6	3.129260000E-7	2.649800000E+0	2.858541012E-1	9.679490000E+2
-2.115980000E-6	-5.960510000E-8	2.662600000E+0	2.858541012E-1	9.691370000E+2
-2.130880000E-6	-5.215430000E-8	2.674400000E+0	2.858541012E-1	9.707650000E+2
-2.086180000E-6	1.341110000E-7	2.685000000E+0	2.858541012E-1	9.724020000E+2
-1.885000000E-6	-1.862650000E-7	2.696800000E+0	2.858541012E-1	9.735960000E+2
-2.086180000E-6	1.564630000E-7	2.707100000E+0	2.858541012E-1	9.745540000E+2
-2.108530000E-6	6.705570000E-8	2.717500000E+0	2.858541012E-1	9.758060000E+2
-1.743440000E-6	2.533220000E-7	2.727800000E+0	2.858541012E-1	9.774780000E+2
-1.661490000E-6	7.450630000E-8	2.746000000E+0	2.858541012E-1	9.792880000E+2
-1.914810000E-6	2.905740000E-7	2.756900000E+0	2.858541012E-1	9.805010000E+2
-2.011670000E-6	2.905740000E-7	2.769600000E+0	2.858541012E-1	9.824770000E+2
-2.078730000E-6	2.160680000E-7	2.780900000E+0	2.858541012E-1	9.837090000E+2
-1.944620000E-6	-2.384200000E-7	2.793900000E+0	2.858541012E-1	9.849030000E+2
-1.646590000E-6	5.960510000E-8	2.804900000E+0	2.858541012E-1	9.866470000E+2
-1.974420000E-6	-2.235180000E-7	2.815600000E+0	2.858541012E-1	9.879660000E+2
-1.840300000E-6	-2.458710000E-7	2.828000000E+0	2.858541012E-1	9.891970000E+2
-2.108530000E-6	2.235190000E-8	2.838000000E+0	2.858541012E-1	9.905100000E+2
-1.624230000E-6	5.960510000E-8	2.848700000E+0	2.858541012E-1	9.916730000E+2
-2.145780000E-6	-1.117590000E-7	2.859100000E+0	2.858541012E-1	9.930090000E+2
-1.735990000E-6	-1.713640000E-7	2.869600000E+0	2.858541012E-1	9.942100000E+2
-1.661490000E-6	-7.450640000E-9	2.880100000E+0	2.858541012E-1	9.954430000E+2
-2.086180000E-6	2.309690000E-7	2.894100000E+0	2.858541012E-1	9.971720000E+2
-2.138330000E-6	-6.705570000E-8	2.904900000E+0	2.858541012E-1	9.983870000E+2
-1.810500000E-6	-1.788150000E-7	2.915700000E+0	2.858541012E-1	9.999590000E+2
-1.706190000E-6	1.564630000E-7	2.927800000E+0	2.858541012E-1	1.001524000E+3
-1.676390000E-6	1.117590000E-7	2.941100000E+0	2.858541012E-1	1.002614000E+3
-1.788150000E-6	2.458710000E-7	2.951300000E+0	2.858541012E-1	1.004204000E+3
-2.123430000E-6	1.117590000E-7	2.961400000E+0	2.858541012E-1	1.005413000E+3
-1.803050000E-6	-2.011670000E-7	2.977400000E+0	2.858541012E-1	1.007136000E+3
-1.609330000E-6	6.705570000E-8	2.987600000E+0	2.858541012E-1	1.008354000E+3
-2.153230000E-6	1.117590000E-7	3.000600000E+0	2.858541012E-1	1.009714000E+3
-1.691290000E-6	-1.043090000E-7	3.010600000E+0	2.858541012E-1	1.011272000E+3
-1.624230000E-6	9.685800000E-8	3.021100000E+0	2.858541012E-1	1.012481000E+3
-1.974420000E-6	2.980250000E-7	3.032200000E+0	2.858541012E-1	1.013869000E+3
-1.691290000E-6	6.705570000E-8	3.044300000E+0	2.858541012E-1	1.014997000E+3
-2.063830000E-6	2.160680000E-7	3.055400000E+0	2.858541012E-1	1.016366000E+3
-2.160680000E-6	0.000000000E+0	3.065900000E+0	2.858541012E-1	1.017948000E+3
-2.048920000E-6	-1.788150000E-7	3.079100000E+0	2.858541012E-1	1.019549000E+3
-2.093630000E-6	-7.450630000E-8	3.092300000E+0	2.858541012E-1	1.020816000E+3
-1.765790000E-6	-1.564630000E-7	3.104400000E+0	2.858541012E-1	1.022207000E+3
-2.026570000E-6	-2.160680000E-7	3.117300000E+0	2.858541012E-1	1.024205000E+3
-1.765790000E-6	-1.192100000E-7	3.129700000E+0	2.858541012E-1	1.025423000E+3
-1.810500000E-6	3.054760000E-7	3.142600000E+0	2.858541012E-1	1.027166000E+3
-2.063830000E-6	-1.341110000E-7	3.154800000E+0	2.858541012E-1	1.028340000E+3
-2.153230000E-6	1.490130000E-7	3.166700000E+0	2.858541012E-1	1.029984000E+3
-1.862650000E-6	-2.607720000E-7	3.178900000E+0	2.858541012E-1	1.031545000E+3
-1.966970000E-6	2.980250000E-7	3.191100000E+0	2.858541012E-1	1.032886000E+3
-2.034020000E-6	2.905740000E-7	3.203800000E+0	2.858541012E-1	1.034133000E+3
-2.108530000E-6	5.960510000E-8	3.214800000E+0	2.858541012E-1	1.035902000E+3
-1.870100000E-6	2.980250000E-7	3.225600000E+0	2.858541012E-1	1.037017000E+3
-2.115980000E-6	2.384200000E-7	3.240600000E+0	2.858541012E-1	1.038791000E+3
-2.153230000E-6	-2.235190000E-8	3.253300000E+0	2.858541012E-1	1.040554000E+3
-1.728540000E-6	-1.639140000E-7	3.264200000E+0	2.858541012E-1	1.041752000E+3
-1.616780000E-6	9.685800000E-8	3.278900000E+0	2.858541012E-1	1.043340000E+3
-2.153230000E-6	-1.490130000E-8	3.292400000E+0	2.858541012E-1	1.044868000E+3
-2.168130000E-6	4.470370000E-8	3.303700000E+0	2.858541012E-1	1.046481000E+3
-1.877550000E-6	-2.011670000E-7	3.314000000E+0	2.858541012E-1	1.047692000E+3
-1.877550000E-6	2.905740000E-7	3.330500000E+0	2.858541012E-1	1.049578000E+3
-1.683840000E-6	5.960510000E-8	3.342400000E+0	2.858541012E-1	1.050877000E+3
-1.840300000E-6	-2.086170000E-7	3.352800000E+0	2.858541012E-1	1.052354000E+3
-2.115980000E-6	3.725310000E-8	3.366600000E+0	2.858541012E-1	1.054015000E+3
-2.130880000E-6	1.564630000E-7	3.377100000E+0	2.858541012E-1	1.055293000E+3
-1.728540000E-6	-6.705570000E-8	3.390100000E+0	2.858541012E-1	1.056633000E+3
-1.706190000E-6	-6.705570000E-8	3.400100000E+0	2.858541012E-1	1.057891000E+3
-1.981870000E-6	2.980250000E-7	3.411600000E+0	2.858541012E-1	1.059435000E+3
-1.803050000E-6	2.533220000E-7	3.424300000E+0	2.858541012E-1	1.061072000E+3
-1.803050000E-6	-1.341110000E-7	3.437700000E+0	2.858541012E-1	1.062216000E+3
-1.616780000E-6	0.000000000E+0	3.447900000E+0	2.858541012E-1	1.063803000E+3
-2.138330000E-6	1.341110000E-7	3.459000000E+0	2.858541012E-1	1.065155000E+3
-2.093630000E-6	1.117590000E-7	3.470500000E+0	2.858541012E-1	1.066411000E+3
-1.661490000E-6	1.862650000E-7	3.482600000E+0	2.858541012E-1	1.067732000E+3
-2.086180000E-6	1.192100000E-7	3.493800000E+0	2.858541012E-1	1.069277000E+3
-1.654040000E-6	0.000000000E+0	3.505700000E+0	2.858541012E-1	1.070616000E+3
-2.019120000E-6	2.086170000E-7	3.516200000E+0	2.858541012E-1	1.071803000E+3
-2.078730000E-6	1.937160000E-7	3.527100000E+0	2.858541012E-1	1.073421000E+3
-1.676390000E-6	-7.450630000E-8	3.540800000E+0	2.858541012E-1	1.074750000E+3
-1.631680000E-6	-1.117590000E-7	3.551900000E+0	2.858541012E-1	1.076372000E+3
-2.123430000E-6	2.160680000E-7	3.564000000E+0	2.858541012E-1	1.077534000E+3
-2.071280000E-6	1.788150000E-7	3.575700000E+0	2.858541012E-1	1.079152000E+3
-1.795600000E-6	-1.564630000E-7	3.588200000E+0	2.858541012E-1	1.080508000E+3
-1.795600000E-6	-2.086170000E-7	3.601100000E+0	2.858541012E-1	1.082132000E+3
-1.788150000E-6	2.533220000E-7	3.615500000E+0	2.858541012E-1	1.083679000E+3
-1.683840000E-6	1.788150000E-7	3.626000000E+0	2.858541012E-1	1.084941000E+3
-1.646590000E-6	1.192100000E-7	3.638700000E+0	2.858541012E-1	1.086750000E+3
-1.840300000E-6	2.011670000E-7	3.649000000E+0	2.858541012E-1	1.087977000E+3
-2.130880000E-6	0.000000000E+0	3.659900000E+0	2.858541012E-1	1.089171000E+3
-1.974420000E-6	-1.788150000E-7	3.673500000E+0	2.858541012E-1	1.090763000E+3
-1.624230000E-6	3.725310000E-8	3.684100000E+0	2.858541012E-1	1.091965000E+3
-1.676390000E-6	-5.960510000E-8	3.696000000E+0	2.858541012E-1	1.093587000E+3
-1.795600000E-6	2.309690000E-7	3.707800000E+0	2.858541012E-1	1.094978000E+3
-2.160680000E-6	1.266610000E-7	3.720900000E+0	2.858541012E-1	1.096544000E+3
-2.101080000E-6	2.011670000E-7	3.733200000E+0	2.858541012E-1	1.097814000E+3
-2.175580000E-6	5.960510000E-8	3.743700000E+0	2.858541012E-1	1.099048000E+3
-2.160680000E-6	-6.705570000E-8	3.755100000E+0	2.858541012E-1	1.100651000E+3
-1.750890000E-6	-1.937160000E-7	3.767000000E+0	2.858541012E-1	1.102213000E+3
-1.728540000E-6	2.384200000E-7	3.779900000E+0	2.858541012E-1	1.103592000E+3
-2.101080000E-6	-1.117590000E-7	3.792700000E+0	2.858541012E-1	1.104768000E+3
-2.048920000E-6	1.862650000E-7	3.805000000E+0	2.858541012E-1	1.106782000E+3
-1.765790000E-6	2.533220000E-7	3.818700000E+0	2.858541012E-1	1.108083000E+3
-2.093630000E-6	1.117590000E-7	3.829400000E+0	2.858541012E-1	1.109282000E+3
-2.093630000E-6	1.713640000E-7	3.841200000E+0	2.858541012E-1	1.110900000E+3
-2.130880000E-6	1.490130000E-7	3.852500000E+0	2.858541012E-1	1.112518000E+3
-1.661490000E-6	-5.215430000E-8	3.864100000E+0	2.858541012E-1	1.113685000E+3
-1.676390000E-6	1.639140000E-7	3.875200000E+0	2.858541012E-1	1.115095000E+3
-1.743440000E-6	2.235180000E-7	3.885900000E+0	2.858541012E-1	1.115973000E+3
-1.810500000E-6	2.831240000E-7	3.898700000E+0	2.858541012E-1	1.117580000E+3
-1.721090000E-6	1.937160000E-7	3.909100000E+0	2.858541012E-1	1.119211000E+3
-2.138330000E-6	5.960510000E-8	3.923000000E+0	2.858541012E-1	1.120759000E+3
-1.661490000E-6	1.639140000E-7	3.933300000E+0	2.858541012E-1	1.122086000E+3
-1.780700000E-6	2.607720000E-7	3.946400000E+0	2.858541012E-1	1.123321000E+3
-1.721090000E-6	2.533220000E-7	3.957700000E+0	2.858541012E-1	1.124943000E+3
-1.825400000E-6	2.756730000E-7	3.968900000E+0	2.858541012E-1	1.126553000E+3
-2.130880000E-6	-6.705570000E-8	3.980900000E+0	2.858541012E-1	1.127746000E+3
-1.914810000E-6	-2.235180000E-7	3.991100000E+0	2.858541012E-1	1.128973000E+3
-2.093630000E-6	-7.450630000E-8	4.003000000E+0	2.858541012E-1	1.130252000E+3
-2.108530000E-6	-1.043090000E-7	4.014600000E+0	2.858541012E-1	1.131506000E+3
-1.758340000E-6	-1.490130000E-7	4.026000000E+0	2.858541012E-1	1.133077000E+3
-2.108530000E-6	2.086170000E-7	4.036700000E+0	2.858541012E-1	1.134767000E+3
-2.093630000E-6	2.235180000E-7	4.048600000E+0	2.858541012E-1	1.136025000E+3
-1.683840000E-6	2.086170000E-7	4.067000000E+0	2.858541012E-1	1.137691000E+3
-1.631680000E-6	6.705570000E-8	4.080700000E+0	2.858541012E-1	1.139681000E+3
-2.190490000E-6	2.980250000E-8	4.091200000E+0	2.858541012E-1	1.141033000E+3
-1.944620000E-6	-1.937160000E-7	4.102000000E+0	2.858541012E-1	1.142246000E+3
-1.676390000E-6	2.309690000E-7	4.113400000E+0	2.858541012E-1	1.143427000E+3
-1.743440000E-6	-1.490130000E-7	4.126000000E+0	2.858541012E-1	1.145090000E+3
-2.004220000E-6	2.086170000E-7	4.137800000E+0	2.858541012E-1	1.146621000E+3
-2.138330000E-6	8.940740000E-8	4.149100000E+0	2.858541012E-1	1.147847000E+3
-1.952070000E-6	-2.011670000E-7	4.162200000E+0	2.858541012E-1	1.149425000E+3
-1.989320000E-6	-2.160680000E-7	4.173800000E+0	2.858541012E-1	1.150678000E+3
-2.011670000E-6	-1.713640000E-7	4.184700000E+0	2.858541012E-1	1.151947000E+3
-1.788150000E-6	-2.458710000E-7	4.196500000E+0	2.858541012E-1	1.153705000E+3
-1.639140000E-6	-2.235190000E-8	4.209200000E+0	2.858541012E-1	1.155305000E+3
-1.758340000E-6	2.607720000E-7	4.221500000E+0	2.858541012E-1	1.156521000E+3
-2.183030000E-6	-1.490130000E-8	4.233700000E+0	2.858541012E-1	1.157704000E+3
-2.153230000E-6	1.341110000E-7	4.244800000E+0	2.858541012E-1	1.159340000E+3
-1.639140000E-6	2.980250000E-8	4.257400000E+0	2.858541012E-1	1.161035000E+3
-1.817950000E-6	3.352780000E-7	4.271200000E+0	2.858541012E-1	1.162420000E+3
-1.743440000E-6	-1.788150000E-7	4.281700000E+0	2.858541012E-1	1.163577000E+3
-2.056370000E-6	-1.937160000E-7	4.294500000E+0	2.858541012E-1	1.165578000E+3
-1.676390000E-6	1.043090000E-7	4.307300000E+0	2.858541012E-1	1.166762000E+3
-1.840300000E-6	-2.384200000E-7	4.319900000E+0	2.858541012E-1	1.168432000E+3
-1.639140000E-6	1.266610000E-7	4.331200000E+0	2.858541012E-1	1.169634000E+3
-1.907360000E-6	-2.011670000E-7	4.342200000E+0	2.858541012E-1	1.170762000E+3
-1.840300000E-6	-2.309690000E-7	4.352800000E+0	2.858541012E-1	1.172376000E+3
-1.654040000E-6	-6.705570000E-8	4.366200000E+0	2.858541012E-1	1.173963000E+3
-1.810500000E-6	2.160680000E-7	4.378700000E+0	2.858541012E-1	1.175339000E+3
-1.810500000E-6	-2.607720000E-7	4.390400000E+0	2.858541012E-1	1.176681000E+3
-1.691290000E-6	1.788150000E-7	4.400400000E+0	2.858541012E-1	1.178237000E+3
-2.093630000E-6	9.685800000E-8	4.413200000E+0	2.858541012E-1	1.179431000E+3
-2.093630000E-6	5.215430000E-8	4.424700000E+0	2.858541012E-1	1.181035000E+3
-1.996770000E-6	-2.235180000E-7	4.435900000E+0	2.858541012E-1	1.182253000E+3
-2.130880000E-6	2.011670000E-7	4.447500000E+0	2.858541012E-1	1.183565000E+3
-1.914810000E-6	-1.564630000E-7	4.460600000E+0	2.858541012E-1	1.185305000E+3
-1.624230000E-6	2.980250000E-8	4.471000000E+0	2.858541012E-1	1.186504000E+3
-1.624230000E-6	-7.450640000E-9	4.483400000E+0	2.858541012E-1	1.187768000E+3
-2.108530000E-6	2.235180000E-7	4.495100000E+0	2.858541012E-1	1.189306000E+3
-1.929710000E-6	2.980250000E-7	4.506200000E+0	2.858541012E-1	1.190942000E+3
-2.183030000E-6	-8.940740000E-8	4.517600000E+0	2.858541012E-1	1.192147000E+3
-1.810500000E-6	2.831240000E-7	4.527800000E+0	2.858541012E-1	1.193286000E+3
-1.966970000E-6	2.607720000E-7	4.538200000E+0	2.858541012E-1	1.194525000E+3
-2.086180000E-6	-1.639140000E-7	4.550300000E+0	2.858541012E-1	1.195724000E+3
-1.773250000E-6	2.533220000E-7	4.560500000E+0	2.858541012E-1	1.197422000E+3
-2.138330000E-6	7.450630000E-8	4.570700000E+0	2.858541012E-1	1.198620000E+3
-2.115980000E-6	1.266610000E-7	4.582400000E+0	2.858541012E-1	1.199876000E+3
-1.765790000E-6	-1.415620000E-7	4.596500000E+0	2.858541012E-1	1.201606000E+3
-1.847750000E-6	2.905740000E-7	4.607300000E+0	2.858541012E-1	1.202793000E+3
-2.086180000E-6	-9.685800000E-8	4.619900000E+0	2.858541012E-1	1.203982000E+3
-1.862650000E-6	2.756730000E-7	4.632400000E+0	2.858541012E-1	1.206019000E+3
-1.929710000E-6	3.054760000E-7	4.644100000E+0	2.858541012E-1	1.207272000E+3
-2.115980000E-6	8.940740000E-8	4.656700000E+0	2.858541012E-1	1.208492000E+3
-1.646590000E-6	1.564630000E-7	4.669400000E+0	2.858541012E-1	1.210175000E+3
-1.765790000E-6	-1.862650000E-7	4.682700000E+0	2.858541012E-1	1.211829000E+3
-1.952070000E-6	-2.235180000E-7	4.695800000E+0	2.858541012E-1	1.213827000E+3
-1.989320000E-6	-1.788150000E-7	4.707300000E+0	2.858541012E-1	1.215080000E+3
-1.706190000E-6	-1.415620000E-7	4.721200000E+0	2.858541012E-1	1.216320000E+3
-1.735990000E-6	-2.011670000E-7	4.732000000E+0	2.858541012E-1	1.217930000E+3
-2.056370000E-6	-1.490130000E-7	4.742300000E+0	2.858541012E-1	1.219042000E+3
-1.706190000E-6	-1.117590000E-7	4.753800000E+0	2.858541012E-1	1.220607000E+3
-2.153230000E-6	8.195680000E-8	4.765700000E+0	2.858541012E-1	1.221945000E+3
-1.862650000E-6	-2.607720000E-7	4.776500000E+0	2.858541012E-1	1.223145000E+3
-1.914810000E-6	-2.235180000E-7	4.788500000E+0	2.858541012E-1	1.224405000E+3
-1.855200000E-6	2.533220000E-7	4.798700000E+0	2.858541012E-1	1.225933000E+3
-2.071280000E-6	2.235180000E-7	4.810200000E+0	2.858541012E-1	1.227166000E+3
-1.899910000E-6	-1.937160000E-7	4.820400000E+0	2.858541012E-1	1.228351000E+3
-1.996770000E-6	3.129260000E-7	4.830700000E+0	2.858541012E-1	1.229688000E+3
-2.115980000E-6	-9.685800000E-8	4.840900000E+0	2.858541012E-1	1.230890000E+3
-2.056370000E-6	2.235180000E-7	4.852300000E+0	2.858541012E-1	1.232191000E+3
-2.071280000E-6	2.831240000E-7	4.863900000E+0	2.858541012E-1	1.233806000E+3
-1.706190000E-6	2.384200000E-7	4.876800000E+0	2.858541012E-1	1.235099000E+3
-2.071280000E-6	2.011670000E-7	4.889100000E+0	2.858541012E-1	1.236668000E+3
-1.728540000E-6	-2.011670000E-7	4.901600000E+0	2.858541012E-1	1.238198000E+3
-1.750890000E-6	1.862650000E-7	4.911700000E+0	2.858541012E-1	1.239407000E+3
-2.056370000E-6	1.862650000E-7	4.922100000E+0	2.858541012E-1	1.240794000E+3
-1.586980000E-6	3.725310000E-8	4.933100000E+0	2.858541012E-1	1.241941000E+3
-2.048920000E-6	2.160680000E-7	4.945100000E+0	2.858541012E-1	1.243130000E+3
-1.855200000E-6	3.054760000E-7	4.955500000E+0	2.858541012E-1	1.244407000E+3
-2.078730000E-6	-1.490130000E-7	4.966100000E+0	2.858541012E-1	1.245961000E+3
-2.056370000E-6	-1.564630000E-7	4.980300000E+0	2.858541012E-1	1.247571000E+3
-1.803050000E-6	2.533220000E-7	4.992300000E+0	2.858541012E-1	1.248902000E+3
-2.063830000E-6	1.862650000E-7	5.004200000E+0	2.858541012E-1	1.250481000E+3
-2.004220000E-6	2.384200000E-7	5.016400000E+0	2.858541012E-1	1.252108000E+3
-1.855200000E-6	-2.160680000E-7	5.028500000E+0	2.858541012E-1	1.253282000E+3
-1.907360000E-6	2.980250000E-7	5.038700000E+0	2.858541012E-1	1.254454000E+3
-2.093630000E-6	5.960510000E-8	5.048800000E+0	2.858541012E-1	1.255670000E+3
-2.123430000E-6	1.490130000E-7	5.059600000E+0	2.858541012E-1	1.257295000E+3
-1.840300000E-6	3.054760000E-7	5.072900000E+0	2.858541012E-1	1.258764000E+3
-2.019120000E-6	2.160680000E-7	5.085600000E+0	2.858541012E-1	1.260356000E+3
-2.086180000E-6	-9.685800000E-8	5.098600000E+0	2.858541012E-1	1.261568000E+3
-2.093630000E-6	5.960510000E-8	5.109500000E+0	2.858541012E-1	1.263200000E+3
-1.832850000E-6	-1.862650000E-7	5.119600000E+0	2.858541012E-1	1.264408000E+3
-2.004220000E-6	2.384200000E-7	5.131800000E+0	2.858541012E-1	1.265928000E+3
-2.071280000E-6	-1.713640000E-7	5.142700000E+0	2.858541012E-1	1.267125000E+3
-2.093630000E-6	-1.043090000E-7	5.153900000E+0	2.858541012E-1	1.268384000E+3
-1.780700000E-6	1.862650000E-7	5.166300000E+0	2.858541012E-1	1.270081000E+3
-2.034020000E-6	-1.788150000E-7	5.178000000E+0	2.858541012E-1	1.271253000E+3
-2.123430000E-6	-7.450640000E-9	5.191500000E+0	2.858541012E-1	1.272886000E+3
-2.026570000E-6	-1.937160000E-7	5.204000000E+0	2.858541012E-1	1.274473000E+3
-1.572080000E-6	5.960510000E-8	5.216400000E+0	2.858541012E-1	1.275845000E+3
-2.034020000E-6	-1.639140000E-7	5.226500000E+0	2.858541012E-1	1.276991000E+3
-2.071280000E-6	-1.490130000E-8	5.239400000E+0	2.858541012E-1	1.278621000E+3
-2.093630000E-6	-2.235190000E-8	5.250400000E+0	2.858541012E-1	1.280239000E+3
-1.631680000E-6	1.117590000E-7	5.261800000E+0	2.858541012E-1	1.281401000E+3
-1.646590000E-6	1.713640000E-7	5.272200000E+0	2.858541012E-1	1.282650000E+3
-2.130880000E-6	1.192100000E-7	5.284300000E+0	2.858541012E-1	1.284194000E+3
-1.780700000E-6	-1.862650000E-7	5.297400000E+0	2.858541012E-1	1.285391000E+3
-1.624230000E-6	7.450640000E-9	5.308000000E+0	2.858541012E-1	1.287158000E+3
-1.877550000E-6	3.278270000E-7	5.318700000E+0	2.858541012E-1	1.288362000E+3
-1.750890000E-6	-2.235180000E-7	5.329100000E+0	2.858541012E-1	1.289514000E+3
-1.743440000E-6	1.862650000E-7	5.341700000E+0	2.858541012E-1	1.290896000E+3
-1.907360000E-6	2.458710000E-7	5.353700000E+0	2.858541012E-1	1.292482000E+3
-1.780700000E-6	2.458710000E-7	5.367100000E+0	2.858541012E-1	1.294113000E+3
-2.048920000E-6	2.235180000E-7	5.378200000E+0	2.858541012E-1	1.295347000E+3
-1.631680000E-6	-1.117590000E-7	5.391400000E+0	2.858541012E-1	1.296855000E+3
-1.713640000E-6	-1.192100000E-7	5.403700000E+0	2.858541012E-1	1.298477000E+3
-1.691290000E-6	2.458710000E-7	5.414500000E+0	2.858541012E-1	1.299684000E+3
-2.078730000E-6	-1.862650000E-7	5.425200000E+0	2.858541012E-1	1.300849000E+3
-2.153230000E-6	-4.470370000E-8	5.436300000E+0	2.858541012E-1	1.302482000E+3
-1.631680000E-6	-1.415620000E-7	5.448400000E+0	2.858541012E-1	1.303855000E+3
-2.063830000E-6	-1.341110000E-7	5.458500000E+0	2.858541012E-1	1.304978000E+3
-1.594430000E-6	-8.940740000E-8	5.469700000E+0	2.858541012E-1	1.306363000E+3
-1.810500000E-6	3.129260000E-7	5.483100000E+0	2.858541012E-1	1.307919000E+3
-2.078730000E-6	8.195680000E-8	5.494200000E+0	2.858541012E-1	1.309136000E+3
-1.728540000E-6	-1.862650000E-7	5.505100000E+0	2.858541012E-1	1.310337000E+3
-2.078730000E-6	-7.450630000E-8	5.516500000E+0	2.858541012E-1	1.311985000E+3
-1.698740000E-6	-2.011670000E-7	5.527300000E+0	2.858541012E-1	1.313550000E+3
-1.803050000E-6	2.533220000E-7	5.539200000E+0	2.858541012E-1	1.314744000E+3
-1.743440000E-6	2.607720000E-7	5.552400000E+0	2.858541012E-1	1.316360000E+3
-1.616780000E-6	5.960510000E-8	5.566500000E+0	2.858541012E-1	1.317640000E+3
-1.601880000E-6	-6.705570000E-8	5.576700000E+0	2.858541012E-1	1.319271000E+3
-2.078730000E-6	1.341110000E-7	5.587600000E+0	2.858541012E-1	1.320445000E+3
-1.885000000E-6	2.905740000E-7	5.599500000E+0	2.858541012E-1	1.322087000E+3
-2.034020000E-6	-1.639140000E-7	5.611200000E+0	2.858541012E-1	1.323278000E+3
-1.639140000E-6	1.341110000E-7	5.621400000E+0	2.858541012E-1	1.324452000E+3
-2.086180000E-6	2.235190000E-8	5.632100000E+0	2.858541012E-1	1.325812000E+3
-2.034020000E-6	-1.341110000E-7	5.643800000E+0	2.858541012E-1	1.327399000E+3
-1.646590000E-6	7.450640000E-9	5.655700000E+0	2.858541012E-1	1.328597000E+3
-1.631680000E-6	-2.980250000E-8	5.669400000E+0	2.858541012E-1	1.330215000E+3
-1.609330000E-6	-1.117590000E-7	5.681700000E+0	2.858541012E-1	1.331835000E+3
-2.078730000E-6	5.960510000E-8	5.693900000E+0	2.858541012E-1	1.332996000E+3
-2.093630000E-6	7.450640000E-9	5.704200000E+0	2.858541012E-1	1.334601000E+3
-2.034020000E-6	-8.195680000E-8	5.716700000E+0	2.858541012E-1	1.336201000E+3
-1.825400000E-6	2.533220000E-7	5.729600000E+0	2.858541012E-1	1.337517000E+3
-2.019120000E-6	1.713640000E-7	5.742700000E+0	2.858541012E-1	1.339283000E+3
-1.966970000E-6	2.309690000E-7	5.753900000E+0	2.858541012E-1	1.340549000E+3
-1.735990000E-6	2.086170000E-7	5.765800000E+0	2.858541012E-1	1.341660000E+3
-1.631680000E-6	1.266610000E-7	5.775900000E+0	2.858541012E-1	1.342929000E+3
-1.750890000E-6	-2.086170000E-7	5.786800000E+0	2.858541012E-1	1.344057000E+3
-1.721090000E-6	2.533220000E-7	5.798000000E+0	2.858541012E-1	1.345780000E+3
-1.966970000E-6	-1.713640000E-7	5.809300000E+0	2.858541012E-1	1.347324000E+3
-1.668940000E-6	2.384200000E-7	5.822300000E+0	2.858541012E-1	1.348842000E+3
-2.071280000E-6	-2.235190000E-8	5.834300000E+0	2.858541012E-1	1.350201000E+3
-1.959520000E-6	-1.788150000E-7	5.844900000E+0	2.858541012E-1	1.351434000E+3
-1.847750000E-6	2.607720000E-7	5.856100000E+0	2.858541012E-1	1.352589000E+3
-1.885000000E-6	2.458710000E-7	5.869800000E+0	2.858541012E-1	1.354199000E+3
-2.071280000E-6	5.215430000E-8	5.881800000E+0	2.858541012E-1	1.355778000E+3
-1.527380000E-6	5.960510000E-8	5.894500000E+0	2.858541012E-1	1.357470000E+3
-1.937170000E-6	-2.458710000E-7	5.905400000E+0	2.858541012E-1	1.358614000E+3
-1.974420000E-6	-1.862650000E-7	5.918700000E+0	2.858541012E-1	1.360234000E+3
-2.041470000E-6	1.490130000E-8	5.928800000E+0	2.858541012E-1	1.361696000E+3
-1.937170000E-6	-1.341110000E-7	5.940400000E+0	2.858541012E-1	1.362750000E+3
-1.519930000E-6	0.000000000E+0	5.950800000E+0	2.858541012E-1	1.363931000E+3
-1.654040000E-6	-2.458710000E-7	5.963900000E+0	2.858541012E-1	1.365583000E+3
-1.743440000E-6	2.384200000E-7	5.975300000E+0	2.858541012E-1	1.367126000E+3
-1.728540000E-6	2.533220000E-7	5.986100000E+0	2.858541012E-1	1.368375000E+3
-1.654040000E-6	-2.384200000E-7	5.996200000E+0	2.858541012E-1	1.369534000E+3
-1.654040000E-6	-3.129260000E-7	6.010100000E+0	2.858541012E-1	1.371154000E+3
-1.691290000E-6	2.309690000E-7	6.023900000E+0	2.858541012E-1	1.372496000E+3
-1.713640000E-6	1.415620000E-7	6.037300000E+0	2.858541012E-1	1.374465000E+3
-1.683840000E-6	1.341110000E-7	6.053800000E+0	2.858541012E-1	1.376620000E+3
-1.490120000E-6	-2.905740000E-7	6.064700000E+0	2.858541012E-1	1.377784000E+3
-1.750890000E-6	-1.341110000E-7	6.078100000E+0	2.858541012E-1	1.379447000E+3
-1.654040000E-6	-2.086170000E-7	6.093300000E+0	2.858541012E-1	1.381059000E+3
-1.125040000E-6	-3.874320000E-7	6.103700000E+0	2.858541012E-1	1.382257000E+3
-1.139950000E-6	-8.195680000E-8	6.115200000E+0	2.858541012E-1	1.383462000E+3
-8.940730000E-7	-3.576300000E-7	6.126000000E+0	2.858541012E-1	1.385118000E+3
-1.080340000E-6	-5.587970000E-7	6.137500000E+0	2.858541012E-1	1.386778000E+3
-7.748640000E-7	-1.788150000E-7	6.149100000E+0	2.858541012E-1	1.387942000E+3
-3.650800000E-7	-3.576300000E-7	6.162300000E+0	2.858541012E-1	1.389584000E+3
-7.003580000E-7	-5.066430000E-7	6.173900000E+0	2.858541012E-1	1.390747000E+3
-2.011670000E-7	-5.215440000E-7	6.185900000E+0	2.858541012E-1	1.391949000E+3
-1.490130000E-7	-4.842910000E-7	6.196400000E+0	2.858541012E-1	1.393577000E+3
-3.501790000E-7	-5.960510000E-8	6.206800000E+0	2.858541012E-1	1.394720000E+3
-7.450630000E-8	-4.321350000E-7	6.217000000E+0	2.858541012E-1	1.395928000E+3
-1.862650000E-7	-1.117590000E-7	6.227300000E+0	2.858541012E-1	1.397584000E+3
3.203770000E-7	-1.490130000E-7	6.239300000E+0	2.858541012E-1	1.398744000E+3
-1.788150000E-7	-9.685800000E-8	6.252500000E+0	2.858541012E-1	1.400442000E+3
4.470370000E-8	-2.980250000E-7	6.266300000E+0	2.858541012E-1	1.401667000E+3
1.341110000E-7	-2.831240000E-7	6.277600000E+0	2.858541012E-1	1.403262000E+3
-6.705570000E-8	0.000000000E+0	6.290900000E+0	2.858541012E-1	1.404931000E+3
2.235180000E-7	1.862650000E-7	6.301100000E+0	2.858541012E-1	1.406064000E+3
3.576300000E-7	1.117590000E-7	6.311800000E+0	2.858541012E-1	1.407684000E+3
-1.117590000E-7	-1.192100000E-7	6.324700000E+0	2.858541012E-1	1.409047000E+3
4.023330000E-7	-1.192100000E-7	6.337000000E+0	2.858541012E-1	1.410593000E+3
4.246850000E-7	2.980250000E-8	6.350600000E+0	2.858541012E-1	1.411831000E+3
3.501790000E-7	1.862650000E-7	6.362400000E+0	2.858541012E-1	1.413427000E+3
5.215430000E-8	1.937160000E-7	6.373300000E+0	2.858541012E-1	1.414646000E+3
-5.960510000E-8	1.192100000E-7	6.384300000E+0	2.858541012E-1	1.416248000E+3
-6.705570000E-8	-1.788150000E-7	6.397000000E+0	2.858541012E-1	1.418009000E+3
1.564630000E-7	2.160680000E-7	6.409700000E+0	2.858541012E-1	1.419147000E+3
-7.450630000E-8	-7.450640000E-9	6.422700000E+0	2.858541012E-1	1.420725000E+3
1.862650000E-7	-3.054760000E-7	6.435700000E+0	2.858541012E-1	1.422106000E+3
1.788150000E-7	2.607720000E-7	6.446200000E+0	2.858541012E-1	1.423276000E+3
2.086170000E-7	2.458710000E-7	6.457200000E+0	2.858541012E-1	1.424891000E+3
7.450640000E-9	1.639140000E-7	6.470000000E+0	2.858541012E-1	1.426477000E+3
0.000000000E+0	5.960510000E-8	6.484500000E+0	2.858541012E-1	1.428081000E+3
1.937160000E-7	2.384200000E-7	6.497700000E+0	2.858541012E-1	1.429736000E+3
3.874320000E-7	-1.713640000E-7	6.507900000E+0	2.858541012E-1	1.430869000E+3
5.066430000E-7	-3.725310000E-8	6.519000000E+0	2.858541012E-1	1.432471000E+3
4.246850000E-7	2.980250000E-8	6.532800000E+0	2.858541012E-1	1.433721000E+3
4.544870000E-7	8.195680000E-8	6.544800000E+0	2.858541012E-1	1.435328000E+3
6.705570000E-8	-2.607720000E-7	6.555300000E+0	2.858541012E-1	1.436467000E+3
0.000000000E+0	-1.341110000E-7	6.566200000E+0	2.858541012E-1	1.438100000E+3
2.309690000E-7	-2.980250000E-7	6.577100000E+0	2.858541012E-1	1.439321000E+3
1.862650000E-7	2.458710000E-7	6.587800000E+0	2.858541012E-1	1.440495000E+3
-8.195680000E-8	5.960510000E-8	6.598900000E+0	2.858541012E-1	1.442076000E+3
2.458710000E-7	-2.309690000E-7	6.610100000E+0	2.858541012E-1	1.443261000E+3
-2.980250000E-8	-1.564630000E-7	6.621400000E+0	2.858541012E-1	1.444737000E+3
-3.725310000E-8	-1.862650000E-7	6.633200000E+0	2.858541012E-1	1.445812000E+3
3.725310000E-7	2.235180000E-7	6.644000000E+0	2.858541012E-1	1.447152000E+3
3.874320000E-7	-5.960510000E-8	6.656200000E+0	2.858541012E-1	1.448797000E+3
4.470370000E-8	-2.756730000E-7	6.666400000E+0	2.858541012E-1	1.449929000E+3
3.278270000E-7	-1.788150000E-7	6.676600000E+0	2.858541012E-1	1.451145000E+3
3.874320000E-7	-7.450630000E-8	6.686800000E+0	2.858541012E-1	1.452747000E+3
4.246850000E-7	-7.450640000E-9	6.700300000E+0	2.858541012E-1	1.453998000E+3
-6.705570000E-8	1.266610000E-7	6.713600000E+0	2.858541012E-1	1.455537000E+3
3.725310000E-7	1.192100000E-7	6.726100000E+0	2.858541012E-1	1.457199000E+3
-5.960510000E-8	6.705570000E-8	6.739900000E+0	2.858541012E-1	1.458757000E+3
-5.215430000E-8	-2.086170000E-7	6.753100000E+0	2.858541012E-1	1.459984000E+3
3.799810000E-7	-3.725310000E-8	6.767100000E+0	2.858541012E-1	1.462257000E+3
3.278270000E-7	-1.788150000E-7	6.779500000E+0	2.858541012E-1	1.463889000E+3
-7.450630000E-8	-1.043090000E-7	6.793100000E+0	2.858541012E-1	1.465017000E+3
4.172340000E-7	5.960510000E-8	6.804300000E+0	2.858541012E-1	1.466195000E+3
2.533220000E-7	-3.203770000E-7	6.816700000E+0	2.858541012E-1	1.467843000E+3
4.917420000E-7	-2.235190000E-8	6.829300000E+0	2.858541012E-1	1.469422000E+3
2.980250000E-7	2.533220000E-7	6.839400000E+0	2.858541012E-1	1.471006000E+3
-1.490130000E-8	1.415620000E-7	6.853500000E+0	2.858541012E-1	1.472596000E+3
4.097840000E-7	1.490130000E-7	6.867000000E+0	2.858541012E-1	1.474248000E+3
2.160680000E-7	2.831240000E-7	6.879100000E+0	2.858541012E-1	1.475481000E+3
4.842910000E-7	-1.341110000E-7	6.889300000E+0	2.858541012E-1	1.476607000E+3
2.533220000E-7	2.384200000E-7	6.900400000E+0	2.858541012E-1	1.477815000E+3
-5.960510000E-8	8.940740000E-8	6.912600000E+0	2.858541012E-1	1.479395000E+3
1.862650000E-7	2.384200000E-7	6.927600000E+0	2.858541012E-1	1.481394000E+3
-3.725310000E-8	7.450630000E-8	6.938300000E+0	2.858541012E-1	1.482628000E+3
0.000000000E+0	1.639140000E-7	6.951800000E+0	2.858541012E-1	1.484241000E+3
4.395860000E-7	1.192100000E-7	6.964200000E+0	2.858541012E-1	1.485554000E+3
-3.725310000E-8	3.725310000E-8	6.975200000E+0	2.858541012E-1	1.486745000E+3
3.874320000E-7	8.940740000E-8	6.987300000E+0	2.858541012E-1	1.488423000E+3
5.960510000E-8	1.415620000E-7	6.999000000E+0	2.858541012E-1	1.489991000E+3
2.682230000E-7	-2.756730000E-7	7.010200000E+0	2.858541012E-1	1.491528000E+3
5.960510000E-8	1.639140000E-7	7.022700000E+0	2.858541012E-1	1.492870000E+3
5.960510000E-8	-2.160680000E-7	7.034200000E+0	2.858541012E-1	1.494067000E+3
4.842910000E-7	-5.215430000E-8	7.046600000E+0	2.858541012E-1	1.495256000E+3
2.384200000E-7	-2.235180000E-7	7.058000000E+0	2.858541012E-1	1.496912000E+3
1.862650000E-7	2.607720000E-7	7.068100000E+0	2.858541012E-1	1.498079000E+3
2.160680000E-7	2.682230000E-7	7.080600000E+0	2.858541012E-1	1.499702000E+3
3.501790000E-7	-2.086170000E-7	7.090600000E+0	2.858541012E-1	1.501025000E+3
2.980250000E-7	2.235180000E-7	7.101300000E+0	2.858541012E-1	1.502214000E+3
-2.235190000E-8	6.705570000E-8	7.111800000E+0	2.858541012E-1	1.503426000E+3
-7.450630000E-8	0.000000000E+0	7.123400000E+0	2.858541012E-1	1.505033000E+3
3.725310000E-7	-1.341110000E-7	7.137200000E+0	2.858541012E-1	1.506227000E+3
4.246850000E-7	-5.215430000E-8	7.149400000E+0	2.858541012E-1	1.507813000E+3
3.129260000E-7	2.086170000E-7	7.162500000E+0	2.858541012E-1	1.509400000E+3
1.862650000E-7	2.309690000E-7	7.177700000E+0	2.858541012E-1	1.511538000E+3
-3.725310000E-8	-2.235190000E-8	7.190200000E+0	2.858541012E-1	1.512747000E+3
1.043090000E-7	2.011670000E-7	7.200400000E+0	2.858541012E-1	1.514023000E+3
3.650800000E-7	-2.086170000E-7	7.211300000E+0	2.858541012E-1	1.515550000E+3
4.395860000E-7	-1.490130000E-8	7.223900000E+0	2.858541012E-1	1.516785000E+3
3.725310000E-8	1.341110000E-7	7.235200000E+0	2.858541012E-1	1.517978000E+3
2.011670000E-7	2.160680000E-7	7.246100000E+0	2.858541012E-1	1.519604000E+3
1.862650000E-7	-2.235180000E-7	7.259400000E+0	2.858541012E-1	1.521145000E+3
1.564630000E-7	2.086170000E-7	7.272200000E+0	2.858541012E-1	1.522833000E+3
4.321350000E-7	-1.192100000E-7	7.282700000E+0	2.858541012E-1	1.523975000E+3
-7.450640000E-9	-1.266610000E-7	7.294700000E+0	2.858541012E-1	1.525286000E+3
2.086170000E-7	2.384200000E-7	7.308100000E+0	2.858541012E-1	1.527139000E+3
2.235190000E-8	-1.713640000E-7	7.319900000E+0	2.858541012E-1	1.528338000E+3
3.725310000E-7	-1.937160000E-7	7.330600000E+0	2.858541012E-1	1.529725000E+3
1.788150000E-7	2.086170000E-7	7.343300000E+0	2.858541012E-1	1.531270000E+3
2.756730000E-7	2.011670000E-7	7.356100000E+0	2.858541012E-1	1.532899000E+3
2.980250000E-8	-9.685800000E-8	7.367700000E+0	2.858541012E-1	1.534083000E+3
1.490130000E-8	-1.266610000E-7	7.380100000E+0	2.858541012E-1	1.535696000E+3
4.321350000E-7	-8.940740000E-8	7.390200000E+0	2.858541012E-1	1.536888000E+3
1.266610000E-7	1.937160000E-7	7.400800000E+0	2.858541012E-1	1.538078000E+3
3.799810000E-7	-2.011670000E-7	7.413000000E+0	2.858541012E-1	1.539767000E+3
4.470370000E-8	1.564630000E-7	7.423100000E+0	2.858541012E-1	1.540939000E+3
-4.470370000E-8	-1.490130000E-8	7.433300000E+0	2.858541012E-1	1.541815000E+3
3.799810000E-7	-1.937160000E-7	7.444900000E+0	2.858541012E-1	1.543002000E+3
2.980250000E-8	-5.960510000E-8	7.455600000E+0	2.858541012E-1	1.544668000E+3
4.693880000E-7	-1.192100000E-7	7.466300000E+0	2.858541012E-1	1.546036000E+3
7.450630000E-8	2.011670000E-7	7.478500000E+0	2.858541012E-1	1.547587000E+3
6.705570000E-8	-2.384200000E-7	7.488800000E+0	2.858541012E-1	1.548782000E+3
4.991930000E-7	-1.490130000E-8	7.500800000E+0	2.858541012E-1	1.549972000E+3
-8.195680000E-8	-6.705570000E-8	7.512800000E+0	2.858541012E-1	1.552032000E+3
1.266610000E-7	2.160680000E-7	7.524600000E+0	2.858541012E-1	1.553148000E+3
3.874320000E-7	-1.862650000E-7	7.537600000E+0	2.858541012E-1	1.554829000E+3
-2.980250000E-8	-2.607720000E-7	7.551300000E+0	2.858541012E-1	1.555961000E+3
1.788150000E-7	-2.831240000E-7	7.561500000E+0	2.858541012E-1	1.557201000E+3
4.768410000E-7	5.960510000E-8	7.573300000E+0	2.858541012E-1	1.558751000E+3
1.341110000E-7	-2.607720000E-7	7.586100000E+0	2.858541012E-1	1.560432000E+3
1.862650000E-7	1.862650000E-7	7.597300000E+0	2.858541012E-1	1.562124000E+3
1.862650000E-7	-2.160680000E-7	7.610500000E+0	2.858541012E-1	1.563306000E+3
4.842910000E-7	3.725310000E-8	7.620900000E+0	2.858541012E-1	1.564498000E+3
3.129260000E-7	2.160680000E-7	7.633900000E+0	2.858541012E-1	1.566088000E+3
3.650800000E-7	1.788150000E-7	7.644600000E+0	2.858541012E-1	1.567352000E+3
-5.215430000E-8	-2.980250000E-8	7.654600000E+0	2.858541012E-1	1.568545000E+3
4.470370000E-8	-2.458710000E-7	7.666400000E+0	2.858541012E-1	1.569771000E+3
3.874320000E-7	1.266610000E-7	7.678800000E+0	2.858541012E-1	1.571304000E+3
5.215430000E-8	1.937160000E-7	7.690000000E+0	2.858541012E-1	1.572882000E+3
-7.450630000E-8	0.000000000E+0	7.702600000E+0	2.858541012E-1	1.574642000E+3
0.000000000E+0	-2.011670000E-7	7.716900000E+0	2.858541012E-1	1.576237000E+3
4.246850000E-7	1.043090000E-7	7.727100000E+0	2.858541012E-1	1.577409000E+3
4.395860000E-7	-2.011670000E-7	7.738800000E+0	2.858541012E-1	1.579053000E+3
-5.960510000E-8	4.470370000E-8	7.750400000E+0	2.858541012E-1	1.580210000E+3
1.490130000E-8	-1.937160000E-7	7.761500000E+0	2.858541012E-1	1.581440000E+3
8.940740000E-8	-1.937160000E-7	7.773800000E+0	2.858541012E-1	1.583046000E+3
2.458710000E-7	-2.607720000E-7	7.788900000E+0	2.858541012E-1	1.584641000E+3
4.768410000E-7	-7.450630000E-8	7.799100000E+0	2.858541012E-1	1.586212000E+3
2.831240000E-7	2.831240000E-7	7.809400000E+0	2.858541012E-1	1.587442000E+3
-7.450630000E-8	4.470370000E-8	7.820500000E+0	2.858541012E-1	1.588638000E+3
2.160680000E-7	-2.607720000E-7	7.830700000E+0	2.858541012E-1	1.589847000E+3
3.129260000E-7	-2.756730000E-7	7.844200000E+0	2.858541012E-1	1.591624000E+3
4.321350000E-7	-6.705570000E-8	7.856800000E+0	2.858541012E-1	1.593578000E+3
3.203770000E-7	-2.160680000E-7	7.868400000E+0	2.858541012E-1	1.594847000E+3
4.470370000E-7	-1.639140000E-7	7.880800000E+0	2.858541012E-1	1.596090000E+3
4.097840000E-7	1.117590000E-7	7.895100000E+0	2.858541012E-1	1.597679000E+3
4.097840000E-7	1.266610000E-7	7.907700000E+0	2.858541012E-1	1.599293000E+3
3.948830000E-7	-1.341110000E-7	7.919300000E+0	2.858541012E-1	1.600933000E+3
3.650800000E-7	1.788150000E-7	7.929600000E+0	2.858541012E-1	1.602159000E+3
4.544870000E-7	-5.215430000E-8	7.942600000E+0	2.858541012E-1	1.603797000E+3
-7.450640000E-9	-2.384200000E-7	7.954700000E+0	2.858541012E-1	1.605300000E+3
1.490130000E-8	-2.011670000E-7	7.966600000E+0	2.858541012E-1	1.606551000E+3
3.650800000E-7	-1.639140000E-7	7.979800000E+0	2.858541012E-1	1.608115000E+3
4.619380000E-7	2.235190000E-8	7.991500000E+0	2.858541012E-1	1.609354000E+3
7.450640000E-9	1.713640000E-7	8.002300000E+0	2.858541012E-1	1.610538000E+3
4.246850000E-7	1.788150000E-7	8.015200000E+0	2.858541012E-1	1.612564000E+3
