20251106_HM499GaHf2Nb_chiAC_vs_T_B_2T.001.txt Thu, Nov 6, 2025 4:44:13 PM Gabriele
Magnet: None
Trigger spacing of 0.010000 on column #3
Offsets:	0.000000000E+0	0.000000000E+0	0.000000000E+0	0.000000000E+0	0.000000000E+0

Scale Factors:	1.000000000E+0	1.000000000E+0	1.000000000E+0	1.000000000E+0	1.000000000E+0


Lockin_V_001	Chan2_V_001	Temperature_001	Field_001	Timestamp_001
-5.587970000E-7	-6.556550000E-7	7.999600000E+0	1.999944922E+4	2.700000000E-2
-4.023330000E-7	-1.020740000E-6	7.989000000E+0	1.999944922E+4	3.943900000E+1
-1.117590000E-7	-8.270180000E-7	7.975400000E+0	1.999944922E+4	4.101600000E+1
-1.490130000E-7	-8.940730000E-7	7.964000000E+0	1.999944922E+4	4.227700000E+1
-5.438960000E-7	-9.313260000E-7	7.950600000E+0	1.999944922E+4	4.341800000E+1
-2.384200000E-7	-9.983850000E-7	7.936700000E+0	1.999944922E+4	4.462900000E+1
-3.501790000E-7	-1.035640000E-6	7.924800000E+0	1.999944922E+4	4.589400000E+1
-5.215440000E-7	-5.587970000E-7	7.912300000E+0	1.999944922E+4	4.757800000E+1
-2.160680000E-7	-1.043090000E-6	7.901400000E+0	1.999944922E+4	4.893400000E+1
-1.490130000E-8	-6.780060000E-7	7.888000000E+0	1.999944922E+4	5.050800000E+1
-9.685800000E-8	-6.184020000E-7	7.874700000E+0	1.999944922E+4	5.211000000E+1
-2.980250000E-7	-5.140940000E-7	7.861600000E+0	1.999944922E+4	5.369200000E+1
-5.886000000E-7	-7.748640000E-7	7.845900000E+0	1.999944922E+4	5.544800000E+1
-2.235180000E-7	-1.005840000E-6	7.834500000E+0	1.999944922E+4	5.664300000E+1
-2.086170000E-7	-5.438960000E-7	7.823600000E+0	1.999944922E+4	5.783700000E+1
-3.799810000E-7	-5.513470000E-7	7.813000000E+0	1.999944922E+4	5.943400000E+1
-5.140940000E-7	-6.407540000E-7	7.801200000E+0	1.999944922E+4	6.102900000E+1
-5.438960000E-7	-8.940730000E-7	7.790800000E+0	1.999944922E+4	6.224600000E+1
-4.470370000E-8	-8.568200000E-7	7.779700000E+0	1.999944922E+4	6.343800000E+1
-3.874320000E-7	-5.736980000E-7	7.768200000E+0	1.999944922E+4	6.463300000E+1
-3.129260000E-7	-5.587970000E-7	7.755400000E+0	1.999944922E+4	6.625800000E+1
-3.874320000E-7	-5.364450000E-7	7.742900000E+0	1.999944922E+4	6.786300000E+1
-2.905740000E-7	-9.611320000E-7	7.731000000E+0	1.999944922E+4	6.903600000E+1
-4.619380000E-7	-9.387770000E-7	7.717500000E+0	1.999944922E+4	7.067600000E+1
-3.576300000E-7	-1.013290000E-6	7.705000000E+0	1.999944922E+4	7.227000000E+1
-8.940740000E-8	-7.078090000E-7	7.694200000E+0	1.999944922E+4	7.347000000E+1
-1.192100000E-7	-5.215440000E-7	7.683300000E+0	1.999944922E+4	7.506400000E+1
-4.395860000E-7	-4.768410000E-7	7.669200000E+0	1.999944922E+4	7.664500000E+1
-5.066430000E-7	-5.513470000E-7	7.655300000E+0	1.999944922E+4	7.824700000E+1
-4.768410000E-7	-5.438960000E-7	7.642700000E+0	1.999944922E+4	7.986700000E+1
-1.266610000E-7	-9.164250000E-7	7.631200000E+0	1.999944922E+4	8.103500000E+1
-1.564630000E-7	-5.289950000E-7	7.619100000E+0	1.999944922E+4	8.223900000E+1
-1.341110000E-7	-9.164250000E-7	7.608100000E+0	1.999944922E+4	8.391000000E+1
-5.140940000E-7	-6.407540000E-7	7.597900000E+0	1.999944922E+4	8.505600000E+1
-3.874320000E-7	-9.536820000E-7	7.585800000E+0	1.999944922E+4	8.662800000E+1
-3.725310000E-8	-7.376110000E-7	7.575600000E+0	1.999944922E+4	8.783600000E+1
-1.043090000E-7	-6.184020000E-7	7.565400000E+0	1.999944922E+4	8.906900000E+1
-4.619380000E-7	-8.493700000E-7	7.554900000E+0	1.999944922E+4	9.023600000E+1
3.725310000E-8	-7.674130000E-7	7.544200000E+0	1.999944922E+4	9.142400000E+1
-3.650800000E-7	-5.438960000E-7	7.531900000E+0	1.999944922E+4	9.315100000E+1
-4.470370000E-7	-5.140940000E-7	7.521500000E+0	1.999944922E+4	9.422200000E+1
-4.172340000E-7	-5.215440000E-7	7.507600000E+0	1.999944922E+4	9.583500000E+1
-4.470370000E-7	-9.015240000E-7	7.495800000E+0	1.999944922E+4	9.704600000E+1
-5.140940000E-7	-5.587970000E-7	7.482500000E+0	1.999944922E+4	9.905500000E+1
-1.266610000E-7	-8.866230000E-7	7.472100000E+0	1.999944922E+4	1.002310000E+2
-1.490130000E-8	-8.419190000E-7	7.458800000E+0	1.999944922E+4	1.018370000E+2
-4.991930000E-7	-7.003580000E-7	7.446600000E+0	1.999944922E+4	1.031670000E+2
-1.788150000E-7	-8.866230000E-7	7.436300000E+0	1.999944922E+4	1.043600000E+2
-5.960510000E-8	-7.525120000E-7	7.422600000E+0	1.999944922E+4	1.059530000E+2
-4.768410000E-7	-7.748640000E-7	7.411300000E+0	1.999944922E+4	1.072870000E+2
-5.140940000E-7	-5.886000000E-7	7.399800000E+0	1.999944922E+4	1.089240000E+2
-1.192100000E-7	-9.238760000E-7	7.386400000E+0	1.999944922E+4	1.106400000E+2
-3.799810000E-7	-5.140940000E-7	7.375100000E+0	1.999944922E+4	1.118130000E+2
-3.352780000E-7	-4.619380000E-7	7.362100000E+0	1.999944922E+4	1.134330000E+2
-2.235180000E-7	-4.246850000E-7	7.349500000E+0	1.999944922E+4	1.150600000E+2
-2.458710000E-7	-4.395860000E-7	7.336700000E+0	1.999944922E+4	1.161350000E+2
-1.937160000E-7	-9.611320000E-7	7.324600000E+0	1.999944922E+4	1.178230000E+2
-4.172340000E-7	-5.364450000E-7	7.312700000E+0	1.999944922E+4	1.191620000E+2
-4.470370000E-7	-8.866230000E-7	7.302600000E+0	1.999944922E+4	1.203650000E+2
-4.991930000E-7	-7.599630000E-7	7.292000000E+0	1.999944922E+4	1.218190000E+2
-4.619380000E-7	-5.736980000E-7	7.278500000E+0	1.999944922E+4	1.234530000E+2
-4.246850000E-7	-8.568200000E-7	7.266500000E+0	1.999944922E+4	1.248490000E+2
-5.140940000E-7	-7.525120000E-7	7.255300000E+0	1.999944922E+4	1.261280000E+2
-3.352780000E-7	-4.395860000E-7	7.243900000E+0	1.999944922E+4	1.274320000E+2
-4.023330000E-7	-5.066430000E-7	7.231000000E+0	1.999944922E+4	1.292220000E+2
-2.607720000E-7	-4.470370000E-7	7.219100000E+0	1.999944922E+4	1.304850000E+2
-3.799810000E-7	-4.842910000E-7	7.208400000E+0	1.999944922E+4	1.317250000E+2
-3.278270000E-7	-4.991930000E-7	7.196000000E+0	1.999944922E+4	1.331640000E+2
-9.685800000E-8	-7.972160000E-7	7.184100000E+0	1.999944922E+4	1.350260000E+2
-4.470370000E-7	-9.313260000E-7	7.167500000E+0	1.999944922E+4	1.366870000E+2
-4.768410000E-7	-8.717220000E-7	7.156400000E+0	1.999944922E+4	1.379550000E+2
-4.395860000E-7	-5.140940000E-7	7.145900000E+0	1.999944922E+4	1.392480000E+2
-3.725310000E-7	-9.164250000E-7	7.134100000E+0	1.999944922E+4	1.406290000E+2
-3.054760000E-7	-9.462270000E-7	7.120900000E+0	1.999944922E+4	1.422400000E+2
-2.756730000E-7	-4.917420000E-7	7.106700000E+0	1.999944922E+4	1.441180000E+2
-4.619380000E-7	-8.195680000E-7	7.096200000E+0	1.999944922E+4	1.453130000E+2
-2.533220000E-7	-4.246850000E-7	7.085200000E+0	1.999944922E+4	1.466290000E+2
-5.066430000E-7	-7.003580000E-7	7.073400000E+0	1.999944922E+4	1.480150000E+2
-4.246850000E-7	-5.364450000E-7	7.060400000E+0	1.999944922E+4	1.492960000E+2
-1.415620000E-7	-9.313260000E-7	7.048700000E+0	1.999944922E+4	1.511910000E+2
-1.043090000E-7	-4.619380000E-7	7.037200000E+0	1.999944922E+4	1.523790000E+2
-1.937160000E-7	-9.164250000E-7	7.025800000E+0	1.999944922E+4	1.538800000E+2
-1.937160000E-7	-5.215440000E-7	7.014000000E+0	1.999944922E+4	1.550660000E+2
-5.215430000E-8	-7.674130000E-7	7.003000000E+0	1.999944922E+4	1.569020000E+2
-1.490130000E-8	-7.003580000E-7	6.990200000E+0	1.999944922E+4	1.579770000E+2
-9.685800000E-8	-4.842910000E-7	6.976700000E+0	1.999944922E+4	1.595610000E+2
-7.450630000E-8	-5.289950000E-7	6.965300000E+0	1.999944922E+4	1.606430000E+2
-4.470370000E-7	-5.662480000E-7	6.951900000E+0	1.999944922E+4	1.625640000E+2
-1.341110000E-7	-9.462270000E-7	6.940300000E+0	1.999944922E+4	1.640970000E+2
-3.501790000E-7	-5.140940000E-7	6.928500000E+0	1.999944922E+4	1.654540000E+2
-1.564630000E-7	-9.089740000E-7	6.916900000E+0	1.999944922E+4	1.667940000E+2
-4.395860000E-7	-7.227100000E-7	6.906700000E+0	1.999944922E+4	1.681140000E+2
-2.682230000E-7	-9.834840000E-7	6.894800000E+0	1.999944922E+4	1.693220000E+2
-3.427290000E-7	-8.940730000E-7	6.881700000E+0	1.999944922E+4	1.707740000E+2
7.450640000E-9	-7.152590000E-7	6.871500000E+0	1.999944922E+4	1.719650000E+2
-4.544870000E-7	-8.791720000E-7	6.860400000E+0	1.999944922E+4	1.734730000E+2
-1.564630000E-7	-4.842910000E-7	6.847500000E+0	1.999944922E+4	1.753430000E+2
-5.066430000E-7	-6.035010000E-7	6.837200000E+0	1.999944922E+4	1.763770000E+2
-1.490130000E-8	-7.599630000E-7	6.823400000E+0	1.999944922E+4	1.784320000E+2
-2.682230000E-7	-4.768410000E-7	6.812000000E+0	1.999944922E+4	1.794530000E+2
-4.097840000E-7	-5.513470000E-7	6.800300000E+0	1.999944922E+4	1.810550000E+2
-3.874320000E-7	-4.693880000E-7	6.787000000E+0	1.999944922E+4	1.821320000E+2
-4.842910000E-7	-7.823150000E-7	6.774600000E+0	1.999944922E+4	1.838940000E+2
-3.874320000E-7	-4.544870000E-7	6.762800000E+0	1.999944922E+4	1.851840000E+2
-3.129260000E-7	-9.462270000E-7	6.752000000E+0	1.999944922E+4	1.865540000E+2
-5.140940000E-7	-5.662480000E-7	6.741500000E+0	1.999944922E+4	1.878620000E+2
-3.874320000E-7	-8.940730000E-7	6.731500000E+0	1.999944922E+4	1.892530000E+2
0.000000000E+0	-5.736980000E-7	6.719700000E+0	1.999944922E+4	1.904310000E+2
-1.937160000E-7	-4.842910000E-7	6.707300000E+0	1.999944922E+4	1.918550000E+2
-1.937160000E-7	-4.842910000E-7	6.697100000E+0	1.999944922E+4	1.931080000E+2
-3.799810000E-7	-8.791720000E-7	6.683900000E+0	1.999944922E+4	1.949890000E+2
-3.874320000E-7	-4.842910000E-7	6.671600000E+0	1.999944922E+4	1.961310000E+2
3.725310000E-8	-7.227100000E-7	6.660100000E+0	1.999944922E+4	1.974430000E+2
-4.470370000E-8	-7.003580000E-7	6.649500000E+0	1.999944922E+4	1.990580000E+2
-9.685800000E-8	-5.587970000E-7	6.639000000E+0	1.999944922E+4	2.001150000E+2
-3.725310000E-7	-9.387770000E-7	6.626000000E+0	1.999944922E+4	2.019910000E+2
-1.341110000E-7	-4.917420000E-7	6.615700000E+0	1.999944922E+4	2.027950000E+2
-2.235190000E-8	-6.705560000E-7	6.605600000E+0	1.999944922E+4	2.042530000E+2
-7.450640000E-9	-7.674130000E-7	6.594400000E+0	1.999944922E+4	2.053450000E+2
-3.278270000E-7	-4.246850000E-7	6.583800000E+0	1.999944922E+4	2.068980000E+2
-1.266610000E-7	-8.568200000E-7	6.570900000E+0	1.999944922E+4	2.084130000E+2
-4.470370000E-8	-8.568200000E-7	6.558900000E+0	1.999944922E+4	2.100210000E+2
-1.788150000E-7	-4.097840000E-7	6.547300000E+0	1.999944922E+4	2.110440000E+2
-3.799810000E-7	-9.015240000E-7	6.536600000E+0	1.999944922E+4	2.123940000E+2
0.000000000E+0	-6.482040000E-7	6.525800000E+0	1.999944922E+4	2.137580000E+2
-2.607720000E-7	-8.717220000E-7	6.513500000E+0	1.999944922E+4	2.150640000E+2
-1.266610000E-7	-4.693880000E-7	6.503200000E+0	1.999944922E+4	2.162490000E+2
2.235190000E-8	-7.376110000E-7	6.490800000E+0	1.999944922E+4	2.177220000E+2
-4.991930000E-7	-7.599630000E-7	6.479400000E+0	1.999944922E+4	2.194120000E+2
-1.192100000E-7	-9.015240000E-7	6.468800000E+0	1.999944922E+4	2.207920000E+2
-2.607720000E-7	-4.172340000E-7	6.456900000E+0	1.999944922E+4	2.219800000E+2
-2.086170000E-7	-9.089740000E-7	6.445200000E+0	1.999944922E+4	2.233150000E+2
-8.195680000E-8	-5.438960000E-7	6.434100000E+0	1.999944922E+4	2.246920000E+2
-5.289950000E-7	-7.450620000E-7	6.423300000E+0	1.999944922E+4	2.260600000E+2
-2.980250000E-7	-4.172340000E-7	6.410800000E+0	1.999944922E+4	2.273530000E+2
-7.450640000E-9	-6.854570000E-7	6.399400000E+0	1.999944922E+4	2.286570000E+2
-2.086170000E-7	-5.066430000E-7	6.387600000E+0	1.999944922E+4	2.304120000E+2
-6.705570000E-8	-8.195680000E-7	6.376000000E+0	1.999944922E+4	2.317300000E+2
-3.203770000E-7	-4.470370000E-7	6.365500000E+0	1.999944922E+4	2.330920000E+2
-2.235190000E-8	-6.482040000E-7	6.352800000E+0	1.999944922E+4	2.343990000E+2
-2.533220000E-7	-9.387770000E-7	6.342400000E+0	1.999944922E+4	2.356940000E+2
-3.725310000E-8	-7.078090000E-7	6.331900000E+0	1.999944922E+4	2.369140000E+2
-2.533220000E-7	-9.387770000E-7	6.321100000E+0	1.999944922E+4	2.383880000E+2
-5.960510000E-8	-8.195680000E-7	6.309400000E+0	1.999944922E+4	2.396150000E+2
-3.129260000E-7	-9.462270000E-7	6.298100000E+0	1.999944922E+4	2.409100000E+2
0.000000000E+0	-7.525120000E-7	6.285700000E+0	1.999944922E+4	2.422970000E+2
-2.309690000E-7	-9.536820000E-7	6.275400000E+0	1.999944922E+4	2.435910000E+2
-6.705570000E-8	-5.140940000E-7	6.262400000E+0	1.999944922E+4	2.453220000E+2
-2.235180000E-7	-8.866230000E-7	6.251800000E+0	1.999944922E+4	2.466400000E+2
0.000000000E+0	-6.258520000E-7	6.240900000E+0	1.999944922E+4	2.478540000E+2
-5.140940000E-7	-7.301610000E-7	6.229000000E+0	1.999944922E+4	2.493740000E+2
-4.246850000E-7	-8.121170000E-7	6.218200000E+0	1.999944922E+4	2.511550000E+2
-2.980250000E-7	-9.089740000E-7	6.207200000E+0	1.999944922E+4	2.518490000E+2
-2.980250000E-8	-7.450620000E-7	6.195400000E+0	1.999944922E+4	2.534250000E+2
-7.450640000E-9	-7.152590000E-7	6.184400000E+0	1.999944922E+4	2.544950000E+2
-4.395860000E-7	-8.344690000E-7	6.172200000E+0	1.999944922E+4	2.559930000E+2
-3.352780000E-7	-9.536820000E-7	6.160400000E+0	1.999944922E+4	2.575980000E+2
-5.289950000E-7	-6.631050000E-7	6.149800000E+0	1.999944922E+4	2.590740000E+2
0.000000000E+0	-7.301610000E-7	6.139100000E+0	1.999944922E+4	2.602370000E+2
-5.066430000E-7	-6.407540000E-7	6.127700000E+0	1.999944922E+4	2.615890000E+2
-2.607720000E-7	-4.693880000E-7	6.117400000E+0	1.999944922E+4	2.625130000E+2
-8.940740000E-8	-8.419190000E-7	6.105000000E+0	1.999944922E+4	2.638450000E+2
-4.991930000E-7	-6.258520000E-7	6.091200000E+0	1.999944922E+4	2.662520000E+2
-5.662480000E-7	-7.152590000E-7	6.079700000E+0	1.999944922E+4	2.673190000E+2
-1.937160000E-7	-9.387770000E-7	6.063300000E+0	1.999944922E+4	2.690630000E+2
0.000000000E+0	-6.929080000E-7	6.051700000E+0	1.999944922E+4	2.706350000E+2
-4.470370000E-7	-8.791720000E-7	6.038800000E+0	1.999944922E+4	2.721470000E+2
-2.160680000E-7	-9.685830000E-7	6.026400000E+0	1.999944922E+4	2.735550000E+2
-2.756730000E-7	-9.760330000E-7	6.014000000E+0	1.999944922E+4	2.751720000E+2
-4.246850000E-7	-8.940730000E-7	6.001300000E+0	1.999944922E+4	2.766230000E+2
-9.685800000E-8	-9.164250000E-7	5.990300000E+0	1.999944922E+4	2.778420000E+2
-1.713640000E-7	-4.917420000E-7	5.980200000E+0	1.999944922E+4	2.792160000E+2
1.490130000E-8	-5.960500000E-7	5.969600000E+0	1.999944922E+4	2.804940000E+2
-5.066430000E-7	-7.152590000E-7	5.958400000E+0	1.999944922E+4	2.818520000E+2
-2.756730000E-7	-9.462270000E-7	5.946200000E+0	1.999944922E+4	2.834270000E+2
-4.395860000E-7	-6.109510000E-7	5.935300000E+0	1.999944922E+4	2.845530000E+2
-3.501790000E-7	-4.693880000E-7	5.924300000E+0	1.999944922E+4	2.858330000E+2
-2.309690000E-7	-4.470370000E-7	5.912300000E+0	1.999944922E+4	2.876360000E+2
-9.685800000E-8	-5.140940000E-7	5.898500000E+0	1.999944922E+4	2.889130000E+2
-4.693880000E-7	-5.438960000E-7	5.886100000E+0	1.999944922E+4	2.902980000E+2
-3.725310000E-8	-5.960500000E-7	5.874700000E+0	1.999944922E+4	2.916130000E+2
-4.470370000E-8	-8.419190000E-7	5.861600000E+0	1.999944922E+4	2.934440000E+2
-8.940740000E-8	-5.066430000E-7	5.849600000E+0	1.999944922E+4	2.950170000E+2
-2.756730000E-7	-4.470370000E-7	5.837100000E+0	1.999944922E+4	2.964220000E+2
-6.705570000E-8	-4.917420000E-7	5.825200000E+0	1.999944922E+4	2.977080000E+2
-4.693880000E-7	-7.152590000E-7	5.813300000E+0	1.999944922E+4	2.990720000E+2
-4.619380000E-7	-6.407540000E-7	5.800600000E+0	1.999944922E+4	3.008740000E+2
-3.874320000E-7	-8.568200000E-7	5.789100000E+0	1.999944922E+4	3.021000000E+2
-5.289950000E-7	-7.003580000E-7	5.777400000E+0	1.999944922E+4	3.035580000E+2
-5.960510000E-8	-8.791720000E-7	5.767200000E+0	1.999944922E+4	3.047450000E+2
-4.768410000E-7	-6.407540000E-7	5.754300000E+0	1.999944922E+4	3.060770000E+2
-2.384200000E-7	-4.246850000E-7	5.742400000E+0	1.999944922E+4	3.077330000E+2
0.000000000E+0	-7.301610000E-7	5.729600000E+0	1.999944922E+4	3.092120000E+2
-1.341110000E-7	-4.470370000E-7	5.718900000E+0	1.999944922E+4	3.106160000E+2
-8.940740000E-8	-8.568200000E-7	5.706700000E+0	1.999944922E+4	3.121120000E+2
-4.619380000E-7	-7.152590000E-7	5.693300000E+0	1.999944922E+4	3.135930000E+2
-9.685800000E-8	-8.270180000E-7	5.681500000E+0	1.999944922E+4	3.153380000E+2
-2.980250000E-7	-3.576300000E-7	5.670700000E+0	1.999944922E+4	3.161600000E+2
-4.172340000E-7	-7.599630000E-7	5.659100000E+0	1.999944922E+4	3.175430000E+2
-1.341110000E-7	-4.768410000E-7	5.648800000E+0	1.999944922E+4	3.190480000E+2
-5.215430000E-8	-4.768410000E-7	5.636300000E+0	1.999944922E+4	3.204880000E+2
-3.129260000E-7	-9.387770000E-7	5.624600000E+0	1.999944922E+4	3.220070000E+2
-2.458710000E-7	-9.462270000E-7	5.611700000E+0	1.999944922E+4	3.234280000E+2
-3.874320000E-7	-9.164250000E-7	5.598600000E+0	1.999944922E+4	3.250540000E+2
-5.066430000E-7	-6.035010000E-7	5.588600000E+0	1.999944922E+4	3.259920000E+2
-4.619380000E-7	-7.227100000E-7	5.578400000E+0	1.999944922E+4	3.274110000E+2
2.235190000E-8	-7.674130000E-7	5.564600000E+0	1.999944922E+4	3.289560000E+2
-6.705570000E-8	-5.140940000E-7	5.553100000E+0	1.999944922E+4	3.303510000E+2
-4.097840000E-7	-8.195680000E-7	5.542500000E+0	1.999944922E+4	3.320720000E+2
-4.395860000E-7	-6.482040000E-7	5.530100000E+0	1.999944922E+4	3.333440000E+2
7.450640000E-9	-7.972160000E-7	5.514800000E+0	1.999944922E+4	3.348710000E+2
5.960510000E-8	-7.152590000E-7	5.504000000E+0	1.999944922E+4	3.364840000E+2
-4.246850000E-7	-5.587970000E-7	5.491300000E+0	1.999944922E+4	3.378420000E+2
-3.427290000E-7	-4.693880000E-7	5.480900000E+0	1.999944922E+4	3.392940000E+2
-3.576300000E-7	-4.991930000E-7	5.466000000E+0	1.999944922E+4	3.407270000E+2
-2.980250000E-8	-5.662480000E-7	5.454000000E+0	1.999944922E+4	3.422020000E+2
-4.842910000E-7	-5.587970000E-7	5.443100000E+0	1.999944922E+4	3.439440000E+2
-3.501790000E-7	-8.940730000E-7	5.431000000E+0	1.999944922E+4	3.451470000E+2
-3.725310000E-8	-7.748640000E-7	5.416500000E+0	1.999944922E+4	3.467240000E+2
-3.650800000E-7	-9.462270000E-7	5.406300000E+0	1.999944922E+4	3.483770000E+2
0.000000000E+0	-5.066430000E-7	5.391000000E+0	1.999944922E+4	3.497280000E+2
-2.831240000E-7	-4.619380000E-7	5.379100000E+0	1.999944922E+4	3.511420000E+2
2.235190000E-8	-8.344690000E-7	5.368100000E+0	1.999944922E+4	3.526440000E+2
-1.341110000E-7	-8.866230000E-7	5.356000000E+0	1.999944922E+4	3.540900000E+2
-7.450630000E-8	-4.991930000E-7	5.344200000E+0	1.999944922E+4	3.558280000E+2
-4.470370000E-7	-8.195680000E-7	5.331000000E+0	1.999944922E+4	3.570140000E+2
-4.917420000E-7	-6.035010000E-7	5.316800000E+0	1.999944922E+4	3.586560000E+2
-5.066430000E-7	-6.854570000E-7	5.301600000E+0	1.999944922E+4	3.606070000E+2
-1.862650000E-7	-9.536820000E-7	5.289600000E+0	1.999944922E+4	3.619960000E+2
-8.195680000E-8	-5.140940000E-7	5.275300000E+0	1.999944922E+4	3.635410000E+2
0.000000000E+0	-8.940730000E-7	5.263600000E+0	1.999944922E+4	3.650200000E+2
-2.458710000E-7	-9.238760000E-7	5.252900000E+0	1.999944922E+4	3.664800000E+2
-4.470370000E-7	-6.482040000E-7	5.237700000E+0	1.999944922E+4	3.685080000E+2
-3.948830000E-7	-9.164250000E-7	5.223200000E+0	1.999944922E+4	3.700940000E+2
-2.235190000E-8	-6.556550000E-7	5.209200000E+0	1.999944922E+4	3.714600000E+2
-1.490130000E-8	-6.854570000E-7	5.197000000E+0	1.999944922E+4	3.734360000E+2
2.980250000E-8	-5.811490000E-7	5.183900000E+0	1.999944922E+4	3.748600000E+2
-2.384200000E-7	-9.387770000E-7	5.169100000E+0	1.999944922E+4	3.763480000E+2
-2.682230000E-7	-9.611320000E-7	5.158300000E+0	1.999944922E+4	3.774270000E+2
-2.607720000E-7	-9.983850000E-7	5.146500000E+0	1.999944922E+4	3.794070000E+2
-6.705570000E-8	-8.121170000E-7	5.133700000E+0	1.999944922E+4	3.808100000E+2
-4.470370000E-8	-5.438960000E-7	5.121100000E+0	1.999944922E+4	3.823830000E+2
-5.066430000E-7	-7.003580000E-7	5.108000000E+0	1.999944922E+4	3.839400000E+2
-3.725310000E-8	-8.493700000E-7	5.094900000E+0	1.999944922E+4	3.852950000E+2
-1.192100000E-7	-9.238760000E-7	5.083000000E+0	1.999944922E+4	3.867430000E+2
-1.490130000E-7	-5.289950000E-7	5.072900000E+0	1.999944922E+4	3.884770000E+2
-5.215440000E-7	-7.227100000E-7	5.059900000E+0	1.999944922E+4	3.896770000E+2
-4.023330000E-7	-9.834840000E-7	5.046900000E+0	1.999944922E+4	3.912660000E+2
-2.980250000E-7	-4.768410000E-7	5.035900000E+0	1.999944922E+4	3.922220000E+2
-1.937160000E-7	-5.886000000E-7	5.025400000E+0	1.999944922E+4	3.936830000E+2
-1.564630000E-7	-9.983850000E-7	5.013100000E+0	1.999944922E+4	3.951760000E+2
-5.587970000E-7	-8.344690000E-7	5.001400000E+0	1.999944922E+4	3.966630000E+2
-3.352780000E-7	-1.020740000E-6	4.988600000E+0	1.999944922E+4	3.982530000E+2
-1.490130000E-7	-1.050540000E-6	4.976100000E+0	1.999944922E+4	3.998360000E+2
-5.215440000E-7	-7.674130000E-7	4.963100000E+0	1.999944922E+4	4.011580000E+2
-1.043090000E-7	-8.270180000E-7	4.951300000E+0	1.999944922E+4	4.026750000E+2
-2.607720000E-7	-6.407540000E-7	4.940700000E+0	1.999944922E+4	4.040810000E+2
-1.490130000E-7	-6.780060000E-7	4.929600000E+0	1.999944922E+4	4.051680000E+2
-1.713640000E-7	-9.089740000E-7	4.913600000E+0	1.999944922E+4	4.071620000E+2
-6.109510000E-7	-1.072890000E-6	4.897900000E+0	1.999944922E+4	4.090380000E+2
-2.682230000E-7	-6.705560000E-7	4.885300000E+0	1.999944922E+4	4.105390000E+2
-6.407540000E-7	-1.013290000E-6	4.873600000E+0	1.999944922E+4	4.120930000E+2
-4.246850000E-7	-6.631050000E-7	4.863400000E+0	1.999944922E+4	4.130430000E+2
-2.905740000E-7	-1.125040000E-6	4.850300000E+0	1.999944922E+4	4.145390000E+2
-2.831240000E-7	-8.940730000E-7	4.836300000E+0	1.999944922E+4	4.164760000E+2
-3.203770000E-7	-1.236800000E-6	4.825900000E+0	1.999944922E+4	4.179510000E+2
-2.682230000E-7	-9.983850000E-7	4.815200000E+0	1.999944922E+4	4.189990000E+2
-2.607720000E-7	-1.065440000E-6	4.803500000E+0	1.999944922E+4	4.206190000E+2
-7.599630000E-7	-1.162300000E-6	4.792000000E+0	1.999944922E+4	4.214110000E+2
-8.121170000E-7	-1.050540000E-6	4.781200000E+0	1.999944922E+4	4.230470000E+2
-4.619380000E-7	-8.568200000E-7	4.765600000E+0	1.999944922E+4	4.248960000E+2
-5.886000000E-7	-8.940730000E-7	4.755300000E+0	1.999944922E+4	4.259640000E+2
-5.215440000E-7	-9.238760000E-7	4.745000000E+0	1.999944922E+4	4.274020000E+2
-6.258520000E-7	-1.393270000E-6	4.733700000E+0	1.999944922E+4	4.289110000E+2
-8.195680000E-7	-1.348560000E-6	4.719900000E+0	1.999944922E+4	4.303640000E+2
-9.834840000E-7	-1.259160000E-6	4.707100000E+0	1.999944922E+4	4.319990000E+2
-1.035640000E-6	-9.760330000E-7	4.695700000E+0	1.999944922E+4	4.332820000E+2
-1.028190000E-6	-1.028190000E-6	4.680600000E+0	1.999944922E+4	4.349020000E+2
-1.065440000E-6	-1.333660000E-6	4.670300000E+0	1.999944922E+4	4.364770000E+2
-7.078090000E-7	-9.983850000E-7	4.659400000E+0	1.999944922E+4	4.378240000E+2
-7.972160000E-7	-9.760330000E-7	4.648200000E+0	1.999944922E+4	4.388920000E+2
-8.195680000E-7	-1.356010000E-6	4.638100000E+0	1.999944922E+4	4.405570000E+2
-9.760330000E-7	-1.370910000E-6	4.625200000E+0	1.999944922E+4	4.418360000E+2
-1.266610000E-6	-1.244250000E-6	4.610000000E+0	1.999944922E+4	4.433050000E+2
-1.266610000E-6	-1.162300000E-6	4.595700000E+0	1.999944922E+4	4.452870000E+2
-1.035640000E-6	-1.348560000E-6	4.585200000E+0	1.999944922E+4	4.470350000E+2
-1.013290000E-6	-8.717220000E-7	4.571600000E+0	1.999944922E+4	4.482170000E+2
-1.013290000E-6	-1.043090000E-6	4.558700000E+0	1.999944922E+4	4.498520000E+2
-1.393270000E-6	-9.015240000E-7	4.547900000E+0	1.999944922E+4	4.514110000E+2
-1.102690000E-6	-1.274060000E-6	4.536400000E+0	1.999944922E+4	4.522280000E+2
-1.266610000E-6	-1.318760000E-6	4.523700000E+0	1.999944922E+4	4.538490000E+2
-1.028190000E-6	-9.834840000E-7	4.513500000E+0	1.999944922E+4	4.552390000E+2
-1.512480000E-6	-1.095240000E-6	4.501500000E+0	1.999944922E+4	4.567670000E+2
-1.452870000E-6	-1.288960000E-6	4.489300000E+0	1.999944922E+4	4.583580000E+2
-1.147400000E-6	-1.147400000E-6	4.475700000E+0	1.999944922E+4	4.597440000E+2
-1.460320000E-6	-8.642710000E-7	4.465000000E+0	1.999944922E+4	4.607450000E+2
-1.132500000E-6	-9.685830000E-7	4.451300000E+0	1.999944922E+4	4.627730000E+2
-1.274060000E-6	-7.897650000E-7	4.438900000E+0	1.999944922E+4	4.643700000E+2
-1.624230000E-6	-8.642710000E-7	4.425800000E+0	1.999944922E+4	4.657610000E+2
-1.542280000E-6	-1.281510000E-6	4.415500000E+0	1.999944922E+4	4.667800000E+2
-1.639140000E-6	-1.207000000E-6	4.404300000E+0	1.999944922E+4	4.684070000E+2
-1.676390000E-6	-7.972160000E-7	4.392100000E+0	1.999944922E+4	4.697120000E+2
-1.385820000E-6	-7.227100000E-7	4.377000000E+0	1.999944922E+4	4.717320000E+2
-1.318760000E-6	-1.035640000E-6	4.363400000E+0	1.999944922E+4	4.733770000E+2
-1.490120000E-6	-1.221900000E-6	4.352400000E+0	1.999944922E+4	4.741180000E+2
-1.795600000E-6	-9.983850000E-7	4.340900000E+0	1.999944922E+4	4.761380000E+2
-1.430520000E-6	-1.050540000E-6	4.326500000E+0	1.999944922E+4	4.776890000E+2
-1.728540000E-6	-1.139950000E-6	4.316300000E+0	1.999944922E+4	4.786250000E+2
-1.773250000E-6	-7.003580000E-7	4.306100000E+0	1.999944922E+4	4.801190000E+2
-1.803050000E-6	-6.407540000E-7	4.292400000E+0	1.999944922E+4	4.817320000E+2
-1.877550000E-6	-7.599630000E-7	4.281200000E+0	1.999944922E+4	4.833360000E+2
-1.460320000E-6	-8.270180000E-7	4.267600000E+0	1.999944922E+4	4.846560000E+2
-1.475220000E-6	-1.020740000E-6	4.254500000E+0	1.999944922E+4	4.861170000E+2
-1.855200000E-6	-6.705560000E-7	4.243300000E+0	1.999944922E+4	4.878370000E+2
-1.937170000E-6	-7.450620000E-7	4.231800000E+0	1.999944922E+4	4.890800000E+2
-1.907360000E-6	-1.057990000E-6	4.218700000E+0	1.999944922E+4	4.906480000E+2
-1.728540000E-6	-1.117590000E-6	4.204300000E+0	1.999944922E+4	4.922350000E+2
-2.019120000E-6	-9.387770000E-7	4.193800000E+0	1.999944922E+4	4.938910000E+2
-1.743440000E-6	-6.407540000E-7	4.181700000E+0	1.999944922E+4	4.950370000E+2
-1.803050000E-6	-5.960500000E-7	4.168800000E+0	1.999944922E+4	4.966380000E+2
-1.810500000E-6	-5.662480000E-7	4.155300000E+0	1.999944922E+4	4.982560000E+2
-1.825400000E-6	-1.057990000E-6	4.142000000E+0	1.999944922E+4	4.996050000E+2
-1.870100000E-6	-1.080340000E-6	4.132000000E+0	1.999944922E+4	5.010400000E+2
-1.728540000E-6	-1.035640000E-6	4.120800000E+0	1.999944922E+4	5.028230000E+2
-1.907360000E-6	-5.662480000E-7	4.105700000E+0	1.999944922E+4	5.039820000E+2
-1.803050000E-6	-5.513470000E-7	4.095200000E+0	1.999944922E+4	5.050770000E+2
-1.929710000E-6	-6.184020000E-7	4.082100000E+0	1.999944922E+4	5.070400000E+2
-2.071280000E-6	-8.419190000E-7	4.069300000E+0	1.999944922E+4	5.087930000E+2
-1.803050000E-6	-1.065440000E-6	4.056800000E+0	1.999944922E+4	5.100030000E+2
-1.661490000E-6	-7.376110000E-7	4.045400000E+0	1.999944922E+4	5.110330000E+2
-1.788150000E-6	-9.909340000E-7	4.034300000E+0	1.999944922E+4	5.126830000E+2
-2.034020000E-6	-5.886000000E-7	4.021300000E+0	1.999944922E+4	5.145600000E+2
-1.959520000E-6	-1.020740000E-6	4.009000000E+0	1.999944922E+4	5.155720000E+2
-2.175580000E-6	-7.599630000E-7	3.998200000E+0	1.999944922E+4	5.170570000E+2
-1.706190000E-6	-6.929080000E-7	3.984200000E+0	1.999944922E+4	5.185670000E+2
-1.840300000E-6	-5.215440000E-7	3.971800000E+0	1.999944922E+4	5.199790000E+2
-1.862650000E-6	-5.140940000E-7	3.960900000E+0	1.999944922E+4	5.215840000E+2
-1.862650000E-6	-5.736980000E-7	3.950200000E+0	1.999944922E+4	5.232010000E+2
-1.743440000E-6	-9.313260000E-7	3.938500000E+0	1.999944922E+4	5.239700000E+2
-1.654040000E-6	-6.780060000E-7	3.927000000E+0	1.999944922E+4	5.255620000E+2
-1.929710000E-6	-1.013290000E-6	3.911900000E+0	1.999944922E+4	5.275870000E+2
-2.034020000E-6	-5.289950000E-7	3.901800000E+0	1.999944922E+4	5.285690000E+2
-2.145780000E-6	-7.227100000E-7	3.890400000E+0	1.999944922E+4	5.296170000E+2
-2.063830000E-6	-5.513470000E-7	3.877200000E+0	1.999944922E+4	5.316120000E+2
-2.160680000E-6	-7.003580000E-7	3.863600000E+0	1.999944922E+4	5.337430000E+2
-1.758340000E-6	-6.929080000E-7	3.851100000E+0	1.999944922E+4	5.345320000E+2
-2.250090000E-6	-7.301610000E-7	3.838100000E+0	1.999944922E+4	5.360680000E+2
-2.183030000E-6	-9.685830000E-7	3.827100000E+0	1.999944922E+4	5.376580000E+2
-1.780700000E-6	-8.940730000E-7	3.811200000E+0	1.999944922E+4	5.397620000E+2
-1.929710000E-6	-9.462270000E-7	3.798400000E+0	1.999944922E+4	5.412190000E+2
-2.160680000E-6	-6.407540000E-7	3.786000000E+0	1.999944922E+4	5.425280000E+2
-2.227740000E-6	-6.705560000E-7	3.771600000E+0	1.999944922E+4	5.439680000E+2
-1.959520000E-6	-4.470370000E-7	3.757900000E+0	1.999944922E+4	5.459840000E+2
-2.093630000E-6	-4.470370000E-7	3.745200000E+0	1.999944922E+4	5.477590000E+2
-1.937170000E-6	-4.023330000E-7	3.735000000E+0	1.999944922E+4	5.484920000E+2
-1.840300000E-6	-9.313260000E-7	3.723700000E+0	1.999944922E+4	5.499960000E+2
-2.004220000E-6	-4.842910000E-7	3.710500000E+0	1.999944922E+4	5.517220000E+2
-2.153230000E-6	-8.493700000E-7	3.699100000E+0	1.999944922E+4	5.529100000E+2
-2.220290000E-6	-5.438960000E-7	3.687100000E+0	1.999944922E+4	5.545630000E+2
-2.093630000E-6	-4.991930000E-7	3.672700000E+0	1.999944922E+4	5.560160000E+2
-1.855200000E-6	-9.685830000E-7	3.662000000E+0	1.999944922E+4	5.577100000E+2
-2.048920000E-6	-5.140940000E-7	3.651600000E+0	1.999944922E+4	5.585320000E+2
-2.026570000E-6	-5.140940000E-7	3.639000000E+0	1.999944922E+4	5.599690000E+2
-1.966970000E-6	-5.066430000E-7	3.626600000E+0	1.999944922E+4	5.615890000E+2
-1.795600000E-6	-8.940730000E-7	3.607200000E+0	1.999944922E+4	5.639750000E+2
-1.780700000E-6	-7.450620000E-7	3.588000000E+0	1.999944922E+4	5.661040000E+2
-1.892450000E-6	-5.587970000E-7	3.576600000E+0	1.999944922E+4	5.682360000E+2
-2.026570000E-6	-5.066430000E-7	3.554400000E+0	1.999944922E+4	5.703750000E+2
-2.287340000E-6	-7.748640000E-7	3.541300000E+0	1.999944922E+4	5.724860000E+2
-2.264990000E-6	-6.780060000E-7	3.524000000E+0	1.999944922E+4	5.746470000E+2
-2.153230000E-6	-5.140940000E-7	3.507300000E+0	1.999944922E+4	5.768210000E+2
-2.123430000E-6	-9.685830000E-7	3.488700000E+0	1.999944922E+4	5.789050000E+2
-2.197940000E-6	-9.760330000E-7	3.476400000E+0	1.999944922E+4	5.810710000E+2
-1.929710000E-6	-9.313260000E-7	3.456900000E+0	1.999944922E+4	5.831850000E+2
-2.011670000E-6	-9.387770000E-7	3.444200000E+0	1.999944922E+4	5.842810000E+2
-1.765790000E-6	-7.078090000E-7	3.426100000E+0	1.999944922E+4	5.874630000E+2
-1.810500000E-6	-8.717220000E-7	3.412700000E+0	1.999944922E+4	5.885560000E+2
-1.795600000E-6	-7.674130000E-7	3.402400000E+0	1.999944922E+4	5.896190000E+2
-2.346950000E-6	-6.929080000E-7	3.385000000E+0	1.999944922E+4	5.927640000E+2
-1.996770000E-6	-5.140940000E-7	3.371800000E+0	1.999944922E+4	5.938880000E+2
-2.250090000E-6	-8.270180000E-7	3.355300000E+0	1.999944922E+4	5.959820000E+2
-2.175580000E-6	-9.536820000E-7	3.341500000E+0	1.999944922E+4	5.981090000E+2
-1.795600000E-6	-8.046660000E-7	3.324400000E+0	1.999944922E+4	6.002120000E+2
-2.309690000E-6	-7.003580000E-7	3.312800000E+0	1.999944922E+4	6.013700000E+2
-1.803050000E-6	-7.003580000E-7	3.301200000E+0	1.999944922E+4	6.034310000E+2
-1.855200000E-6	-8.121170000E-7	3.280700000E+0	1.999944922E+4	6.055840000E+2
-2.115980000E-6	-5.662480000E-7	3.265200000E+0	1.999944922E+4	6.076890000E+2
-2.078730000E-6	-4.768410000E-7	3.248000000E+0	1.999944922E+4	6.098470000E+2
-1.952070000E-6	-5.438960000E-7	3.232200000E+0	1.999944922E+4	6.120140000E+2
-2.302240000E-6	-6.705560000E-7	3.222200000E+0	1.999944922E+4	6.130400000E+2
-2.317150000E-6	-7.674130000E-7	3.206400000E+0	1.999944922E+4	6.151780000E+2
-2.041470000E-6	-1.005840000E-6	3.191500000E+0	1.999944922E+4	6.172860000E+2
-2.309690000E-6	-7.674130000E-7	3.171100000E+0	1.999944922E+4	6.194840000E+2
-1.840300000E-6	-7.450620000E-7	3.158300000E+0	1.999944922E+4	6.215540000E+2
-1.870100000E-6	-7.152590000E-7	3.140800000E+0	1.999944922E+4	6.236990000E+2
-1.885000000E-6	-8.270180000E-7	3.120500000E+0	1.999944922E+4	6.258670000E+2
-2.183030000E-6	-5.364450000E-7	3.108400000E+0	1.999944922E+4	6.279480000E+2
-2.264990000E-6	-5.140940000E-7	3.088500000E+0	1.999944922E+4	6.300950000E+2
-2.302240000E-6	-7.152590000E-7	3.075200000E+0	1.999944922E+4	6.322230000E+2
-2.227740000E-6	-9.462270000E-7	3.061200000E+0	1.999944922E+4	6.338110000E+2
-2.212840000E-6	-9.611320000E-7	3.040300000E+0	1.999944922E+4	6.359600000E+2
-2.279890000E-6	-8.791720000E-7	3.029700000E+0	1.999944922E+4	6.381250000E+2
-1.914810000E-6	-8.642710000E-7	3.009600000E+0	1.999944922E+4	6.402280000E+2
-1.825400000E-6	-7.599630000E-7	2.994300000E+0	1.999944922E+4	6.423590000E+2
-1.877550000E-6	-6.780060000E-7	2.976800000E+0	1.999944922E+4	6.445100000E+2
-1.870100000E-6	-8.791720000E-7	2.962300000E+0	1.999944922E+4	6.466820000E+2
-1.914810000E-6	-5.662480000E-7	2.952100000E+0	1.999944922E+4	6.477240000E+2
-1.855200000E-6	-7.748640000E-7	2.941200000E+0	1.999944922E+4	6.488280000E+2
-2.093630000E-6	-5.438960000E-7	2.930700000E+0	1.999944922E+4	6.509320000E+2
-2.324600000E-6	-7.897650000E-7	2.918600000E+0	1.999944922E+4	6.519520000E+2
-2.346950000E-6	-7.674130000E-7	2.900600000E+0	1.999944922E+4	6.541070000E+2
-2.168130000E-6	-9.909340000E-7	2.886300000E+0	1.999944922E+4	6.562220000E+2
-2.026570000E-6	-9.611320000E-7	2.868600000E+0	1.999944922E+4	6.583620000E+2
-2.160680000E-6	-9.536820000E-7	2.851100000E+0	1.999944922E+4	6.605330000E+2
-1.870100000E-6	-7.301610000E-7	2.836800000E+0	1.999944922E+4	6.626350000E+2
-1.892450000E-6	-7.078090000E-7	2.819000000E+0	1.999944922E+4	6.647780000E+2
-2.153230000E-6	-4.544870000E-7	2.801000000E+0	1.999944922E+4	6.668920000E+2
-2.123430000E-6	-4.172340000E-7	2.788100000E+0	1.999944922E+4	6.690500000E+2
-2.056370000E-6	-4.470370000E-7	2.778100000E+0	1.999944922E+4	6.701340000E+2
-2.175580000E-6	-5.140940000E-7	2.767800000E+0	1.999944922E+4	6.711920000E+2
-2.391650000E-6	-6.631050000E-7	2.751500000E+0	1.999944922E+4	6.733090000E+2
-2.384200000E-6	-8.046660000E-7	2.736700000E+0	1.999944922E+4	6.754500000E+2
-2.212840000E-6	-9.387770000E-7	2.726100000E+0	1.999944922E+4	6.765020000E+2
-1.914810000E-6	-8.195680000E-7	2.709500000E+0	1.999944922E+4	6.786140000E+2
-1.959520000E-6	-7.674130000E-7	2.696700000E+0	1.999944922E+4	6.807610000E+2
-2.130880000E-6	-9.685830000E-7	2.686200000E+0	1.999944922E+4	6.818740000E+2
-2.227740000E-6	-9.536820000E-7	2.675500000E+0	1.999944922E+4	6.829580000E+2
-1.907360000E-6	-6.258520000E-7	2.660700000E+0	1.999944922E+4	6.850540000E+2
-1.877550000E-6	-5.662480000E-7	2.643800000E+0	1.999944922E+4	6.872020000E+2
-2.101080000E-6	-4.842910000E-7	2.633800000E+0	1.999944922E+4	6.882440000E+2
-2.346950000E-6	-6.631050000E-7	2.621200000E+0	1.999944922E+4	6.903850000E+2
-2.354400000E-6	-4.917420000E-7	2.601600000E+0	1.999944922E+4	6.925580000E+2
-1.952070000E-6	-7.003580000E-7	2.591300000E+0	1.999944922E+4	6.936680000E+2
-2.160680000E-6	-9.536820000E-7	2.579000000E+0	1.999944922E+4	6.956950000E+2
-2.436350000E-6	-7.227100000E-7	2.569000000E+0	1.999944922E+4	6.968090000E+2
-2.391650000E-6	-5.811490000E-7	2.549600000E+0	1.999944922E+4	6.989770000E+2
-1.944620000E-6	-8.940730000E-7	2.538000000E+0	1.999944922E+4	7.010510000E+2
-1.885000000E-6	-6.407540000E-7	2.527300000E+0	1.999944922E+4	7.020890000E+2
-1.885000000E-6	-8.270180000E-7	2.515600000E+0	1.999944922E+4	7.031850000E+2
-1.877550000E-6	-5.140940000E-7	2.504200000E+0	1.999944922E+4	7.053150000E+2
-2.130880000E-6	-4.470370000E-7	2.484900000E+0	1.999944922E+4	7.074440000E+2
-2.034020000E-6	-5.811490000E-7	2.474300000E+0	1.999944922E+4	7.085410000E+2
-2.391650000E-6	-6.258520000E-7	2.463300000E+0	1.999944922E+4	7.106330000E+2
-2.384200000E-6	-5.811490000E-7	2.452800000E+0	1.999944922E+4	7.117120000E+2
-2.421450000E-6	-6.333030000E-7	2.441200000E+0	1.999944922E+4	7.127830000E+2
-2.376750000E-6	-8.046660000E-7	2.429300000E+0	1.999944922E+4	7.149180000E+2
-2.272440000E-6	-8.940730000E-7	2.418900000E+0	1.999944922E+4	7.159740000E+2
-2.205390000E-6	-9.015240000E-7	2.402100000E+0	1.999944922E+4	7.181160000E+2
-2.302240000E-6	-5.289950000E-7	2.385500000E+0	1.999944922E+4	7.203340000E+2
-2.034020000E-6	-9.089740000E-7	2.375300000E+0	1.999944922E+4	7.213250000E+2
-2.004220000E-6	-5.886000000E-7	2.361700000E+0	1.999944922E+4	7.234400000E+2
-2.108530000E-6	-4.470370000E-7	2.343400000E+0	1.999944922E+4	7.255630000E+2
-1.966970000E-6	-6.780060000E-7	2.328000000E+0	1.999944922E+4	7.277530000E+2
-2.183030000E-6	-4.246850000E-7	2.309800000E+0	1.999944922E+4	7.298670000E+2
-1.952070000E-6	-7.227100000E-7	2.294000000E+0	1.999944922E+4	7.320650000E+2
-2.317150000E-6	-5.140940000E-7	2.277300000E+0	1.999944922E+4	7.341520000E+2
-2.272440000E-6	-4.842910000E-7	2.265800000E+0	1.999944922E+4	7.352350000E+2
-2.361850000E-6	-7.599630000E-7	2.254700000E+0	1.999944922E+4	7.373430000E+2
-2.272440000E-6	-4.619380000E-7	2.234700000E+0	1.999944922E+4	7.395430000E+2
-2.034020000E-6	-9.387770000E-7	2.224700000E+0	1.999944922E+4	7.405220000E+2
-2.026570000E-6	-7.972160000E-7	2.212800000E+0	1.999944922E+4	7.426650000E+2
-2.086180000E-6	-8.940730000E-7	2.202000000E+0	1.999944922E+4	7.437520000E+2
-1.944620000E-6	-5.736980000E-7	2.191100000E+0	1.999944922E+4	7.447820000E+2
-1.899910000E-6	-5.736980000E-7	2.178600000E+0	1.999944922E+4	7.469430000E+2
-1.959520000E-6	-5.140940000E-7	2.159400000E+0	1.999944922E+4	7.490860000E+2
-1.981870000E-6	-4.991930000E-7	2.143000000E+0	1.999944922E+4	7.512350000E+2
-2.250090000E-6	-4.395860000E-7	2.128000000E+0	1.999944922E+4	7.533540000E+2
-2.436350000E-6	-7.674130000E-7	2.116200000E+0	1.999944922E+4	7.543910000E+2
-2.339500000E-6	-5.215440000E-7	2.103000000E+0	1.999944922E+4	7.565720000E+2
-1.952070000E-6	-8.717220000E-7	2.085000000E+0	1.999944922E+4	7.586360000E+2
-1.966970000E-6	-8.121170000E-7	2.074600000E+0	1.999944922E+4	7.597120000E+2
-2.354400000E-6	-8.419190000E-7	2.062300000E+0	1.999944922E+4	7.619140000E+2
-1.966970000E-6	-8.791720000E-7	2.041200000E+0	1.999944922E+4	7.640130000E+2
-1.944620000E-6	-7.748640000E-7	2.027800000E+0	1.999944922E+4	7.661510000E+2
-2.115980000E-6	-4.768410000E-7	2.009600000E+0	1.999944922E+4	7.682600000E+2
-2.093630000E-6	-9.536820000E-7	1.998500000E+0	1.999944922E+4	7.694140000E+2
-2.145780000E-6	-9.685830000E-7	2.010800000E+0	1.999944922E+4	8.675540000E+2
-2.130880000E-6	-4.693880000E-7	2.024300000E+0	1.999944922E+4	8.687230000E+2
-2.257540000E-6	-4.097840000E-7	2.035700000E+0	1.999944922E+4	8.703300000E+2
-2.138330000E-6	-9.238760000E-7	2.045800000E+0	1.999944922E+4	8.715000000E+2
-1.952070000E-6	-6.258520000E-7	2.057100000E+0	1.999944922E+4	8.727070000E+2
-2.361850000E-6	-4.991930000E-7	2.069200000E+0	1.999944922E+4	8.742590000E+2
-2.391650000E-6	-8.344690000E-7	2.079400000E+0	1.999944922E+4	8.754770000E+2
-1.981870000E-6	-6.929080000E-7	2.091300000E+0	1.999944922E+4	8.768510000E+2
-2.168130000E-6	-4.172340000E-7	2.104300000E+0	1.999944922E+4	8.784080000E+2
-2.242640000E-6	-9.387770000E-7	2.114400000E+0	1.999944922E+4	8.797580000E+2
-2.279890000E-6	-4.693880000E-7	2.126100000E+0	1.999944922E+4	8.810820000E+2
-2.346950000E-6	-5.960500000E-7	2.136600000E+0	1.999944922E+4	8.823170000E+2
-2.034020000E-6	-8.940730000E-7	2.150200000E+0	1.999944922E+4	8.840470000E+2
-2.048920000E-6	-4.917420000E-7	2.162300000E+0	1.999944922E+4	8.854160000E+2
-2.339500000E-6	-7.823150000E-7	2.173800000E+0	1.999944922E+4	8.869600000E+2
-1.832850000E-6	-7.078090000E-7	2.191000000E+0	1.999944922E+4	8.888540000E+2
-1.959520000E-6	-9.089740000E-7	2.201100000E+0	1.999944922E+4	8.901430000E+2
-1.870100000E-6	-6.035010000E-7	2.211300000E+0	1.999944922E+4	8.913620000E+2
-2.287340000E-6	-5.289950000E-7	2.222100000E+0	1.999944922E+4	8.925570000E+2
-1.885000000E-6	-7.674130000E-7	2.234300000E+0	1.999944922E+4	8.944280000E+2
-2.086180000E-6	-4.917420000E-7	2.246200000E+0	1.999944922E+4	8.956400000E+2
-2.324600000E-6	-5.886000000E-7	2.257500000E+0	1.999944922E+4	8.968630000E+2
-1.862650000E-6	-7.003580000E-7	2.267900000E+0	1.999944922E+4	8.983710000E+2
-1.966970000E-6	-8.791720000E-7	2.278800000E+0	1.999944922E+4	8.994690000E+2
-2.346950000E-6	-8.195680000E-7	2.292400000E+0	1.999944922E+4	9.011300000E+2
-2.004220000E-6	-9.238760000E-7	2.304400000E+0	1.999944922E+4	9.027020000E+2
-1.877550000E-6	-7.823150000E-7	2.316000000E+0	1.999944922E+4	9.042970000E+2
-2.294790000E-6	-8.940730000E-7	2.327400000E+0	1.999944922E+4	9.054290000E+2
-2.086180000E-6	-3.129260000E-7	2.339300000E+0	1.999944922E+4	9.067480000E+2
-1.892450000E-6	-2.831240000E-7	2.349900000E+0	1.999944922E+4	9.080240000E+2
-2.115980000E-6	-3.278270000E-7	2.361400000E+0	1.999944922E+4	9.096290000E+2
-2.332050000E-6	-7.972160000E-7	2.373800000E+0	1.999944922E+4	9.108180000E+2
-1.877550000E-6	-6.631050000E-7	2.385100000E+0	1.999944922E+4	9.121710000E+2
-1.877550000E-6	-6.854570000E-7	2.395900000E+0	1.999944922E+4	9.137910000E+2
-2.324600000E-6	-8.940730000E-7	2.410200000E+0	1.999944922E+4	9.152950000E+2
-1.885000000E-6	-8.717220000E-7	2.420800000E+0	1.999944922E+4	9.165080000E+2
-1.914810000E-6	-4.395860000E-7	2.431500000E+0	1.999944922E+4	9.180840000E+2
-2.086180000E-6	-8.493700000E-7	2.443400000E+0	1.999944922E+4	9.193740000E+2
-2.093630000E-6	-4.023330000E-7	2.454900000E+0	1.999944922E+4	9.205650000E+2
-2.346950000E-6	-6.631050000E-7	2.465300000E+0	1.999944922E+4	9.219610000E+2
-1.966970000E-6	-7.674130000E-7	2.476900000E+0	1.999944922E+4	9.234930000E+2
-2.011670000E-6	-4.470370000E-7	2.490200000E+0	1.999944922E+4	9.248950000E+2
-1.654040000E-6	-6.929080000E-7	2.501500000E+0	1.999944922E+4	9.261730000E+2
-1.966970000E-6	-8.866230000E-7	2.512500000E+0	1.999944922E+4	9.278230000E+2
-2.346950000E-6	-5.662480000E-7	2.523100000E+0	1.999944922E+4	9.289760000E+2
-2.130880000E-6	-5.587970000E-7	2.536800000E+0	1.999944922E+4	9.304200000E+2
-2.257540000E-6	-4.917420000E-7	2.548500000E+0	1.999944922E+4	9.320310000E+2
-2.101080000E-6	-5.438960000E-7	2.559600000E+0	1.999944922E+4	9.332990000E+2
-2.108530000E-6	-9.536820000E-7	2.572200000E+0	1.999944922E+4	9.349940000E+2
-1.788150000E-6	-6.109510000E-7	2.584500000E+0	1.999944922E+4	9.362070000E+2
-2.384200000E-6	-6.035010000E-7	2.597600000E+0	1.999944922E+4	9.379380000E+2
-1.959520000E-6	-9.313260000E-7	2.608500000E+0	1.999944922E+4	9.391090000E+2
-2.272440000E-6	-6.407540000E-7	2.619600000E+0	1.999944922E+4	9.404390000E+2
-2.406550000E-6	-7.525120000E-7	2.637300000E+0	1.999944922E+4	9.425870000E+2
-1.855200000E-6	-4.842910000E-7	2.647800000E+0	1.999944922E+4	9.439140000E+2
-2.220290000E-6	-5.886000000E-7	2.658700000E+0	1.999944922E+4	9.451150000E+2
-2.361850000E-6	-6.407540000E-7	2.669800000E+0	1.999944922E+4	9.467300000E+2
-2.242640000E-6	-9.313260000E-7	2.681200000E+0	1.999944922E+4	9.479400000E+2
-1.817950000E-6	-4.619380000E-7	2.692100000E+0	1.999944922E+4	9.491150000E+2
-1.937170000E-6	-4.246850000E-7	2.703900000E+0	1.999944922E+4	9.505490000E+2
-2.123430000E-6	-9.611320000E-7	2.715200000E+0	1.999944922E+4	9.522360000E+2
-2.235190000E-6	-5.886000000E-7	2.727200000E+0	1.999944922E+4	9.533780000E+2
-2.264990000E-6	-6.929080000E-7	2.742900000E+0	1.999944922E+4	9.553180000E+2
-1.885000000E-6	-9.089740000E-7	2.753300000E+0	1.999944922E+4	9.565110000E+2
-2.041470000E-6	-4.023330000E-7	2.764400000E+0	1.999944922E+4	9.580610000E+2
-1.877550000E-6	-5.960500000E-7	2.776200000E+0	1.999944922E+4	9.593520000E+2
-1.907360000E-6	-6.035010000E-7	2.791000000E+0	1.999944922E+4	9.609630000E+2
-2.324600000E-6	-5.662480000E-7	2.801100000E+0	1.999944922E+4	9.621700000E+2
-2.264990000E-6	-1.057990000E-6	2.813200000E+0	1.999944922E+4	9.639050000E+2
-1.952070000E-6	-5.736980000E-7	2.825300000E+0	1.999944922E+4	9.652730000E+2
-2.309690000E-6	-7.525120000E-7	2.837700000E+0	1.999944922E+4	9.664430000E+2
-2.272440000E-6	-8.791720000E-7	2.853200000E+0	1.999944922E+4	9.685910000E+2
-1.840300000E-6	-8.568200000E-7	2.864100000E+0	1.999944922E+4	9.697830000E+2
-2.019120000E-6	-8.866230000E-7	2.874400000E+0	1.999944922E+4	9.710580000E+2
-2.421450000E-6	-7.003580000E-7	2.886100000E+0	1.999944922E+4	9.727410000E+2
-1.862650000E-6	-7.152590000E-7	2.897700000E+0	1.999944922E+4	9.739000000E+2
-2.175580000E-6	-5.140940000E-7	2.909900000E+0	1.999944922E+4	9.751040000E+2
-2.205390000E-6	-4.470370000E-7	2.922100000E+0	1.999944922E+4	9.768940000E+2
-1.892450000E-6	-5.587970000E-7	2.932400000E+0	1.999944922E+4	9.781810000E+2
-1.832850000E-6	-6.705560000E-7	2.944500000E+0	1.999944922E+4	9.794560000E+2
-2.190490000E-6	-4.395860000E-7	2.956000000E+0	1.999944922E+4	9.810120000E+2
-2.250090000E-6	-8.642710000E-7	2.967000000E+0	1.999944922E+4	9.822240000E+2
-1.937170000E-6	-7.525120000E-7	2.977700000E+0	1.999944922E+4	9.835690000E+2
-1.862650000E-6	-9.909340000E-7	2.991200000E+0	1.999944922E+4	9.848640000E+2
-2.264990000E-6	-8.121170000E-7	3.001300000E+0	1.999944922E+4	9.865110000E+2
-1.780700000E-6	-5.960500000E-7	3.016500000E+0	1.999944922E+4	9.880630000E+2
-2.183030000E-6	-9.164250000E-7	3.026800000E+0	1.999944922E+4	9.893730000E+2
-2.279890000E-6	-8.195680000E-7	3.040200000E+0	1.999944922E+4	9.910030000E+2
-2.361850000E-6	-7.599630000E-7	3.050800000E+0	1.999944922E+4	9.924670000E+2
-1.780700000E-6	-7.972160000E-7	3.065200000E+0	1.999944922E+4	9.939900000E+2
-2.257540000E-6	-4.619380000E-7	3.076500000E+0	1.999944922E+4	9.951790000E+2
-1.877550000E-6	-9.089740000E-7	3.087500000E+0	1.999944922E+4	9.968750000E+2
-1.922260000E-6	-7.152590000E-7	3.104500000E+0	1.999944922E+4	9.986480000E+2
-2.384200000E-6	-8.940730000E-7	3.116600000E+0	1.999944922E+4	1.000174000E+3
-1.937170000E-6	-9.462270000E-7	3.129200000E+0	1.999944922E+4	1.001553000E+3
-1.780700000E-6	-7.674130000E-7	3.141500000E+0	1.999944922E+4	1.003142000E+3
-2.048920000E-6	-6.184020000E-7	3.152500000E+0	1.999944922E+4	1.004725000E+3
-2.287340000E-6	-8.568200000E-7	3.163600000E+0	1.999944922E+4	1.005928000E+3
-2.011670000E-6	-9.089740000E-7	3.176100000E+0	1.999944922E+4	1.007129000E+3
-1.937170000E-6	-6.184020000E-7	3.186800000E+0	1.999944922E+4	1.008507000E+3
-2.205390000E-6	-6.184020000E-7	3.199400000E+0	1.999944922E+4	1.010237000E+3
-1.832850000E-6	-7.003580000E-7	3.210100000E+0	1.999944922E+4	1.011389000E+3
-2.086180000E-6	-5.140940000E-7	3.220200000E+0	1.999944922E+4	1.012586000E+3
-2.168130000E-6	-7.525120000E-7	3.231500000E+0	1.999944922E+4	1.013788000E+3
-1.952070000E-6	-4.470370000E-7	3.243400000E+0	1.999944922E+4	1.015297000E+3
-1.989320000E-6	-5.289950000E-7	3.254900000E+0	1.999944922E+4	1.016916000E+3
-1.989320000E-6	-9.611320000E-7	3.265500000E+0	1.999944922E+4	1.018068000E+3
-1.907360000E-6	-9.536820000E-7	3.277600000E+0	1.999944922E+4	1.019669000E+3
-2.019120000E-6	-4.544870000E-7	3.291200000E+0	1.999944922E+4	1.020856000E+3
-2.153230000E-6	-9.238760000E-7	3.304400000E+0	1.999944922E+4	1.022929000E+3
-2.212840000E-6	-5.364450000E-7	3.314600000E+0	1.999944922E+4	1.024241000E+3
-1.974420000E-6	-4.768410000E-7	3.327800000E+0	1.999944922E+4	1.025536000E+3
-1.929710000E-6	-5.215440000E-7	3.339700000E+0	1.999944922E+4	1.026786000E+3
-2.071280000E-6	-4.619380000E-7	3.352200000E+0	1.999944922E+4	1.028391000E+3
-1.810500000E-6	-8.791720000E-7	3.362500000E+0	1.999944922E+4	1.029704000E+3
-2.034020000E-6	-5.140940000E-7	3.375100000E+0	1.999944922E+4	1.031265000E+3
-2.034020000E-6	-9.760330000E-7	3.387400000E+0	1.999944922E+4	1.032595000E+3
-1.870100000E-6	-9.611320000E-7	3.400200000E+0	1.999944922E+4	1.034195000E+3
-1.810500000E-6	-5.736980000E-7	3.411400000E+0	1.999944922E+4	1.035415000E+3
-1.840300000E-6	-5.438960000E-7	3.423300000E+0	1.999944922E+4	1.037022000E+3
-2.168130000E-6	-5.513470000E-7	3.437000000E+0	1.999944922E+4	1.038595000E+3
-1.966970000E-6	-9.536820000E-7	3.447500000E+0	1.999944922E+4	1.039955000E+3
-1.885000000E-6	-5.364450000E-7	3.461000000E+0	1.999944922E+4	1.041150000E+3
-2.160680000E-6	-4.842910000E-7	3.476500000E+0	1.999944922E+4	1.043263000E+3
-2.041470000E-6	-5.438960000E-7	3.488900000E+0	1.999944922E+4	1.045070000E+3
-1.758340000E-6	-8.568200000E-7	3.501100000E+0	1.999944922E+4	1.046204000E+3
-2.093630000E-6	-9.760330000E-7	3.514500000E+0	1.999944922E+4	1.047861000E+3
-1.847750000E-6	-9.015240000E-7	3.526800000E+0	1.999944922E+4	1.049447000E+3
-2.264990000E-6	-7.450620000E-7	3.538700000E+0	1.999944922E+4	1.050773000E+3
-1.966970000E-6	-9.760330000E-7	3.550700000E+0	1.999944922E+4	1.052336000E+3
-1.758340000E-6	-8.493700000E-7	3.562400000E+0	1.999944922E+4	1.053558000E+3
-1.914810000E-6	-5.736980000E-7	3.572900000E+0	1.999944922E+4	1.054771000E+3
-1.974420000E-6	-5.215440000E-7	3.585100000E+0	1.999944922E+4	1.056552000E+3
-2.168130000E-6	-9.536820000E-7	3.597700000E+0	1.999944922E+4	1.058101000E+3
-1.795600000E-6	-7.748640000E-7	3.610000000E+0	1.999944922E+4	1.059298000E+3
-1.803050000E-6	-7.003580000E-7	3.622300000E+0	1.999944922E+4	1.060537000E+3
-1.803050000E-6	-6.929080000E-7	3.635800000E+0	1.999944922E+4	1.062875000E+3
-1.721090000E-6	-6.929080000E-7	3.649200000E+0	1.999944922E+4	1.063948000E+3
-1.713640000E-6	-6.780060000E-7	3.659700000E+0	1.999944922E+4	1.065198000E+3
-2.205390000E-6	-6.184020000E-7	3.672300000E+0	1.999944922E+4	1.066751000E+3
-2.175580000E-6	-7.227100000E-7	3.682600000E+0	1.999944922E+4	1.068359000E+3
-2.197940000E-6	-8.940730000E-7	3.693000000E+0	1.999944922E+4	1.069589000E+3
-1.713640000E-6	-7.450620000E-7	3.708300000E+0	1.999944922E+4	1.070956000E+3
-2.235190000E-6	-7.376110000E-7	3.720100000E+0	1.999944922E+4	1.072665000E+3
-1.698740000E-6	-7.152590000E-7	3.732300000E+0	1.999944922E+4	1.074356000E+3
-2.108530000E-6	-7.078090000E-7	3.745500000E+0	1.999944922E+4	1.075535000E+3
-1.698740000E-6	-8.717220000E-7	3.755800000E+0	1.999944922E+4	1.076703000E+3
-2.168130000E-6	-7.674130000E-7	3.767100000E+0	1.999944922E+4	1.078396000E+3
-1.683840000E-6	-9.015240000E-7	3.778200000E+0	1.999944922E+4	1.079576000E+3
-1.698740000E-6	-7.301610000E-7	3.789500000E+0	1.999944922E+4	1.080818000E+3
-1.832850000E-6	-5.513470000E-7	3.800300000E+0	1.999944922E+4	1.082402000E+3
-1.713640000E-6	-9.015240000E-7	3.814300000E+0	1.999944922E+4	1.083711000E+3
-1.676390000E-6	-8.195680000E-7	3.826900000E+0	1.999944922E+4	1.085308000E+3
-1.683840000E-6	-6.705560000E-7	3.838800000E+0	1.999944922E+4	1.086906000E+3
-2.034020000E-6	-5.662480000E-7	3.848800000E+0	1.999944922E+4	1.088117000E+3
-1.981870000E-6	-1.050540000E-6	3.859700000E+0	1.999944922E+4	1.089308000E+3
-1.654040000E-6	-7.897650000E-7	3.872600000E+0	1.999944922E+4	1.091046000E+3
-2.063830000E-6	-1.013290000E-6	3.883400000E+0	1.999944922E+4	1.092008000E+3
-1.721090000E-6	-5.960500000E-7	3.893500000E+0	1.999944922E+4	1.093173000E+3
-1.885000000E-6	-5.438960000E-7	3.904200000E+0	1.999944922E+4	1.094777000E+3
-2.168130000E-6	-9.834840000E-7	3.915200000E+0	1.999944922E+4	1.095959000E+3
-1.713640000E-6	-6.482040000E-7	3.927300000E+0	1.999944922E+4	1.097303000E+3
-1.847750000E-6	-1.050540000E-6	3.938800000E+0	1.999944922E+4	1.098980000E+3
-2.130880000E-6	-6.929080000E-7	3.951600000E+0	1.999944922E+4	1.100121000E+3
-2.078730000E-6	-9.685830000E-7	3.963100000E+0	1.999944922E+4	1.101699000E+3
-2.048920000E-6	-9.983850000E-7	3.974600000E+0	1.999944922E+4	1.103315000E+3
-2.071280000E-6	-8.270180000E-7	3.986400000E+0	1.999944922E+4	1.104591000E+3
-2.175580000E-6	-8.046660000E-7	3.997100000E+0	1.999944922E+4	1.105845000E+3
-2.019120000E-6	-1.020740000E-6	4.010900000E+0	1.999944922E+4	1.107438000E+3
-1.847750000E-6	-1.072890000E-6	4.021700000E+0	1.999944922E+4	1.108672000E+3
-1.966970000E-6	-6.035010000E-7	4.032400000E+0	1.999944922E+4	1.109999000E+3
-2.063830000E-6	-7.972160000E-7	4.043800000E+0	1.999944922E+4	1.111596000E+3
-1.668940000E-6	-1.080340000E-6	4.056700000E+0	1.999944922E+4	1.112776000E+3
-2.115980000E-6	-8.270180000E-7	4.067300000E+0	1.999944922E+4	1.114105000E+3
-1.579530000E-6	-7.227100000E-7	4.078400000E+0	1.999944922E+4	1.115792000E+3
-1.713640000E-6	-1.013290000E-6	4.089500000E+0	1.999944922E+4	1.117085000E+3
-1.885000000E-6	-6.109510000E-7	4.100700000E+0	1.999944922E+4	1.118258000E+3
-1.959520000E-6	-9.983850000E-7	4.111500000E+0	1.999944922E+4	1.119466000E+3
-1.780700000E-6	-1.080340000E-6	4.121600000E+0	1.999944922E+4	1.120698000E+3
-1.594430000E-6	-7.152590000E-7	4.134300000E+0	1.999944922E+4	1.122244000E+3
-1.482670000E-6	-9.536820000E-7	4.145900000E+0	1.999944922E+4	1.123885000E+3
-1.840300000E-6	-6.854570000E-7	4.157300000E+0	1.999944922E+4	1.125067000E+3
-1.907360000E-6	-9.983850000E-7	4.167800000E+0	1.999944922E+4	1.126290000E+3
-1.564630000E-6	-6.854570000E-7	4.184100000E+0	1.999944922E+4	1.127973000E+3
-1.490120000E-6	-7.003580000E-7	4.198700000E+0	1.999944922E+4	1.130134000E+3
-1.959520000E-6	-7.674130000E-7	4.209100000E+0	1.999944922E+4	1.131334000E+3
-1.959520000E-6	-1.035640000E-6	4.221300000E+0	1.999944922E+4	1.132562000E+3
-1.937170000E-6	-9.685830000E-7	4.232000000E+0	1.999944922E+4	1.134177000E+3
-1.467770000E-6	-7.972160000E-7	4.242400000E+0	1.999944922E+4	1.135341000E+3
-1.825400000E-6	-1.087790000E-6	4.254200000E+0	1.999944922E+4	1.136676000E+3
-1.408170000E-6	-1.005840000E-6	4.266700000E+0	1.999944922E+4	1.138054000E+3
-1.825400000E-6	-8.344690000E-7	4.279200000E+0	1.999944922E+4	1.139590000E+3
-1.527380000E-6	-7.301610000E-7	4.289500000E+0	1.999944922E+4	1.141243000E+3
-1.803050000E-6	-8.270180000E-7	4.300800000E+0	1.999944922E+4	1.142460000E+3
-1.274060000E-6	-8.940730000E-7	4.311200000E+0	1.999944922E+4	1.143598000E+3
-1.706190000E-6	-7.599630000E-7	4.324200000E+0	1.999944922E+4	1.144799000E+3
-1.803050000E-6	-8.568200000E-7	4.335700000E+0	1.999944922E+4	1.146398000E+3
-1.780700000E-6	-1.102690000E-6	4.348200000E+0	1.999944922E+4	1.147999000E+3
-1.594430000E-6	-7.450620000E-7	4.361200000E+0	1.999944922E+4	1.149666000E+3
-1.378360000E-6	-8.493700000E-7	4.373200000E+0	1.999944922E+4	1.150952000E+3
-1.654040000E-6	-1.207000000E-6	4.383200000E+0	1.999944922E+4	1.152462000E+3
-1.333660000E-6	-8.940730000E-7	4.393600000E+0	1.999944922E+4	1.153462000E+3
-1.594430000E-6	-7.897650000E-7	4.406100000E+0	1.999944922E+4	1.154676000E+3
-1.370910000E-6	-7.674130000E-7	4.417600000E+0	1.999944922E+4	1.156313000E+3
-1.586980000E-6	-8.195680000E-7	4.430300000E+0	1.999944922E+4	1.157894000E+3
-1.207000000E-6	-9.462270000E-7	4.441400000E+0	1.999944922E+4	1.159208000E+3
-1.579530000E-6	-8.493700000E-7	4.451900000E+0	1.999944922E+4	1.160408000E+3
-1.400720000E-6	-1.318760000E-6	4.464000000E+0	1.999944922E+4	1.162135000E+3
-1.274060000E-6	-8.121170000E-7	4.474500000E+0	1.999944922E+4	1.162952000E+3
-1.564630000E-6	-1.065440000E-6	4.485100000E+0	1.999944922E+4	1.164150000E+3
-1.400720000E-6	-8.717220000E-7	4.496400000E+0	1.999944922E+4	1.165800000E+3
-1.274060000E-6	-1.348560000E-6	4.507600000E+0	1.999944922E+4	1.167331000E+3
-1.095240000E-6	-1.102690000E-6	4.519100000E+0	1.999944922E+4	1.168546000E+3
-1.035640000E-6	-9.313260000E-7	4.532500000E+0	1.999944922E+4	1.170143000E+3
-1.057990000E-6	-9.536820000E-7	4.544700000E+0	1.999944922E+4	1.171390000E+3
-1.259160000E-6	-1.363460000E-6	4.557500000E+0	1.999944922E+4	1.173084000E+3
-9.983850000E-7	-1.288960000E-6	4.567900000E+0	1.999944922E+4	1.174314000E+3
-9.536820000E-7	-1.035640000E-6	4.579900000E+0	1.999944922E+4	1.175898000E+3
-8.195680000E-7	-1.102690000E-6	4.592000000E+0	1.999944922E+4	1.177330000E+3
-8.940730000E-7	-1.192100000E-6	4.603100000E+0	1.999944922E+4	1.178416000E+3
-9.909340000E-7	-1.341110000E-6	4.615800000E+0	1.999944922E+4	1.180055000E+3
-8.791720000E-7	-9.685830000E-7	4.627100000E+0	1.999944922E+4	1.181624000E+3
-1.169750000E-6	-1.326210000E-6	4.639900000E+0	1.999944922E+4	1.182965000E+3
-9.164250000E-7	-1.393270000E-6	4.652100000E+0	1.999944922E+4	1.184554000E+3
-7.003580000E-7	-1.095240000E-6	4.665000000E+0	1.999944922E+4	1.185756000E+3
-1.125040000E-6	-1.072890000E-6	4.677000000E+0	1.999944922E+4	1.187487000E+3
-1.005840000E-6	-1.057990000E-6	4.687900000E+0	1.999944922E+4	1.188748000E+3
-7.823150000E-7	-1.400720000E-6	4.699300000E+0	1.999944922E+4	1.190294000E+3
-7.152590000E-7	-9.536820000E-7	4.710700000E+0	1.999944922E+4	1.191476000E+3
-1.013290000E-6	-1.080340000E-6	4.722100000E+0	1.999944922E+4	1.192683000E+3
-9.238760000E-7	-1.035640000E-6	4.733300000E+0	1.999944922E+4	1.194302000E+3
-4.991930000E-7	-1.266610000E-6	4.745100000E+0	1.999944922E+4	1.195478000E+3
-3.576300000E-7	-1.274060000E-6	4.755700000E+0	1.999944922E+4	1.196725000E+3
-8.270180000E-7	-1.303860000E-6	4.767300000E+0	1.999944922E+4	1.198041000E+3
-6.109510000E-7	-1.400720000E-6	4.778100000E+0	1.999944922E+4	1.199626000E+3
-4.768410000E-7	-1.363460000E-6	4.791100000E+0	1.999944922E+4	1.201237000E+3
-4.693880000E-7	-1.326210000E-6	4.804400000E+0	1.999944922E+4	1.202851000E+3
-4.395860000E-7	-7.674130000E-7	4.816400000E+0	1.999944922E+4	1.204032000E+3
-4.395860000E-7	-1.303860000E-6	4.829200000E+0	1.999944922E+4	1.205365000E+3
-2.980250000E-7	-8.940730000E-7	4.840500000E+0	1.999944922E+4	1.207095000E+3
-2.160680000E-7	-1.110140000E-6	4.854000000E+0	1.999944922E+4	1.208747000E+3
-4.842910000E-7	-1.244250000E-6	4.864200000E+0	1.999944922E+4	1.209864000E+3
-2.533220000E-7	-1.229350000E-6	4.875700000E+0	1.999944922E+4	1.211098000E+3
-5.960500000E-7	-1.207000000E-6	4.886000000E+0	1.999944922E+4	1.212385000E+3
-2.533220000E-7	-8.046660000E-7	4.896800000E+0	1.999944922E+4	1.213906000E+3
-3.352780000E-7	-7.376110000E-7	4.910100000E+0	1.999944922E+4	1.215504000E+3
-3.203770000E-7	-1.199550000E-6	4.920800000E+0	1.999944922E+4	1.216842000E+3
-4.321350000E-7	-7.227100000E-7	4.933300000E+0	1.999944922E+4	1.218001000E+3
-1.341110000E-7	-7.525120000E-7	4.944900000E+0	1.999944922E+4	1.219302000E+3
-7.450630000E-8	-9.760330000E-7	4.959200000E+0	1.999944922E+4	1.221299000E+3
-5.140940000E-7	-8.568200000E-7	4.971700000E+0	1.999944922E+4	1.222816000E+3
-7.450630000E-8	-8.344690000E-7	4.983900000E+0	1.999944922E+4	1.224156000E+3
-1.341110000E-7	-6.407540000E-7	4.995100000E+0	1.999944922E+4	1.225393000E+3
-9.685800000E-8	-6.556550000E-7	5.006200000E+0	1.999944922E+4	1.227002000E+3
-4.842910000E-7	-8.121170000E-7	5.018800000E+0	1.999944922E+4	1.228562000E+3
-5.289950000E-7	-7.972160000E-7	5.033000000E+0	1.999944922E+4	1.230174000E+3
-6.705570000E-8	-9.611320000E-7	5.043800000E+0	1.999944922E+4	1.231357000E+3
-9.685800000E-8	-9.909340000E-7	5.057600000E+0	1.999944922E+4	1.232981000E+3
-1.117590000E-7	-9.536820000E-7	5.068200000E+0	1.999944922E+4	1.234413000E+3
7.450640000E-9	-6.333030000E-7	5.080500000E+0	1.999944922E+4	1.235621000E+3
0.000000000E+0	-5.960500000E-7	5.090600000E+0	1.999944922E+4	1.236873000E+3
-4.470370000E-7	-6.556550000E-7	5.102500000E+0	1.999944922E+4	1.238434000E+3
-3.799810000E-7	-5.289950000E-7	5.113100000E+0	1.999944922E+4	1.240066000E+3
-5.960510000E-8	-8.642710000E-7	5.124300000E+0	1.999944922E+4	1.241225000E+3
-1.266610000E-7	-5.140940000E-7	5.135500000E+0	1.999944922E+4	1.242426000E+3
-4.395860000E-7	-6.407540000E-7	5.146900000E+0	1.999944922E+4	1.243643000E+3
-3.874320000E-7	-8.344690000E-7	5.160300000E+0	1.999944922E+4	1.245232000E+3
-8.195680000E-8	-5.513470000E-7	5.172000000E+0	1.999944922E+4	1.246556000E+3
-1.043090000E-7	-4.470370000E-7	5.183400000E+0	1.999944922E+4	1.248169000E+3
1.490130000E-8	-5.364450000E-7	5.195100000E+0	1.999944922E+4	1.249796000E+3
-3.203770000E-7	-8.866230000E-7	5.206800000E+0	1.999944922E+4	1.250949000E+3
5.960510000E-8	-7.003580000E-7	5.216900000E+0	1.999944922E+4	1.252328000E+3
-4.023330000E-7	-8.419190000E-7	5.228100000E+0	1.999944922E+4	1.253473000E+3
-8.940740000E-8	-9.611320000E-7	5.240200000E+0	1.999944922E+4	1.254693000E+3
-4.172340000E-7	-6.631050000E-7	5.254300000E+0	1.999944922E+4	1.256723000E+3
-1.937160000E-7	-9.313260000E-7	5.264300000E+0	1.999944922E+4	1.257934000E+3
-1.490130000E-8	-8.121170000E-7	5.276700000E+0	1.999944922E+4	1.259517000E+3
-1.862650000E-7	-4.619380000E-7	5.289500000E+0	1.999944922E+4	1.260720000E+3
-4.470370000E-7	-5.438960000E-7	5.302500000E+0	1.999944922E+4	1.262303000E+3
5.960510000E-8	-7.003580000E-7	5.312700000E+0	1.999944922E+4	1.263633000E+3
2.235190000E-8	-8.791720000E-7	5.323900000E+0	1.999944922E+4	1.265266000E+3
-5.960510000E-8	-8.791720000E-7	5.334500000E+0	1.999944922E+4	1.266709000E+3
-1.192100000E-7	-9.164250000E-7	5.346400000E+0	1.999944922E+4	1.267795000E+3
-2.831240000E-7	-4.693880000E-7	5.357100000E+0	1.999944922E+4	1.268965000E+3
-3.874320000E-7	-9.089740000E-7	5.369100000E+0	1.999944922E+4	1.270155000E+3
-4.768410000E-7	-6.929080000E-7	5.382400000E+0	1.999944922E+4	1.272159000E+3
-3.427290000E-7	-9.164250000E-7	5.392400000E+0	1.999944922E+4	1.273376000E+3
2.235190000E-8	-7.152590000E-7	5.403700000E+0	1.999944922E+4	1.274568000E+3
-1.862650000E-7	-4.544870000E-7	5.416200000E+0	1.999944922E+4	1.275787000E+3
-1.415620000E-7	-8.791720000E-7	5.429200000E+0	1.999944922E+4	1.277837000E+3
-4.246850000E-7	-5.811490000E-7	5.444500000E+0	1.999944922E+4	1.279524000E+3
-3.799810000E-7	-8.270180000E-7	5.457100000E+0	1.999944922E+4	1.281106000E+3
5.960510000E-8	-7.152590000E-7	5.469000000E+0	1.999944922E+4	1.282473000E+3
0.000000000E+0	-5.438960000E-7	5.480600000E+0	1.999944922E+4	1.284061000E+3
-2.235180000E-7	-4.693880000E-7	5.494100000E+0	1.999944922E+4	1.285292000E+3
-4.842910000E-7	-7.003580000E-7	5.505400000E+0	1.999944922E+4	1.286867000E+3
-3.576300000E-7	-5.811490000E-7	5.518600000E+0	1.999944922E+4	1.288498000E+3
-5.960510000E-8	-8.866230000E-7	5.530700000E+0	1.999944922E+4	1.290035000E+3
-2.756730000E-7	-9.760330000E-7	5.543300000E+0	1.999944922E+4	1.291321000E+3
8.195680000E-8	-6.556550000E-7	5.556100000E+0	1.999944922E+4	1.292864000E+3
-2.905740000E-7	-9.611320000E-7	5.567000000E+0	1.999944922E+4	1.294186000E+3
-4.544870000E-7	-8.568200000E-7	5.579900000E+0	1.999944922E+4	1.295818000E+3
-3.725310000E-8	-8.270180000E-7	5.590900000E+0	1.999944922E+4	1.297019000E+3
-4.470370000E-8	-4.991930000E-7	5.601000000E+0	1.999944922E+4	1.298229000E+3
-4.097840000E-7	-6.482040000E-7	5.614200000E+0	1.999944922E+4	1.299788000E+3
-4.097840000E-7	-8.493700000E-7	5.624500000E+0	1.999944922E+4	1.301376000E+3
0.000000000E+0	-5.662480000E-7	5.634800000E+0	1.999944922E+4	1.302361000E+3
-3.054760000E-7	-8.791720000E-7	5.645900000E+0	1.999944922E+4	1.303521000E+3
-2.756730000E-7	-9.238760000E-7	5.657800000E+0	1.999944922E+4	1.305124000E+3
-2.905740000E-7	-9.164250000E-7	5.668900000E+0	1.999944922E+4	1.306745000E+3
-6.705570000E-8	-4.842910000E-7	5.682100000E+0	1.999944922E+4	1.307916000E+3
-4.470370000E-7	-6.929080000E-7	5.692400000E+0	1.999944922E+4	1.309109000E+3
-4.395860000E-7	-6.929080000E-7	5.705400000E+0	1.999944922E+4	1.310729000E+3
-3.725310000E-7	-9.313260000E-7	5.716500000E+0	1.999944922E+4	1.312306000E+3
-7.450640000E-9	-5.513470000E-7	5.729300000E+0	1.999944922E+4	1.313659000E+3
-3.799810000E-7	-5.215440000E-7	5.742300000E+0	1.999944922E+4	1.315410000E+3
-2.756730000E-7	-9.313260000E-7	5.753000000E+0	1.999944922E+4	1.316600000E+3
-1.713640000E-7	-5.289950000E-7	5.764300000E+0	1.999944922E+4	1.317775000E+3
-3.427290000E-7	-5.140940000E-7	5.774400000E+0	1.999944922E+4	1.319004000E+3
-4.023330000E-7	-6.109510000E-7	5.784700000E+0	1.999944922E+4	1.320243000E+3
-9.685800000E-8	-8.791720000E-7	5.796100000E+0	1.999944922E+4	1.321787000E+3
-5.960510000E-8	-9.238760000E-7	5.809300000E+0	1.999944922E+4	1.323398000E+3
-1.937160000E-7	-4.619380000E-7	5.820800000E+0	1.999944922E+4	1.324584000E+3
-4.544870000E-7	-5.587970000E-7	5.831600000E+0	1.999944922E+4	1.325811000E+3
-1.341110000E-7	-1.005840000E-6	5.844200000E+0	1.999944922E+4	1.327527000E+3
-3.203770000E-7	-9.015240000E-7	5.855300000E+0	1.999944922E+4	1.328810000E+3
-4.470370000E-8	-4.619380000E-7	5.867800000E+0	1.999944922E+4	1.330339000E+3
-1.937160000E-7	-4.768410000E-7	5.879900000E+0	1.999944922E+4	1.331937000E+3
-3.948830000E-7	-5.289950000E-7	5.891500000E+0	1.999944922E+4	1.333172000E+3
-3.874320000E-7	-8.195680000E-7	5.903200000E+0	1.999944922E+4	1.334387000E+3
6.705570000E-8	-6.854570000E-7	5.915200000E+0	1.999944922E+4	1.335924000E+3
-3.874320000E-7	-8.940730000E-7	5.927800000E+0	1.999944922E+4	1.337786000E+3
-3.874320000E-7	-8.270180000E-7	5.938000000E+0	1.999944922E+4	1.338872000E+3
-2.235190000E-8	-8.419190000E-7	5.949800000E+0	1.999944922E+4	1.340077000E+3
-3.725310000E-8	-5.513470000E-7	5.959900000E+0	1.999944922E+4	1.341294000E+3
-1.415620000E-7	-4.395860000E-7	5.972900000E+0	1.999944922E+4	1.342893000E+3
-2.980250000E-8	-9.462270000E-7	5.984600000E+0	1.999944922E+4	1.344564000E+3
-2.607720000E-7	-9.313260000E-7	5.995100000E+0	1.999944922E+4	1.345661000E+3
6.705570000E-8	-6.556550000E-7	6.006200000E+0	1.999944922E+4	1.346872000E+3
-4.395860000E-7	-7.078090000E-7	6.016600000E+0	1.999944922E+4	1.348212000E+3
-3.054760000E-7	-9.238760000E-7	6.031000000E+0	1.999944922E+4	1.349796000E+3
-3.203770000E-7	-9.313260000E-7	6.042200000E+0	1.999944922E+4	1.351059000E+3
-3.799810000E-7	-5.438960000E-7	6.052400000E+0	1.999944922E+4	1.352363000E+3
7.450640000E-9	-8.642710000E-7	6.062500000E+0	1.999944922E+4	1.353527000E+3
5.960510000E-8	-6.556550000E-7	6.074300000E+0	1.999944922E+4	1.355122000E+3
2.980250000E-8	-7.078090000E-7	6.086600000E+0	1.999944922E+4	1.356742000E+3
4.470370000E-8	-8.791720000E-7	6.098200000E+0	1.999944922E+4	1.358020000E+3
-4.619380000E-7	-5.960500000E-7	6.109800000E+0	1.999944922E+4	1.359534000E+3
-4.470370000E-7	-7.674130000E-7	6.123500000E+0	1.999944922E+4	1.360767000E+3
5.215430000E-8	-7.674130000E-7	6.134700000E+0	1.999944922E+4	1.362486000E+3
-3.501790000E-7	-5.066430000E-7	6.145600000E+0	1.999944922E+4	1.363670000E+3
-3.576300000E-7	-8.344690000E-7	6.156200000E+0	1.999944922E+4	1.364878000E+3
-4.917420000E-7	-6.258520000E-7	6.167900000E+0	1.999944922E+4	1.366523000E+3
7.450640000E-9	-6.482040000E-7	6.180300000E+0	1.999944922E+4	1.367677000E+3
-2.980250000E-7	-4.321350000E-7	6.191100000E+0	1.999944922E+4	1.368883000E+3
-3.054760000E-7	-4.693880000E-7	6.201900000E+0	1.999944922E+4	1.370503000E+3
-4.470370000E-7	-7.450620000E-7	6.215000000E+0	1.999944922E+4	1.372070000E+3
-4.321350000E-7	-6.035010000E-7	6.225500000E+0	1.999944922E+4	1.373345000E+3
0.000000000E+0	-5.289950000E-7	6.237400000E+0	1.999944922E+4	1.374480000E+3
-1.192100000E-7	-4.544870000E-7	6.249700000E+0	1.999944922E+4	1.376083000E+3
-5.140940000E-7	-7.897650000E-7	6.260900000E+0	1.999944922E+4	1.377460000E+3
1.490130000E-8	-8.642710000E-7	6.272300000E+0	1.999944922E+4	1.379009000E+3
1.043090000E-7	-6.556550000E-7	6.283900000E+0	1.999944922E+4	1.380239000E+3
-4.246850000E-7	-7.078090000E-7	6.294100000E+0	1.999944922E+4	1.381410000E+3
-3.874320000E-7	-9.015240000E-7	6.306200000E+0	1.999944922E+4	1.382995000E+3
-1.043090000E-7	-9.685830000E-7	6.317200000E+0	1.999944922E+4	1.384221000E+3
-1.043090000E-7	-4.842910000E-7	6.329500000E+0	1.999944922E+4	1.385592000E+3
-4.246850000E-7	-7.599630000E-7	6.339600000E+0	1.999944922E+4	1.386782000E+3
-3.576300000E-7	-8.791720000E-7	6.350900000E+0	1.999944922E+4	1.388381000E+3
-1.713640000E-7	-9.313260000E-7	6.363000000E+0	1.999944922E+4	1.389972000E+3
-1.639140000E-7	-4.172340000E-7	6.375100000E+0	1.999944922E+4	1.391149000E+3
-3.129260000E-7	-4.768410000E-7	6.388100000E+0	1.999944922E+4	1.392746000E+3
-4.097840000E-7	-8.642710000E-7	6.399200000E+0	1.999944922E+4	1.394133000E+3
-1.490130000E-8	-5.364450000E-7	6.410600000E+0	1.999944922E+4	1.395310000E+3
7.450640000E-9	-5.736980000E-7	6.421000000E+0	1.999944922E+4	1.396549000E+3
-7.450640000E-9	-8.493700000E-7	6.433600000E+0	1.999944922E+4	1.398195000E+3
-1.564630000E-7	-9.611320000E-7	6.447500000E+0	1.999944922E+4	1.399837000E+3
-2.980250000E-8	-8.940730000E-7	6.458500000E+0	1.999944922E+4	1.401440000E+3
-2.980250000E-7	-4.768410000E-7	6.470700000E+0	1.999944922E+4	1.402612000E+3
-4.023330000E-7	-8.195680000E-7	6.480900000E+0	1.999944922E+4	1.403817000E+3
-4.619380000E-7	-7.450620000E-7	6.494000000E+0	1.999944922E+4	1.405446000E+3
-3.948830000E-7	-8.866230000E-7	6.505200000E+0	1.999944922E+4	1.407042000E+3
-1.341110000E-7	-4.619380000E-7	6.517900000E+0	1.999944922E+4	1.408192000E+3
2.980250000E-8	-7.152590000E-7	6.530900000E+0	1.999944922E+4	1.409841000E+3
-4.544870000E-7	-7.748640000E-7	6.541200000E+0	1.999944922E+4	1.410999000E+3
-3.874320000E-7	-7.003580000E-7	6.552600000E+0	1.999944922E+4	1.412628000E+3
5.960510000E-8	-8.493700000E-7	6.563100000E+0	1.999944922E+4	1.413803000E+3
-8.195680000E-8	-5.364450000E-7	6.574000000E+0	1.999944922E+4	1.415017000E+3
-3.352780000E-7	-5.140940000E-7	6.584100000E+0	1.999944922E+4	1.416248000E+3
-3.799810000E-7	-4.917420000E-7	6.597400000E+0	1.999944922E+4	1.417855000E+3
-1.713640000E-7	-9.536820000E-7	6.610400000E+0	1.999944922E+4	1.419391000E+3
-5.066430000E-7	-6.705560000E-7	6.621700000E+0	1.999944922E+4	1.420880000E+3
-4.768410000E-7	-7.003580000E-7	6.632100000E+0	1.999944922E+4	1.421953000E+3
1.490130000E-8	-5.960500000E-7	6.642700000E+0	1.999944922E+4	1.423286000E+3
-1.192100000E-7	-4.917420000E-7	6.654700000E+0	1.999944922E+4	1.424877000E+3
-3.874320000E-7	-6.184020000E-7	6.664900000E+0	1.999944922E+4	1.426095000E+3
-4.544870000E-7	-7.003580000E-7	6.675800000E+0	1.999944922E+4	1.427329000E+3
-2.235190000E-8	-5.364450000E-7	6.685800000E+0	1.999944922E+4	1.428486000E+3
2.235190000E-8	-6.333030000E-7	6.699600000E+0	1.999944922E+4	1.430108000E+3
-4.544870000E-7	-6.407540000E-7	6.710700000E+0	1.999944922E+4	1.431291000E+3
-3.725310000E-7	-8.940730000E-7	6.722800000E+0	1.999944922E+4	1.432868000E+3
-3.203770000E-7	-4.470370000E-7	6.735500000E+0	1.999944922E+4	1.434545000E+3
-4.917420000E-7	-7.301610000E-7	6.748600000E+0	1.999944922E+4	1.436120000E+3
-3.725310000E-7	-5.438960000E-7	6.761300000E+0	1.999944922E+4	1.437408000E+3
-1.564630000E-7	-9.238760000E-7	6.774900000E+0	1.999944922E+4	1.439121000E+3
-4.619380000E-7	-7.525120000E-7	6.788200000E+0	1.999944922E+4	1.440781000E+3
-4.172340000E-7	-9.164250000E-7	6.800200000E+0	1.999944922E+4	1.442380000E+3
-1.564630000E-7	-5.364450000E-7	6.810700000E+0	1.999944922E+4	1.443524000E+3
-3.278270000E-7	-6.929080000E-7	6.821600000E+0	1.999944922E+4	1.444756000E+3
-2.905740000E-7	-1.050540000E-6	6.832300000E+0	1.999944922E+4	1.445963000E+3
-2.086170000E-7	-9.760330000E-7	6.844700000E+0	1.999944922E+4	1.447566000E+3
-2.160680000E-7	-7.748640000E-7	6.856400000E+0	1.999944922E+4	1.449179000E+3
-2.831240000E-7	-4.097840000E-7	6.868700000E+0	1.999944922E+4	1.450326000E+3
-4.544870000E-7	-8.717220000E-7	6.879500000E+0	1.999944922E+4	1.451541000E+3
-4.172340000E-7	-8.493700000E-7	6.891100000E+0	1.999944922E+4	1.453149000E+3
-4.023330000E-7	-7.674130000E-7	6.903400000E+0	1.999944922E+4	1.454765000E+3
4.470370000E-8	-5.886000000E-7	6.914800000E+0	1.999944922E+4	1.455931000E+3
-2.831240000E-7	-5.736980000E-7	6.925000000E+0	1.999944922E+4	1.457117000E+3
-4.768410000E-7	-3.874320000E-7	6.937500000E+0	1.999944922E+4	1.458745000E+3
-1.713640000E-7	-4.693880000E-7	6.949800000E+0	1.999944922E+4	1.460392000E+3
-1.341110000E-7	-4.097840000E-7	6.963000000E+0	1.999944922E+4	1.461657000E+3
-5.066430000E-7	-5.140940000E-7	6.973100000E+0	1.999944922E+4	1.462869000E+3
-5.364450000E-7	-5.587970000E-7	6.983800000E+0	1.999944922E+4	1.464130000E+3
-6.035010000E-7	-5.736980000E-7	6.995600000E+0	1.999944922E+4	1.465734000E+3
-1.490130000E-8	-8.493700000E-7	7.007800000E+0	1.999944922E+4	1.467271000E+3
-1.490130000E-7	-1.080340000E-6	7.020900000E+0	1.999944922E+4	1.468741000E+3
-3.054760000E-7	-1.110140000E-6	7.031200000E+0	1.999944922E+4	1.469810000E+3
2.235190000E-8	-8.717220000E-7	7.041400000E+0	1.999944922E+4	1.471012000E+3
-1.415620000E-7	-4.470370000E-7	7.053000000E+0	1.999944922E+4	1.472599000E+3
-1.862650000E-7	-5.811490000E-7	7.064900000E+0	1.999944922E+4	1.474215000E+3
-4.023330000E-7	-9.313260000E-7	7.076300000E+0	1.999944922E+4	1.475394000E+3
-5.215430000E-8	-9.536820000E-7	7.086700000E+0	1.999944922E+4	1.476610000E+3
-4.470370000E-7	-6.556550000E-7	7.097000000E+0	1.999944922E+4	1.477937000E+3
-3.874320000E-7	-8.717220000E-7	7.109000000E+0	1.999944922E+4	1.479162000E+3
2.980250000E-8	-7.823150000E-7	7.119500000E+0	1.999944922E+4	1.480357000E+3
-4.395860000E-7	-6.705560000E-7	7.129800000E+0	1.999944922E+4	1.481518000E+3
-4.470370000E-7	-7.674130000E-7	7.141100000E+0	1.999944922E+4	1.483116000E+3
-4.395860000E-7	-6.258520000E-7	7.151400000E+0	1.999944922E+4	1.484396000E+3
-2.756730000E-7	-9.909340000E-7	7.163400000E+0	1.999944922E+4	1.485960000E+3
-1.490130000E-7	-4.395860000E-7	7.173900000E+0	1.999944922E+4	1.487125000E+3
-3.054760000E-7	-9.611320000E-7	7.185700000E+0	1.999944922E+4	1.488476000E+3
-7.450640000E-9	-8.940730000E-7	7.198400000E+0	1.999944922E+4	1.490057000E+3
4.470370000E-8	-7.674130000E-7	7.208800000E+0	1.999944922E+4	1.491303000E+3
-4.023330000E-7	-5.587970000E-7	7.220400000E+0	1.999944922E+4	1.492484000E+3
-2.607720000E-7	-4.693880000E-7	7.233900000E+0	1.999944922E+4	1.494111000E+3
-4.321350000E-7	-7.227100000E-7	7.247000000E+0	1.999944922E+4	1.495682000E+3
-2.384200000E-7	-9.387770000E-7	7.259200000E+0	1.999944922E+4	1.497266000E+3
-1.043090000E-7	-9.313260000E-7	7.271100000E+0	1.999944922E+4	1.498860000E+3
-2.607720000E-7	-8.940730000E-7	7.282600000E+0	1.999944922E+4	1.500137000E+3
-7.450640000E-9	-6.407540000E-7	7.296000000E+0	1.999944922E+4	1.501692000E+3
-1.564630000E-7	-6.631050000E-7	7.308000000E+0	1.999944922E+4	1.503275000E+3
-5.140940000E-7	-8.791720000E-7	7.318500000E+0	1.999944922E+4	1.504470000E+3
-2.980250000E-8	-6.482040000E-7	7.332000000E+0	1.999944922E+4	1.505797000E+3
-3.576300000E-7	-5.587970000E-7	7.344600000E+0	1.999944922E+4	1.507376000E+3
-2.160680000E-7	-4.470370000E-7	7.356500000E+0	1.999944922E+4	1.509006000E+3
-4.768410000E-7	-6.184020000E-7	7.368700000E+0	1.999944922E+4	1.510588000E+3
-2.235180000E-7	-9.313260000E-7	7.380800000E+0	1.999944922E+4	1.511790000E+3
8.940740000E-8	-6.556550000E-7	7.393200000E+0	1.999944922E+4	1.513528000E+3
-1.490130000E-8	-8.121170000E-7	7.403500000E+0	1.999944922E+4	1.514634000E+3
0.000000000E+0	-5.736980000E-7	7.418000000E+0	1.999944922E+4	1.516216000E+3
-4.842910000E-7	-6.482040000E-7	7.429600000E+0	1.999944922E+4	1.517398000E+3
-4.470370000E-7	-8.493700000E-7	7.440200000E+0	1.999944922E+4	1.518999000E+3
-4.395860000E-7	-5.736980000E-7	7.450700000E+0	1.999944922E+4	1.520456000E+3
-3.725310000E-7	-5.736980000E-7	7.461900000E+0	1.999944922E+4	1.521549000E+3
-4.395860000E-7	-8.866230000E-7	7.472300000E+0	1.999944922E+4	1.522940000E+3
-6.705570000E-8	-4.842910000E-7	7.484400000E+0	1.999944922E+4	1.524455000E+3
-4.246850000E-7	-5.736980000E-7	7.495400000E+0	1.999944922E+4	1.525660000E+3
-1.564630000E-7	-8.717220000E-7	7.505600000E+0	1.999944922E+4	1.526850000E+3
2.235190000E-8	-6.556550000E-7	7.515700000E+0	1.999944922E+4	1.528068000E+3
4.470370000E-8	-6.780060000E-7	7.528900000E+0	1.999944922E+4	1.529678000E+3
-2.831240000E-7	-4.768410000E-7	7.540200000E+0	1.999944922E+4	1.530885000E+3
-2.235180000E-7	-9.611320000E-7	7.550400000E+0	1.999944922E+4	1.532061000E+3
-2.011670000E-7	-9.313260000E-7	7.562200000E+0	1.999944922E+4	1.533667000E+3
-9.685800000E-8	-8.419190000E-7	7.574600000E+0	1.999944922E+4	1.535265000E+3
-1.639140000E-7	-4.544870000E-7	7.585900000E+0	1.999944922E+4	1.536464000E+3
-4.693880000E-7	-6.258520000E-7	7.596300000E+0	1.999944922E+4	1.537675000E+3
-4.246850000E-7	-5.736980000E-7	7.609300000E+0	1.999944922E+4	1.539291000E+3
-2.086170000E-7	-9.387770000E-7	7.623100000E+0	1.999944922E+4	1.541027000E+3
-1.341110000E-7	-4.470370000E-7	7.634000000E+0	1.999944922E+4	1.542200000E+3
6.705570000E-8	-7.003580000E-7	7.644900000E+0	1.999944922E+4	1.543493000E+3
-2.905740000E-7	-9.238760000E-7	7.657800000E+0	1.999944922E+4	1.544991000E+3
-3.725310000E-7	-5.662480000E-7	7.670500000E+0	1.999944922E+4	1.546654000E+3
4.470370000E-8	-7.897650000E-7	7.681600000E+0	1.999944922E+4	1.547817000E+3
-7.450640000E-9	-7.525120000E-7	7.696300000E+0	1.999944922E+4	1.549966000E+3
-5.960510000E-8	-4.991930000E-7	7.706600000E+0	1.999944922E+4	1.551185000E+3
-3.576300000E-7	-9.685830000E-7	7.717600000E+0	1.999944922E+4	1.552346000E+3
-1.341110000E-7	-9.760330000E-7	7.731400000E+0	1.999944922E+4	1.553937000E+3
-1.415620000E-7	-5.438960000E-7	7.743200000E+0	1.999944922E+4	1.555127000E+3
-1.862650000E-7	-4.395860000E-7	7.756700000E+0	1.999944922E+4	1.556738000E+3
-2.682230000E-7	-3.650800000E-7	7.768200000E+0	1.999944922E+4	1.558340000E+3
-4.619380000E-7	-5.215440000E-7	7.780700000E+0	1.999944922E+4	1.559926000E+3
-4.693880000E-7	-7.450620000E-7	7.794100000E+0	1.999944922E+4	1.561527000E+3
-2.607720000E-7	-8.940730000E-7	7.805300000E+0	1.999944922E+4	1.562737000E+3
0.000000000E+0	-7.599630000E-7	7.815400000E+0	1.999944922E+4	1.563957000E+3
-3.874320000E-7	-4.693880000E-7	7.825700000E+0	1.999944922E+4	1.565142000E+3
-2.905740000E-7	-4.693880000E-7	7.838900000E+0	1.999944922E+4	1.566761000E+3
-7.450630000E-8	-9.685830000E-7	7.850900000E+0	1.999944922E+4	1.568467000E+3
3.725310000E-8	-7.897650000E-7	7.865100000E+0	1.999944922E+4	1.570051000E+3
5.960510000E-8	-7.599630000E-7	7.878900000E+0	1.999944922E+4	1.571674000E+3
-1.564630000E-7	-9.462270000E-7	7.892900000E+0	1.999944922E+4	1.573317000E+3
-3.650800000E-7	-9.313260000E-7	7.904900000E+0	1.999944922E+4	1.574596000E+3
1.490130000E-8	-8.419190000E-7	7.915700000E+0	1.999944922E+4	1.575809000E+3
-5.960510000E-8	-5.140940000E-7	7.927000000E+0	1.999944922E+4	1.577381000E+3
-4.470370000E-8	-6.407540000E-7	7.940200000E+0	1.999944922E+4	1.579011000E+3
-2.160680000E-7	-5.066430000E-7	7.952400000E+0	1.999944922E+4	1.580594000E+3
-4.768410000E-7	-6.184020000E-7	7.962900000E+0	1.999944922E+4	1.581810000E+3
-6.705570000E-8	-8.791720000E-7	7.973700000E+0	1.999944922E+4	1.582993000E+3
-3.650800000E-7	-9.760330000E-7	7.986700000E+0	1.999944922E+4	1.584638000E+3
2.235190000E-8	-6.780060000E-7	7.999700000E+0	1.999944922E+4	1.586196000E+3
-1.043090000E-7	-9.164250000E-7	8.010000000E+0	1.999944922E+4	1.588200000E+3
