0474_HM_Sc2CuPd
Wavelength = 1.54059Ċ, !20.05°/119.719°/0.10027°/1(s), I(p)=9368.0/487.0, Cu(45kV,40mA), Tuesday, March 31, 2026, 12:02 PM
Angle	I(o)	I(c)	I(d)	I(b)
20.05013	509.0	410.0	99.0	524.3
20.1504	519.0	410.7	108.3	524.4
20.25068	554.0	411.4	142.6	524.5
20.35094	539.0	413.0	126.0	524.5
20.45121	540.0	414.2	125.8	524.6
20.55149	545.0	415.0	130.0	524.6
20.65175	523.0	415.7	107.3	524.7
20.75203	545.0	416.5	128.5	524.8
20.85229	511.0	417.3	93.7	524.8
20.95256	538.0	418.1	119.9	524.9
21.05284	494.0	418.9	75.1	524.9
21.1531	523.0	419.7	103.3	525.0
21.25337	516.0	420.5	95.5	525.0
21.35365	534.0	421.4	112.6	525.1
21.45391	554.0	422.2	131.8	525.1
21.55418	531.0	423.0	108.0	525.1
21.65446	552.0	423.9	128.1	525.2
21.75472	533.0	424.8	108.2	525.2
21.85499	515.0	425.6	89.4	525.2
21.95527	517.0	426.5	90.5	525.2
22.05553	496.0	427.4	68.6	525.2
22.15581	503.0	428.3	74.7	525.2
22.25607	554.0	429.2	124.8	525.2
22.35634	506.0	430.2	75.8	525.2
22.45662	534.0	431.1	102.9	525.2
22.55688	535.0	432.1	102.9	525.2
22.65715	504.0	433.1	70.9	525.1
22.75743	532.0	434.1	97.9	525.1
22.85769	538.0	435.1	102.9	525.0
22.95796	588.0	436.1	151.9	525.0
23.05824	494.0	437.1	56.9	524.9
23.1585	510.0	438.2	71.8	524.8
23.25877	523.0	439.3	83.7	524.7
23.35905	528.0	440.4	87.6	524.6
23.45931	525.0	441.6	83.4	524.5
23.55959	528.0	442.7	85.3	524.4
23.65985	501.0	443.9	57.1	524.2
23.76012	499.0	445.2	53.8	524.1
23.8604	545.0	446.5	98.5	523.9
23.96066	544.0	447.8	96.2	523.8
24.06093	554.0	449.1	104.9	523.6
24.16121	506.0	450.6	55.4	523.4
24.26147	566.0	452.0	114.0	523.2
24.36174	537.0	453.6	83.4	523.0
24.46202	487.0	455.2	31.8	522.7
24.56228	513.0	456.9	56.1	522.5
24.66256	550.0	458.7	91.3	522.2
24.76283	502.0	460.6	41.4	521.9
24.86309	521.0	462.7	58.3	521.6
24.96337	565.0	464.8	100.2	521.3
25.06363	543.0	467.2	75.8	521.0
25.1639	490.0	469.8	20.2	520.7
25.26418	544.0	472.6	71.4	520.4
25.36444	528.0	475.6	52.4	520.1
25.46471	545.0	479.1	65.9	519.7
25.56499	558.0	482.9	75.1	519.4
25.66525	583.0	487.3	95.7	519.0
25.76552	523.0	492.3	30.7	518.7
25.8658	535.0	498.1	36.9	518.3
25.96606	538.0	504.9	33.1	517.9
26.06634	545.0	513.0	32.0	517.6
26.1666	508.0	522.9	-14.9	517.2
26.26687	504.0	535.0	-31.0	516.8
26.36715	551.0	550.4	0.6	516.5
26.46741	567.0	570.5	-3.5	516.1
26.56768	604.0	597.7	6.3	515.8
26.66796	661.0	637.0	24.0	515.4
26.76822	644.0	696.8	-52.8	515.0
26.86849	717.0	791.1	-74.1	514.7
26.96877	812.0	938.7	-126.7	514.3
27.06903	990.0	1157.9	-167.9	514.0
27.16931	1163.0	1450.4	-287.4	513.6
27.26958	1282.0	1759.3	-477.3	513.3
27.36984	1257.0	1925.5	-668.5	513.0
27.47012	1121.0	1776.1	-655.1	512.7
27.57038	1001.0	1421.6	-420.6	512.4
27.67065	761.0	1095.5	-334.5	512.1
27.77093	661.0	872.1	-211.1	511.8
27.87119	608.0	737.0	-129.0	511.5
27.97146	559.0	659.0	-100.0	511.3
28.07174	571.0	612.9	-41.9	511.0
28.172	571.0	583.8	-12.8	510.8
28.27227	548.0	564.0	-16.0	510.6
28.37255	505.0	549.9	-44.9	510.4
28.47281	588.0	539.5	48.5	510.2
28.57309	531.0	531.8	-0.8	510.0
28.67336	538.0	525.9	12.1	509.9
28.77362	579.0	521.5	57.5	509.8
28.8739	562.0	518.1	43.9	509.7
28.97416	530.0	515.5	14.5	509.6
29.07443	584.0	513.5	70.5	509.5
29.17471	513.0	512.0	1.0	509.5
29.27497	496.0	510.9	-14.9	509.5
29.37524	527.0	510.2	16.8	509.5
29.47552	548.0	509.7	38.3	509.5
29.57578	555.0	509.4	45.6	509.5
29.67606	607.0	509.3	97.7	509.6
29.77633	518.0	509.4	8.6	509.7
29.87659	563.0	509.6	53.4	509.9
29.97687	569.0	510.0	59.0	510.0
30.07714	553.0	510.4	42.6	510.2
30.1774	530.0	510.9	19.1	510.5
30.27768	526.0	511.5	14.5	510.7
30.37794	499.0	512.1	-13.1	511.0
30.47821	490.0	512.9	-22.9	511.3
30.57849	541.0	513.6	27.4	511.7
30.67875	540.0	514.5	25.5	512.1
30.77902	541.0	515.3	25.7	512.5
30.8793	557.0	516.2	40.8	512.9
30.97956	541.0	517.2	23.8	513.4
31.07984	563.0	518.2	44.8	513.9
31.18011	511.0	519.2	-8.2	514.5
31.28037	501.0	520.2	-19.2	515.0
31.38065	523.0	521.3	1.7	515.7
31.48092	559.0	522.4	36.6	516.3
31.58118	518.0	523.5	-5.5	517.0
31.68146	582.0	524.7	57.3	517.7
31.78172	516.0	525.9	-9.9	518.4
31.88199	527.0	527.1	-0.1	519.2
31.98227	526.0	528.3	-2.3	520.0
32.08253	522.0	529.6	-7.6	520.8
32.1828	554.0	530.9	23.1	521.6
32.28307	578.0	532.2	45.8	522.5
32.38335	552.0	533.5	18.5	523.4
32.48362	540.0	534.8	5.2	524.4
32.58389	538.0	536.2	1.8	525.3
32.68415	548.0	537.6	10.4	526.3
32.78442	537.0	539.0	-2.0	527.3
32.8847	535.0	540.5	-5.5	528.4
32.98497	535.0	542.0	-7.0	529.5
33.08524	591.0	543.5	47.5	530.6
33.1855	548.0	545.0	3.0	531.7
33.28577	534.0	546.6	-12.6	532.8
33.38604	591.0	548.2	42.8	534.0
33.48632	590.0	549.8	40.2	535.2
33.58659	577.0	551.5	25.5	536.5
33.68686	568.0	553.2	14.8	537.7
33.78712	544.0	554.9	-10.9	539.0
33.88739	543.0	556.7	-13.7	540.3
33.98766	565.0	558.5	6.5	541.6
34.08794	532.0	560.4	-28.4	543.0
34.18821	586.0	562.3	23.7	544.4
34.28848	583.0	564.3	18.7	545.8
34.38874	557.0	566.3	-9.3	547.2
34.48901	567.0	568.4	-1.4	548.6
34.58929	519.0	570.5	-51.5	550.1
34.68956	582.0	572.7	9.3	551.6
34.78983	565.0	575.1	-10.1	553.1
34.89009	615.0	577.4	37.6	554.7
34.99036	609.0	579.9	29.1	556.2
35.09063	611.0	582.5	28.5	557.8
35.19091	612.0	585.2	26.8	559.4
35.29118	587.0	588.0	-1.0	561.0
35.39145	605.0	591.0	14.0	562.6
35.49171	609.0	594.1	14.9	564.3
35.59198	581.0	597.3	-16.3	565.9
35.69226	563.0	600.8	-37.8	567.6
35.79253	625.0	604.5	20.5	569.3
35.8928	599.0	608.4	-9.4	571.0
35.99306	570.0	612.5	-42.5	572.6
36.09333	596.0	617.0	-21.0	574.4
36.1936	577.0	621.8	-44.8	576.1
36.29388	574.0	627.0	-53.0	577.8
36.39415	596.0	632.7	-36.7	579.5
36.49442	559.0	638.8	-79.8	581.2
36.59468	626.0	645.6	-19.6	583.0
36.69495	592.0	653.1	-61.1	584.7
36.79523	584.0	661.4	-77.4	586.4
36.8955	580.0	670.8	-90.8	588.2
36.99577	591.0	681.3	-90.3	589.9
37.09604	642.0	693.2	-51.2	591.6
37.1963	614.0	706.8	-92.8	593.4
37.29657	620.0	722.6	-102.6	595.1
37.39685	657.0	741.0	-84.0	596.8
37.49712	603.0	762.7	-159.7	598.5
37.59739	706.0	788.6	-82.6	600.2
37.69765	819.0	819.9	-0.9	601.9
37.79792	770.0	858.3	-88.3	603.6
37.89819	783.0	906.1	-123.1	605.3
37.99847	893.0	967.1	-74.1	606.9
38.09874	972.0	1047.3	-75.3	608.6
38.19901	1106.0	1158.1	-52.1	610.2
38.29927	1325.0	1323.0	2.0	611.9
38.39954	1477.0	1587.9	-110.9	613.5
38.49982	1983.0	2033.4	-50.4	615.1
38.60009	2805.0	2770.9	34.1	616.6
38.70036	3964.0	3909.1	54.9	618.2
38.80062	5680.0	5465.6	214.4	619.7
38.90089	7741.0	7190.4	550.6	621.2
39.00116	9368.0	8355.1	1012.9	622.7
39.10144	8955.0	7945.3	1009.7	624.2
39.20171	6484.0	6122.1	361.9	625.7
39.30198	4108.0	4133.7	-25.7	627.1
39.40224	2591.0	2712.4	-121.4	628.5
39.50251	1917.0	1881.4	35.6	629.8
39.60279	1436.0	1440.3	-4.3	631.2
39.70306	1208.0	1204.0	4.0	632.5
39.80333	1088.0	1064.5	23.5	633.8
39.90359	917.0	972.6	-55.6	635.0
40.00386	883.0	907.5	-24.5	636.3
40.10413	918.0	859.5	58.5	637.4
40.20441	828.0	823.4	4.6	638.6
40.30468	730.0	795.3	-65.3	639.7
40.40495	737.0	773.3	-36.3	640.8
40.50521	705.0	755.8	-50.8	641.8
40.60548	720.0	741.8	-21.8	642.9
40.70576	696.0	730.4	-34.4	643.8
40.80603	688.0	721.1	-33.1	644.7
40.9063	685.0	713.5	-28.5	645.6
41.00657	674.0	707.2	-33.2	646.5
41.10683	648.0	702.0	-54.0	647.3
41.2071	669.0	697.7	-28.7	648.0
41.30738	697.0	694.2	2.8	648.7
41.40765	696.0	691.3	4.7	649.4
41.50792	615.0	689.1	-74.1	650.0
41.60818	685.0	687.2	-2.2	650.6
41.70845	604.0	685.6	-81.6	651.1
41.80872	648.0	684.4	-36.4	651.6
41.909	678.0	683.5	-5.5	652.0
42.00927	663.0	682.8	-19.8	652.4
42.10954	670.0	682.1	-12.1	652.7
42.2098	649.0	681.9	-32.9	652.9
42.31007	596.0	681.8	-85.8	653.1
42.41035	698.0	681.8	16.2	653.3
42.51062	692.0	682.0	10.0	653.3
42.61089	661.0	682.3	-21.3	653.4
42.71115	662.0	682.7	-20.7	653.4
42.81142	714.0	683.3	30.7	653.3
42.91169	644.0	683.9	-39.9	653.2
43.01197	627.0	684.6	-57.6	653.0
43.11224	631.0	685.3	-54.3	652.8
43.21251	689.0	686.1	2.9	652.6
43.31277	636.0	687.0	-51.0	652.3
43.41304	684.0	688.0	-4.0	652.0
43.51332	612.0	689.0	-77.0	651.6
43.61359	651.0	690.0	-39.0	651.2
43.71386	653.0	691.1	-38.1	650.8
43.81413	661.0	692.3	-31.3	650.3
43.91439	636.0	693.4	-57.4	649.8
44.01466	606.0	694.6	-88.6	649.3
44.11494	600.0	695.9	-95.9	648.7
44.21521	616.0	697.2	-81.2	648.1
44.31548	664.0	698.5	-34.5	647.5
44.41574	667.0	699.9	-32.9	646.9
44.51601	655.0	701.2	-46.2	646.3
44.61629	623.0	702.6	-79.6	645.6
44.71656	629.0	704.1	-75.1	644.9
44.81683	633.0	705.6	-72.6	644.3
44.9171	653.0	707.1	-54.1	643.6
45.01736	665.0	708.8	-43.8	642.9
45.11763	687.0	710.4	-23.4	642.1
45.21791	649.0	712.0	-63.0	641.4
45.31818	644.0	713.6	-69.6	640.7
45.41845	700.0	715.3	-15.3	639.9
45.51871	648.0	717.0	-69.0	639.2
45.61898	628.0	718.7	-90.7	638.5
45.71925	627.0	720.5	-93.5	637.7
45.81953	604.0	722.3	-118.3	637.0
45.9198	665.0	724.2	-59.2	636.3
46.02007	642.0	726.2	-84.2	635.6
46.12033	648.0	728.2	-80.2	634.9
46.2206	609.0	730.3	-121.3	634.2
46.32088	626.0	732.5	-106.5	633.5
46.42115	688.0	734.8	-46.8	632.8
46.52142	657.0	737.3	-80.3	632.1
46.62169	625.0	739.9	-114.9	631.5
46.72195	676.0	742.7	-66.7	630.9
46.82222	645.0	745.8	-100.8	630.3
46.9225	720.0	749.2	-29.2	629.7
47.02277	826.0	753.3	72.7	629.2
47.12304	738.0	757.7	-19.7	628.7
47.2233	651.0	762.9	-111.9	628.2
47.32357	665.0	769.3	-104.3	627.7
47.42385	703.0	777.7	-74.7	627.3
47.52412	700.0	789.8	-89.8	626.9
47.62439	713.0	808.8	-95.8	626.5
47.72466	680.0	840.2	-160.2	626.2
47.82492	743.0	891.2	-148.2	625.9
47.92519	861.0	967.8	-106.8	625.7
48.02547	1030.0	1069.5	-39.5	625.5
48.12574	1178.0	1178.9	-0.9	625.3
48.22601	1299.0	1253.3	45.7	625.2
48.32627	1292.0	1231.2	60.8	625.2
48.42654	1094.0	1122.4	-28.4	625.2
48.52682	884.0	993.8	-109.8	625.2
48.62709	849.0	898.6	-49.6	625.3
48.72736	766.0	843.8	-77.8	625.4
48.82763	659.0	816.4	-157.4	625.6
48.92789	688.0	803.4	-115.4	625.9
49.02816	718.0	796.8	-78.8	626.2
49.12844	657.0	793.2	-136.2	626.6
49.22871	710.0	791.2	-81.2	627.1
49.32898	665.0	790.2	-125.2	627.6
49.42924	602.0	789.9	-187.9	628.2
49.52951	654.0	790.1	-136.1	628.9
49.62979	611.0	790.6	-179.6	629.6
49.73006	690.0	791.4	-101.4	630.4
49.83033	661.0	792.4	-131.4	631.2
49.9306	681.0	793.5	-112.5	632.2
50.03086	661.0	794.8	-133.8	633.2
50.13113	687.0	796.1	-109.1	634.2
50.23141	650.0	797.6	-147.6	635.3
50.33168	655.0	799.1	-144.1	636.5
50.43195	668.0	800.7	-132.7	637.7
50.53222	706.0	802.3	-96.3	639.0
50.63248	677.0	804.0	-127.0	640.4
50.73275	691.0	805.7	-114.7	641.8
50.83303	667.0	807.4	-140.4	643.2
50.9333	656.0	809.2	-153.2	644.7
51.03357	629.0	811.0	-182.0	646.3
51.13383	681.0	812.8	-131.8	647.9
51.2341	691.0	814.7	-123.7	649.6
51.33438	725.0	816.5	-91.5	651.3
51.43465	687.0	818.4	-131.4	653.1
51.53492	677.0	820.5	-143.5	654.9
51.63519	703.0	822.5	-119.5	656.8
51.73545	713.0	824.4	-111.4	658.7
51.83572	693.0	826.4	-133.4	660.6
51.936	715.0	828.4	-113.4	662.6
52.03627	682.0	830.4	-148.4	664.6
52.13654	655.0	832.5	-177.5	666.7
52.2368	684.0	834.6	-150.6	668.8
52.33707	731.0	836.7	-105.7	671.0
52.43735	715.0	838.8	-123.8	673.2
52.53762	696.0	840.9	-144.9	675.4
52.63789	673.0	843.1	-170.1	677.6
52.73816	662.0	844.3	-182.3	679.9
52.83842	712.0	846.1	-134.1	682.2
52.93869	663.0	848.3	-185.3	684.6
53.03897	686.0	850.7	-164.7	687.0
53.13924	681.0	853.2	-172.2	689.4
53.23951	741.0	855.7	-114.7	691.8
53.33978	741.0	858.1	-117.1	694.3
53.44004	713.0	860.7	-147.7	696.8
53.54032	738.0	863.3	-125.3	699.3
53.64059	712.0	865.9	-153.9	701.9
53.74086	763.0	868.5	-105.5	704.4
53.84113	700.0	871.4	-171.4	707.0
53.94139	741.0	874.4	-133.4	709.6
54.04166	699.0	877.5	-178.5	712.3
54.14194	734.0	880.8	-146.8	714.9
54.24221	757.0	884.3	-127.3	717.6
54.34248	769.0	887.9	-118.9	720.2
54.44275	752.0	891.9	-139.9	723.0
54.54301	827.0	896.2	-69.2	725.7
54.64328	806.0	900.9	-94.9	728.4
54.74356	806.0	906.1	-100.1	731.2
54.84383	823.0	911.9	-88.9	734.0
54.9441	820.0	918.6	-98.6	736.8
55.04436	941.0	926.3	14.7	739.6
55.14463	982.0	935.5	46.5	742.5
55.24491	950.0	946.9	3.1	745.4
55.34518	1102.0	961.2	140.8	748.3
55.44545	1144.0	981.0	163.0	751.3
55.54572	1324.0	1010.7	313.3	754.3
55.64598	1451.0	1059.1	391.9	757.3
55.74625	1567.0	1139.6	427.4	760.3
55.84653	1753.0	1269.5	483.5	763.4
55.9468	1930.0	1462.2	467.8	766.5
56.04707	2017.0	1715.1	301.9	769.7
56.14734	2240.0	1990.6	249.4	772.9
56.2476	2240.0	2197.9	42.1	776.1
56.34788	2041.0	2195.5	-154.5	779.3
56.44815	2088.0	1956.0	132.0	782.6
56.54842	1726.0	1620.9	105.1	786.0
56.64869	1550.0	1335.8	214.2	789.3
56.74895	1382.0	1156.9	225.1	792.7
56.84922	1261.0	1062.7	198.3	796.2
56.9495	1176.0	1017.0	159.0	799.7
57.04977	1070.0	994.0	76.0	803.2
57.15004	979.0	980.9	-1.9	806.8
57.25031	934.0	972.8	-38.8	810.4
57.35057	913.0	967.4	-54.4	814.1
57.45085	947.0	963.9	-16.9	817.8
57.55112	888.0	961.7	-73.7	821.6
57.65139	954.0	960.4	-6.4	825.4
57.75166	892.0	959.9	-67.9	829.3
57.85192	825.0	959.8	-134.8	833.2
57.95219	865.0	960.2	-95.2	837.1
58.05247	917.0	960.8	-43.8	841.1
58.15274	942.0	961.8	-19.8	845.2
58.25301	850.0	962.9	-112.9	849.3
58.35328	827.0	964.2	-137.2	853.5
58.45354	861.0	965.6	-104.6	857.7
58.55382	895.0	967.1	-72.1	862.0
58.65409	953.0	968.8	-15.8	866.3
58.75436	922.0	970.5	-48.5	870.7
58.85463	876.0	972.3	-96.3	875.2
58.9549	816.0	974.2	-158.2	879.7
59.05516	898.0	976.1	-78.1	884.2
59.15544	960.0	978.0	-18.0	888.9
59.25571	906.0	980.0	-74.0	893.5
59.35598	918.0	982.1	-64.1	898.3
59.45625	867.0	984.2	-117.2	903.1
59.55651	913.0	986.3	-73.3	907.9
59.65678	887.0	988.5	-101.5	912.7
59.75706	869.0	990.7	-121.7	917.6
59.85733	979.0	992.9	-13.9	922.5
59.9576	938.0	995.1	-57.1	927.5
60.05787	975.0	997.4	-22.4	932.5
60.15813	1019.0	999.7	19.3	937.5
60.25841	1021.0	1002.1	18.9	942.5
60.35868	1018.0	1004.5	13.5	947.5
60.45895	962.0	1006.9	-44.9	952.6
60.55922	990.0	1009.3	-19.3	957.6
60.65948	1013.0	1011.8	1.2	962.7
60.75975	986.0	1014.3	-28.3	967.7
60.86003	948.0	1016.9	-68.9	972.8
60.9603	1088.0	1019.5	68.5	977.8
61.06057	946.0	1022.2	-76.2	982.9
61.16084	981.0	1024.9	-43.9	987.9
61.2611	984.0	1027.7	-43.7	992.9
61.36138	1018.0	1030.6	-12.6	997.9
61.46165	1018.0	1033.5	-15.5	1002.9
61.56192	956.0	1036.6	-80.6	1007.8
61.66219	956.0	1039.8	-83.8	1012.7
61.76245	983.0	1043.2	-60.2	1017.6
61.86272	1022.0	1046.7	-24.7	1022.4
61.963	1071.0	1050.4	20.6	1027.2
62.06327	1003.0	1054.5	-51.5	1032.0
62.16354	1109.0	1058.8	50.2	1036.7
62.26381	1050.0	1063.6	-13.6	1041.3
62.36407	1157.0	1069.0	88.0	1045.9
62.46435	1019.0	1075.1	-56.1	1050.5
62.56462	1141.0	1082.3	58.7	1054.9
62.66489	1057.0	1091.3	-34.3	1059.4
62.76516	1112.0	1103.3	8.7	1063.7
62.86543	1166.0	1120.9	45.1	1068.0
62.96569	1186.0	1148.5	37.5	1072.2
63.06597	1273.0	1192.3	80.7	1076.3
63.16624	1233.0	1259.4	-26.4	1080.3
63.26651	1320.0	1355.0	-35.0	1084.3
63.36678	1411.0	1477.3	-66.3	1088.2
63.46704	1449.0	1610.7	-161.7	1092.0
63.56731	1624.0	1719.1	-95.1	1095.8
63.66759	1419.0	1746.0	-327.0	1099.5
63.76786	1508.0	1650.3	-142.3	1103.1
63.86813	1292.0	1499.5	-207.5	1106.7
63.9684	1375.0	1346.3	28.7	1110.2
64.06866	1363.0	1238.2	124.8	1113.7
64.16894	1258.0	1177.1	80.9	1117.1
64.2692	1194.0	1147.0	47.0	1120.4
64.36948	1123.0	1133.0	-10.0	1123.7
64.46975	1249.0	1126.4	122.6	1127.0
64.57001	1150.0	1123.0	27.0	1130.2
64.67029	1179.0	1121.4	57.6	1133.3
64.77055	1165.0	1120.6	44.4	1136.4
64.87083	1182.0	1120.8	61.2	1139.5
64.9711	1144.0	1121.6	22.4	1142.6
65.07137	1164.0	1122.7	41.3	1145.6
65.17164	1280.0	1124.1	155.9	1148.5
65.2719	1116.0	1125.8	-9.8	1151.5
65.37218	1210.0	1127.6	82.4	1154.4
65.47244	1179.0	1129.6	49.4	1157.3
65.57272	1210.0	1131.7	78.3	1160.2
65.67299	1154.0	1134.0	20.0	1163.0
65.77325	1217.0	1136.3	80.7	1165.9
65.87353	1228.0	1138.7	89.3	1168.7
65.97379	1203.0	1141.2	61.8	1171.5
66.07407	1242.0	1143.7	98.3	1174.2
66.17434	1192.0	1146.3	45.7	1177.0
66.2746	1202.0	1149.0	53.0	1179.8
66.37488	1217.0	1151.7	65.3	1182.5
66.47514	1228.0	1154.5	73.5	1185.3
66.57542	1233.0	1157.3	75.7	1188.1
66.67569	1278.0	1160.3	117.7	1190.8
66.77596	1192.0	1163.2	28.8	1193.6
66.87623	1196.0	1166.3	29.7	1196.3
66.97649	1212.0	1169.4	42.6	1199.1
67.07677	1164.0	1172.7	-8.7	1201.9
67.17703	1251.0	1176.0	75.0	1204.7
67.27731	1291.0	1179.3	111.7	1207.5
67.37758	1109.0	1182.8	-73.8	1210.3
67.47784	1216.0	1186.3	29.7	1213.2
67.57812	1224.0	1190.0	34.0	1216.0
67.67838	1306.0	1193.8	112.2	1218.9
67.77866	1321.0	1197.7	123.3	1221.8
67.87893	1193.0	1201.9	-8.9	1224.7
67.97919	1306.0	1206.0	100.0	1227.6
68.07947	1258.0	1210.6	47.4	1230.6
68.17973	1313.0	1215.4	97.6	1233.6
68.28001	1304.0	1220.5	83.5	1236.5
68.38028	1350.0	1226.0	124.0	1239.5
68.48055	1349.0	1231.9	117.1	1242.6
68.58082	1341.0	1238.4	102.6	1245.6
68.68108	1383.0	1245.4	137.6	1248.6
68.78136	1375.0	1253.2	121.8	1251.7
68.88163	1443.0	1261.9	181.1	1254.8
68.9819	1349.0	1271.8	77.2	1257.9
69.08217	1402.0	1283.1	118.9	1261.0
69.18243	1450.0	1296.2	153.8	1264.1
69.28271	1495.0	1312.0	183.0	1267.2
69.38297	1638.0	1331.3	306.7	1270.4
69.48325	1557.0	1356.4	200.6	1273.6
69.58352	1711.0	1391.2	319.8	1276.8
69.68378	1815.0	1443.0	372.0	1280.0
69.78406	1972.0	1523.6	448.4	1283.2
69.88432	2224.0	1650.7	573.3	1286.4
69.9846	2389.0	1844.5	544.5	1289.6
70.08487	2723.0	2122.5	600.5	1292.9
70.18513	3132.0	2489.3	642.7	1296.1
70.28541	3774.0	2921.8	852.2	1299.4
70.38567	4182.0	3350.4	831.6	1302.7
70.48595	4434.0	3655.7	778.3	1306.0
70.58622	4308.0	3635.3	672.7	1309.3
70.68649	3899.0	3246.9	652.1	1312.7
70.78676	3361.0	2723.8	637.2	1316.0
70.88702	2908.0	2195.4	712.6	1319.4
70.9873	2498.0	1812.3	685.7	1322.7
71.08756	2206.0	1585.4	620.6	1326.1
71.18784	1989.0	1466.7	522.3	1329.5
71.28811	1888.0	1407.0	481.0	1332.9
71.38837	1729.0	1375.1	353.9	1336.3
71.48865	1706.0	1355.9	350.1	1339.7
71.58891	1526.0	1343.2	182.8	1343.1
71.68919	1523.0	1334.4	188.6	1346.6
71.78946	1510.0	1328.3	181.7	1350.0
71.88972	1569.0	1324.0	245.0	1353.5
71.99	1589.0	1321.0	268.0	1356.9
72.09026	1466.0	1319.2	146.8	1360.4
72.19054	1469.0	1318.4	150.6	1363.9
72.29081	1456.0	1318.1	137.9	1367.4
72.39108	1409.0	1318.2	90.8	1370.9
72.49135	1576.0	1318.8	257.2	1374.4
72.59161	1475.0	1319.6	155.4	1377.9
72.69189	1491.0	1320.7	170.3	1381.4
72.79216	1430.0	1322.1	107.9	1385.0
72.89243	1408.0	1323.6	84.4	1388.5
72.9927	1405.0	1325.3	79.7	1392.1
73.09296	1454.0	1327.1	126.9	1395.6
73.19324	1447.0	1329.0	118.0	1399.2
73.2935	1456.0	1331.0	125.0	1402.8
73.39378	1365.0	1333.1	31.9	1406.3
73.49405	1454.0	1335.3	118.7	1409.9
73.59431	1577.0	1337.5	239.5	1413.5
73.69459	1483.0	1339.8	143.2	1417.1
73.79485	1426.0	1342.1	83.9	1420.7
73.89513	1397.0	1344.5	52.5	1424.3
73.9954	1353.0	1346.9	6.1	1427.9
74.09566	1524.0	1349.4	174.6	1431.5
74.19594	1479.0	1351.9	127.1	1435.2
74.2962	1493.0	1354.4	138.6	1438.8
74.39648	1437.0	1357.0	80.0	1442.4
74.49675	1387.0	1359.5	27.5	1446.0
74.59702	1519.0	1362.2	156.9	1449.7
74.69729	1417.0	1364.8	52.2	1453.3
74.79755	1480.0	1367.4	112.6	1456.9
74.89783	1469.0	1370.1	98.9	1460.6
74.99809	1556.0	1372.8	183.3	1464.2
75.09837	1455.0	1375.4	79.6	1467.8
75.19864	1481.0	1378.2	102.8	1471.4
75.2989	1502.0	1380.9	121.1	1475.0
75.39918	1423.0	1383.6	39.4	1478.6
75.49944	1477.0	1386.4	90.6	1482.2
75.59972	1433.0	1389.1	43.9	1485.8
75.69999	1547.0	1391.9	155.1	1489.4
75.80025	1534.0	1394.7	139.3	1493.0
75.90053	1526.0	1397.5	128.5	1496.5
76.00079	1459.0	1400.3	58.7	1500.1
76.10107	1510.0	1403.1	106.9	1503.6
76.20134	1538.0	1405.9	132.1	1507.1
76.30161	1497.0	1408.8	88.2	1510.6
76.40188	1517.0	1411.6	105.4	1514.1
76.50214	1536.0	1414.5	121.5	1517.6
76.60242	1562.0	1417.3	144.7	1521.1
76.70269	1587.0	1420.2	166.8	1524.5
76.80296	1515.0	1423.1	91.9	1527.9
76.90323	1514.0	1426.0	88.0	1531.3
77.00349	1592.0	1428.9	163.1	1534.7
77.10377	1521.0	1431.8	89.2	1538.1
77.20403	1510.0	1434.7	75.3	1541.4
77.30431	1559.0	1437.7	121.3	1544.7
77.40458	1501.0	1440.6	60.4	1548.0
77.50484	1496.0	1443.5	52.5	1551.3
77.60512	1494.0	1446.5	47.5	1554.5
77.70538	1619.0	1449.5	169.5	1557.7
77.80566	1564.0	1452.4	111.6	1560.9
77.90593	1544.0	1455.4	88.6	1564.1
78.0062	1558.0	1458.4	99.6	1567.2
78.10647	1546.0	1461.4	84.6	1570.3
78.20673	1564.0	1464.4	99.6	1573.3
78.30701	1544.0	1467.4	76.6	1576.4
78.40728	1533.0	1470.7	62.3	1579.4
78.50755	1627.0	1473.7	153.3	1582.3
78.60782	1546.0	1476.8	69.2	1585.3
78.70808	1618.0	1479.8	138.2	1588.2
78.80836	1646.0	1482.9	163.1	1591.0
78.90862	1552.0	1486.0	66.0	1593.8
79.0089	1539.0	1489.3	49.7	1596.6
79.10917	1614.0	1492.5	121.5	1599.4
79.20943	1555.0	1495.6	59.4	1602.1
79.30971	1630.0	1498.8	131.2	1604.7
79.40997	1632.0	1501.9	130.1	1607.3
79.51025	1498.0	1505.1	-7.1	1609.9
79.61052	1657.0	1508.4	148.6	1612.4
79.71078	1672.0	1511.6	160.4	1614.9
79.81106	1710.0	1514.9	195.1	1617.4
79.91132	1673.0	1518.2	154.8	1619.8
80.0116	1607.0	1521.5	85.5	1622.2
80.11187	1717.0	1524.8	192.2	1624.5
80.21214	1566.0	1528.2	37.8	1626.8
80.31241	1666.0	1531.6	134.4	1629.0
80.41267	1698.0	1535.1	162.9	1631.2
80.51295	1593.0	1538.6	54.4	1633.4
80.61322	1607.0	1542.1	64.9	1635.5
80.71349	1619.0	1545.8	73.3	1637.6
80.81376	1652.0	1549.4	102.6	1639.7
80.91402	1693.0	1553.2	139.8	1641.7
81.0143	1636.0	1557.0	79.0	1643.7
81.11456	1627.0	1560.9	66.1	1645.7
81.21484	1718.0	1565.0	153.0	1647.6
81.31511	1627.0	1569.1	57.9	1649.5
81.41537	1741.0	1573.4	167.6	1651.4
81.51565	1676.0	1577.9	98.1	1653.2
81.61591	1688.0	1582.6	105.4	1655.1
81.71619	1714.0	1587.6	126.4	1656.9
81.81646	1669.0	1592.8	76.2	1658.6
81.91673	1694.0	1598.4	95.6	1660.4
82.017	1771.0	1604.5	166.5	1662.1
82.11726	1662.0	1611.2	50.8	1663.8
82.21754	1725.0	1618.7	106.3	1665.4
82.31781	1814.0	1627.6	186.4	1667.1
82.41808	1739.0	1638.8	100.2	1668.7
82.51835	1837.0	1652.9	184.1	1670.3
82.61861	1844.0	1672.0	172.0	1671.8
82.71889	1847.0	1698.3	148.7	1673.4
82.81915	1909.0	1735.0	174.0	1674.9
82.91943	1920.0	1784.9	135.1	1676.5
83.0197	2047.0	1850.7	196.3	1678.0
83.11996	2156.0	1933.1	222.9	1679.4
83.22024	2307.0	2029.9	277.1	1680.9
83.3205	2407.0	2133.9	273.1	1682.4
83.42078	2469.0	2231.0	238.0	1683.8
83.52105	2578.0	2301.8	276.2	1685.2
83.62132	2522.0	2308.3	213.7	1686.6
83.72159	2362.0	2222.2	139.8	1688.0
83.82185	2308.0	2108.8	199.2	1689.4
83.92213	2179.0	1981.1	197.9	1690.8
84.0224	2150.0	1865.3	284.7	1692.2
84.12267	2076.0	1783.2	292.8	1693.5
84.22294	1887.0	1733.6	153.4	1694.9
84.3232	1900.0	1707.0	193.0	1696.2
84.42348	1849.0	1694.0	155.0	1697.6
84.52375	1858.0	1687.8	170.2	1698.9
84.62402	1870.0	1685.0	185.0	1700.2
84.72429	1782.0	1683.9	98.1	1701.5
84.82455	1861.0	1683.9	177.1	1702.8
84.92483	1713.0	1684.6	28.4	1704.2
85.02509	1767.0	1685.9	81.1	1705.5
85.12537	1717.0	1687.6	29.4	1706.8
85.22564	1688.0	1689.5	-1.5	1708.1
85.3259	1680.0	1691.8	-11.8	1709.4
85.42618	1693.0	1694.2	-1.2	1710.7
85.52644	1811.0	1696.7	114.3	1712.0
85.62672	1820.0	1699.4	120.6	1713.3
85.72699	1719.0	1702.2	16.8	1714.7
85.82726	1715.0	1705.1	9.9	1716.0
85.92753	1768.0	1708.0	60.0	1717.4
86.02779	1775.0	1711.1	63.9	1718.7
86.12807	1776.0	1714.1	61.9	1720.1
86.22834	1778.0	1717.3	60.7	1721.5
86.32861	1731.0	1720.6	10.4	1722.9
86.42888	1716.0	1723.9	-7.9	1724.3
86.52914	1837.0	1727.2	109.8	1725.8
86.62942	1876.0	1730.5	145.5	1727.2
86.72968	1756.0	1733.9	22.1	1728.7
86.82996	1724.0	1737.3	-13.3	1730.3
86.93023	1772.0	1740.7	31.3	1731.8
87.03049	1772.0	1744.2	27.8	1733.4
87.13077	1789.0	1747.8	41.2	1735.1
87.23103	1877.0	1751.4	125.6	1736.7
87.33131	1816.0	1755.0	61.0	1738.4
87.43158	1862.0	1758.7	103.3	1740.2
87.53185	1802.0	1762.5	39.5	1742.0
87.63212	1832.0	1766.4	65.6	1743.8
87.73238	1834.0	1770.3	63.7	1745.7
87.83266	1817.0	1774.3	42.7	1747.6
87.93293	1763.0	1778.4	-15.4	1749.6
88.0332	1822.0	1782.7	39.3	1751.6
88.13347	1816.0	1787.1	28.9	1753.7
88.23373	1815.0	1791.8	23.2	1755.8
88.33401	1876.0	1796.7	79.3	1758.0
88.43428	1780.0	1801.9	-21.9	1760.3
88.53455	1779.0	1807.7	-28.7	1762.6
88.63482	1787.0	1814.2	-27.2	1765.0
88.73508	1753.0	1821.7	-68.7	1767.4
88.83536	2018.0	1830.9	187.1	1769.9
88.93562	1792.0	1842.2	-50.2	1772.5
89.0359	1921.0	1856.7	64.4	1775.2
89.13617	1878.0	1875.0	3.0	1777.9
89.23643	1933.0	1898.0	35.0	1780.7
89.33671	1978.0	1926.4	51.6	1783.6
89.43697	1923.0	1960.0	-37.0	1786.5
89.53725	1937.0	1998.2	-61.2	1789.6
89.63752	2020.0	2038.4	-18.4	1792.7
89.73779	1983.0	2076.8	-93.8	1795.9
89.83806	2091.0	2107.8	-16.8	1799.2
89.93832	2072.0	2123.7	-51.7	1802.6
90.0386	1995.0	2103.2	-108.2	1806.1
90.13887	2142.0	2063.7	78.3	1809.7
90.23914	1987.0	2022.0	-35.0	1813.4
90.33941	1960.0	1976.6	-16.6	1817.1
90.43967	1961.0	1938.3	22.7	1821.0
90.53995	1990.0	1912.2	77.8	1825.0
90.64021	1958.0	1897.1	60.9	1829.0
90.74049	1845.0	1889.8	-44.8	1833.2
90.84076	1902.0	1887.3	14.7	1837.5
90.94102	1919.0	1887.2	31.8	1841.9
91.0413	1819.0	1888.3	-69.3	1846.4
91.14156	1872.0	1890.3	-18.3	1851.0
91.24184	1844.0	1892.6	-48.6	1855.8
91.34211	1938.0	1895.3	42.7	1860.6
91.44238	1869.0	1898.2	-29.2	1865.5
91.54265	1890.0	1901.3	-11.3	1870.5
91.64291	1870.0	1904.5	-34.5	1875.6
91.74319	1937.0	1907.8	29.2	1880.8
91.84346	1904.0	1911.3	-7.3	1886.0
91.94373	1992.0	1914.9	77.1	1891.4
92.044	1943.0	1918.5	24.5	1896.7
92.14426	1935.0	1922.2	12.8	1902.2
92.24454	1944.0	1926.0	18.0	1907.6
92.34481	1945.0	1929.6	15.4	1913.1
92.44508	1880.0	1933.6	-53.6	1918.7
92.54535	1936.0	1937.6	-1.6	1924.3
92.64561	1998.0	1941.6	56.4	1929.9
92.74589	1931.0	1945.8	-14.8	1935.5
92.84615	1840.0	1950.0	-110.0	1941.2
92.94643	2082.0	1954.1	127.9	1946.8
93.0467	2073.0	1958.5	114.5	1952.5
93.14697	2048.0	1962.8	85.2	1958.1
93.24724	1963.0	1967.4	-4.4	1963.8
93.3475	1941.0	1972.1	-31.1	1969.4
93.44778	2014.0	1977.0	37.0	1975.0
93.54805	2036.0	1982.0	54.0	1980.5
93.64832	2030.0	1987.1	42.9	1986.1
93.74859	2053.0	1992.7	60.3	1991.6
93.84885	2042.0	1998.2	43.8	1997.0
93.94913	2031.0	2004.1	26.9	2002.4
94.0494	2011.0	2010.2	0.8	2007.8
94.14967	2012.0	2016.6	-4.6	2013.1
94.24994	2078.0	2023.5	54.5	2018.3
94.3502	2228.0	2030.9	197.1	2023.4
94.45048	2132.0	2038.8	93.2	2028.5
94.55075	2225.0	2047.7	177.3	2033.4
94.65102	2169.0	2057.8	111.2	2038.3
94.75129	2227.0	2069.4	157.6	2043.1
94.85155	2228.0	2083.3	144.7	2047.7
94.95183	2316.0	2100.2	215.8	2052.3
95.05209	2303.0	2121.4	181.6	2056.7
95.15237	2432.0	2148.1	283.9	2061.1
95.25264	2422.0	2182.2	239.8	2065.3
95.35291	2526.0	2225.4	300.6	2069.4
95.45318	2445.0	2279.3	165.7	2073.3
95.55344	2567.0	2345.5	221.5	2077.2
95.65372	2703.0	2424.3	278.7	2081.0
95.75399	2850.0	2515.2	334.8	2084.7
95.85426	2956.0	2615.4	340.6	2088.2
95.95453	2991.0	2719.9	271.1	2091.7
96.05479	3020.0	2819.9	200.1	2095.1
96.15507	2937.0	2903.1	33.9	2098.4
96.25534	2992.0	2957.5	34.5	2101.7
96.35561	3068.0	2925.1	142.9	2104.8
96.45588	3104.0	2812.5	291.5	2107.9
96.55614	2865.0	2686.7	178.3	2110.9
96.65642	2833.0	2558.7	274.3	2113.9
96.75668	2734.0	2425.4	308.6	2116.7
96.85696	2685.0	2316.5	368.5	2119.6
96.95723	2548.0	2240.5	307.5	2122.3
97.0575	2465.0	2193.0	272.0	2125.1
97.15777	2423.0	2165.5	257.5	2127.7
97.25803	2474.0	2150.8	323.2	2130.4
97.35831	2446.0	2142.8	303.2	2133.0
97.45858	2339.0	2138.6	200.4	2135.5
97.55885	2200.0	2136.5	63.5	2138.0
97.65912	2331.0	2135.8	195.2	2140.5
97.75938	2221.0	2136.1	84.9	2143.0
97.85966	2216.0	2137.0	79.0	2145.5
97.95993	2237.0	2138.5	98.5	2147.9
98.0602	2201.0	2140.3	60.7	2150.3
98.16047	2258.0	2142.5	115.5	2152.8
98.26073	2139.0	2145.0	-6.0	2155.2
98.36101	2219.0	2147.7	71.3	2157.6
98.46128	2097.0	2150.5	-53.5	2160.0
98.56155	2138.0	2153.5	-15.5	2162.4
98.66182	2119.0	2156.6	-37.6	2164.9
98.76208	2203.0	2159.9	43.1	2167.3
98.86236	2307.0	2163.2	143.8	2169.8
98.96262	2310.0	2166.6	143.4	2172.3
99.0629	2247.0	2170.1	76.9	2174.8
99.16317	2078.0	2173.6	-95.6	2177.3
99.26344	2270.0	2177.3	92.7	2179.9
99.36371	2162.0	2180.9	-18.9	2182.5
99.46397	2128.0	2184.7	-56.7	2185.1
99.56425	2162.0	2188.4	-26.4	2187.8
99.66452	2139.0	2192.3	-53.3	2190.5
99.76479	2246.0	2196.2	49.8	2193.2
99.86506	2229.0	2200.1	28.9	2195.9
99.96532	2175.0	2204.1	-29.1	2198.7
100.0656	2163.0	2208.2	-45.2	2201.5
100.1659	2170.0	2212.3	-42.3	2204.3
100.2661	2128.0	2216.5	-88.5	2207.2
100.3664	2152.0	2220.8	-68.8	2210.0
100.4667	2246.0	2225.2	20.8	2212.9
100.5669	2221.0	2229.6	-8.6	2215.8
100.6672	2081.0	2234.2	-153.2	2218.7
100.7675	2205.0	2239.0	-34.0	2221.6
100.8678	2249.0	2243.9	5.1	2224.6
100.968	2368.0	2249.2	118.8	2227.6
101.0683	2216.0	2254.7	-38.7	2230.5
101.1686	2186.0	2260.7	-74.7	2233.5
101.2688	2166.0	2267.3	-101.3	2236.5
101.3691	2250.0	2274.5	-24.5	2239.5
101.4694	2182.0	2282.7	-100.7	2242.5
101.5696	2193.0	2292.0	-99.0	2245.6
101.6699	2246.0	2302.5	-56.5	2248.6
101.7702	2166.0	2314.5	-148.5	2251.6
101.8705	2199.0	2328.0	-129.0	2254.7
101.9707	2251.0	2343.2	-92.2	2257.7
102.071	2389.0	2360.0	29.0	2260.8
102.1713	2270.0	2378.2	-108.2	2263.8
102.2715	2274.0	2397.2	-123.2	2266.9
102.3718	2410.0	2416.4	-6.4	2269.9
102.4721	2499.0	2434.4	64.6	2273.0
102.5723	2322.0	2450.0	-128.0	2276.0
102.6726	2381.0	2461.6	-80.6	2279.0
102.7729	2250.0	2461.1	-211.1	2282.1
102.8732	2317.0	2446.5	-129.5	2285.1
102.9734	2365.0	2428.9	-63.9	2288.1
103.0737	2358.0	2413.0	-55.0	2291.1
103.174	2307.0	2395.0	-88.0	2294.1
103.2742	2313.0	2378.6	-65.6	2297.1
103.3745	2324.0	2366.4	-42.4	2300.1
103.4748	2360.0	2359.0	1.0	2303.0
103.5751	2416.0	2355.5	60.5	2306.0
103.6753	2339.0	2354.9	-15.9	2308.9
103.7756	2345.0	2355.9	-10.9	2311.8
103.8759	2349.0	2358.0	-9.0	2314.7
103.9761	2325.0	2360.7	-35.7	2317.6
104.0764	2420.0	2363.7	56.3	2320.5
104.1767	2350.0	2367.0	-17.0	2323.3
104.2769	2369.0	2370.5	-1.5	2326.1
104.3772	2360.0	2374.1	-14.1	2328.9
104.4775	2369.0	2377.7	-8.7	2331.7
104.5777	2370.0	2381.5	-11.5	2334.4
104.678	2362.0	2385.4	-23.4	2337.2
104.7783	2315.0	2389.3	-74.3	2339.9
104.8786	2295.0	2393.3	-98.3	2342.5
104.9788	2373.0	2397.3	-24.3	2345.2
105.0791	2407.0	2401.4	5.6	2347.8
105.1794	2363.0	2405.5	-42.5	2350.3
105.2796	2377.0	2409.6	-32.6	2352.9
105.3799	2417.0	2413.8	3.2	2355.4
105.4802	2411.0	2418.0	-7.0	2357.9
105.5804	2478.0	2422.1	55.9	2360.4
105.6807	2514.0	2426.4	87.6	2362.9
105.781	2376.0	2430.8	-54.8	2365.3
105.8813	2439.0	2435.2	3.8	2367.8
105.9815	2430.0	2439.6	-9.6	2370.2
106.0818	2412.0	2444.1	-32.1	2372.6
106.1821	2483.0	2448.7	34.3	2375.0
106.2823	2427.0	2453.3	-26.3	2377.4
106.3826	2393.0	2457.9	-64.9	2379.8
106.4829	2312.0	2462.7	-150.7	2382.1
106.5831	2385.0	2467.5	-82.5	2384.5
106.6834	2485.0	2472.4	12.6	2386.9
106.7837	2381.0	2477.5	-96.5	2389.2
106.884	2421.0	2482.6	-61.6	2391.6
106.9842	2454.0	2488.0	-34.0	2394.0
107.0845	2521.0	2493.5	27.5	2396.3
107.1848	2417.0	2499.2	-82.2	2398.7
107.285	2421.0	2505.1	-84.1	2401.1
107.3853	2466.0	2511.5	-45.5	2403.4
107.4856	2517.0	2518.4	-1.4	2405.8
107.5858	2427.0	2525.8	-98.8	2408.2
107.6861	2418.0	2533.9	-115.9	2410.6
107.7864	2482.0	2542.8	-60.8	2413.1
107.8867	2377.0	2552.6	-175.6	2415.5
107.9869	2483.0	2563.5	-80.5	2418.0
108.0872	2470.0	2575.6	-105.6	2420.4
108.1875	2516.0	2589.1	-73.1	2422.9
108.2877	2636.0	2604.1	31.9	2425.4
108.388	2609.0	2620.5	-11.5	2428.0
108.4883	2524.0	2638.5	-114.5	2430.5
108.5885	2604.0	2657.9	-53.9	2433.1
108.6888	2674.0	2678.3	-4.3	2435.7
108.7891	2835.0	2699.6	135.4	2438.3
108.8894	2903.0	2721.0	182.0	2441.0
108.9896	3002.0	2741.3	260.7	2443.7
109.0899	3069.0	2759.9	309.1	2446.4
109.1902	3077.0	2775.3	301.7	2449.2
109.2904	3207.0	2786.0	421.0	2452.0
109.3907	3097.0	2778.2	318.8	2454.9
109.491	2932.0	2756.8	175.2	2457.7
109.5912	3029.0	2733.9	295.1	2460.6
109.6915	2796.0	2714.7	81.3	2463.6
109.7918	2805.0	2693.3	111.7	2466.6
109.8921	2838.0	2671.5	166.5	2469.7
109.9923	2627.0	2653.9	-26.9	2472.8
110.0926	2604.0	2641.9	-37.9	2475.9
110.1929	2628.0	2634.7	-6.7	2479.1
110.2931	2645.0	2631.4	13.6	2482.3
110.3934	2738.0	2630.7	107.3	2485.6
110.4937	2610.0	2631.6	-21.6	2489.0
110.5939	2500.0	2633.5	-133.5	2492.4
110.6942	2583.0	2636.1	-53.1	2495.9
110.7945	2609.0	2639.1	-30.1	2499.4
110.8948	2693.0	2642.3	50.7	2503.0
110.995	2479.0	2645.8	-166.8	2506.6
111.0953	2465.0	2649.4	-184.4	2510.3
111.1956	2548.0	2653.2	-105.2	2514.1
111.2958	2557.0	2657.1	-100.1	2517.9
111.3961	2631.0	2661.0	-30.0	2521.8
111.4964	2547.0	2665.1	-118.1	2525.8
111.5966	2526.0	2669.2	-143.2	2529.7
111.6969	2492.0	2673.3	-181.3	2533.8
111.7972	2563.0	2677.5	-114.5	2537.9
111.8975	2641.0	2681.8	-40.8	2542.0
111.9977	2597.0	2686.1	-89.1	2546.2
112.098	2553.0	2690.4	-137.4	2550.3
112.1983	2539.0	2694.8	-155.8	2554.6
112.2985	2547.0	2699.2	-152.2	2558.8
112.3988	2604.0	2703.7	-99.7	2563.1
112.4991	2564.0	2708.2	-144.2	2567.4
112.5993	2544.0	2712.7	-168.7	2571.7
112.6996	2637.0	2717.3	-80.3	2576.0
112.7999	2622.0	2721.9	-99.9	2580.3
112.9002	2491.0	2726.6	-235.6	2584.6
113.0004	2674.0	2731.3	-57.3	2588.9
113.1007	2593.0	2736.0	-143.0	2593.2
113.201	2528.0	2740.9	-212.9	2597.5
113.3012	2506.0	2745.8	-239.8	2601.8
113.4015	2497.0	2750.8	-253.8	2606.1
113.5018	2607.0	2755.8	-148.8	2610.3
113.6021	2638.0	2761.0	-123.0	2614.6
113.7023	2654.0	2766.3	-112.3	2618.8
113.8026	2607.0	2771.7	-164.7	2623.0
113.9029	2649.0	2777.3	-128.3	2627.1
114.0031	2631.0	2783.1	-152.1	2631.2
114.1034	2761.0	2789.1	-28.1	2635.3
114.2037	2752.0	2795.4	-43.4	2639.3
114.3039	2697.0	2801.9	-104.9	2643.3
114.4042	2722.0	2808.8	-86.8	2647.2
114.5045	2747.0	2816.0	-69.0	2651.1
114.6047	2848.0	2823.7	24.4	2654.9
114.705	2741.0	2831.7	-90.7	2658.6
114.8053	2727.0	2840.2	-113.2	2662.3
114.9056	2726.0	2849.3	-123.3	2665.9
115.0058	2791.0	2858.8	-67.8	2669.4
115.1061	2823.0	2868.9	-45.9	2672.9
115.2064	2889.0	2879.3	9.7	2676.3
115.3066	2739.0	2890.3	-151.3	2679.5
115.4069	2728.0	2901.8	-173.8	2682.8
115.5072	2770.0	2913.5	-143.5	2685.9
115.6074	2736.0	2925.4	-189.4	2688.9
115.7077	2787.0	2937.1	-150.1	2691.8
115.808	2771.0	2948.4	-177.4	2694.6
115.9083	2762.0	2958.9	-196.9	2697.3
116.0085	2803.0	2968.3	-165.3	2699.9
116.1088	2862.0	2976.4	-114.4	2702.4
116.2091	2765.0	2979.7	-214.7	2704.8
116.3093	2697.0	2973.6	-276.6	2707.0
116.4096	2823.0	2964.0	-141.0	2709.1
116.5099	2764.0	2955.4	-191.4	2711.1
116.6101	2722.0	2949.1	-227.1	2713.0
116.7104	2802.0	2941.8	-139.8	2714.7
116.8107	2689.0	2933.6	-244.6	2716.3
116.911	2630.0	2927.0	-297.0	2717.7
117.0112	2808.0	2922.6	-114.6	2719.0
117.1115	2699.0	2920.7	-221.7	2720.2
117.2118	2880.0	2920.7	-40.7	2721.2
117.312	2832.0	2922.1	-90.1	2722.1
117.4123	2735.0	2924.4	-189.4	2722.8
117.5126	2719.0	2927.3	-208.3	2723.5
117.6128	2902.0	2930.7	-28.7	2724.0
117.7131	2863.0	2934.3	-71.3	2724.4
117.8134	2924.0	2938.0	-14.0	2724.7
117.9137	2798.0	2942.0	-144.0	2724.9
118.0139	2846.0	2946.0	-100.0	2725.1
118.1142	2750.0	2950.1	-200.1	2725.1
118.2145	2918.0	2954.3	-36.3	2725.0
118.3147	2859.0	2958.5	-99.5	2724.9
118.415	2851.0	2962.8	-111.8	2724.7
118.5153	2880.0	2967.1	-87.1	2724.4
118.6155	2872.0	2971.4	-99.4	2724.1
118.7158	2907.0	2975.8	-68.8	2723.7
118.8161	2897.0	2980.2	-83.2	2723.2
118.9164	2872.0	2984.6	-112.6	2722.7
119.0166	2865.0	2989.0	-124.0	2722.2
119.1169	2851.0	2993.5	-142.5	2721.6
119.2172	2895.0	2997.9	-102.9	2721.0
119.3174	2922.0	3002.4	-80.4	2720.4
119.4177	2944.0	3006.9	-62.9	2719.7
119.518	2875.0	3011.4	-136.4	2719.1
119.6182	2953.0	3015.9	-62.9	2718.4
119.7185	2996.0	3020.4	-24.4	2717.7
