0475_HM_La2PdAu2
Wavelength = 1.54059Ċ, !10.05°/129.773°/0.10027°/1(s), I(p)=7190.0/856.0, Cu(45kV,40mA), Monday, December 08, 2025, 12:07 PM
Angle	I(o)	I(c)	I(d)	I(b)
10.05013	1150.0	1299.1	-149.1	1170.2
10.1504	1271.0	1296.2	-25.2	1168.8
10.25067	1128.0	1293.4	-165.4	1167.4
10.35094	1148.0	1290.5	-142.5	1166.0
10.45121	1208.0	1287.7	-79.7	1164.6
10.55148	1201.0	1284.9	-83.9	1163.2
10.65175	1209.0	1282.1	-73.1	1161.7
10.75202	1123.0	1279.4	-156.4	1160.2
10.85229	1150.0	1276.6	-126.6	1158.6
10.95256	1151.0	1273.9	-122.9	1157.0
11.05283	1176.0	1271.2	-95.2	1155.3
11.1531	1189.0	1268.5	-79.5	1153.6
11.25337	1215.0	1265.8	-50.8	1151.8
11.35364	1162.0	1263.1	-101.1	1150.0
11.45391	1190.0	1260.5	-70.5	1148.0
11.55418	1044.0	1257.9	-213.9	1146.0
11.65445	1188.0	1255.3	-67.3	1143.9
11.75472	1200.0	1252.7	-52.7	1141.7
11.85499	1126.0	1250.1	-124.1	1139.5
11.95526	1117.0	1247.6	-130.6	1137.2
12.05553	1222.0	1245.0	-23.0	1134.8
12.1558	1078.0	1242.5	-164.5	1132.4
12.25607	1142.0	1240.0	-98.0	1129.9
12.35634	1199.0	1237.5	-38.5	1127.4
12.45661	1153.0	1235.1	-82.1	1124.9
12.55688	1164.0	1232.6	-68.6	1122.4
12.65715	1164.0	1230.2	-66.2	1119.8
12.75742	1148.0	1227.8	-79.8	1117.3
12.85769	1146.0	1225.4	-79.4	1114.8
12.95796	1137.0	1223.1	-86.1	1112.3
13.05823	1165.0	1220.7	-55.7	1109.9
13.1585	1194.0	1218.4	-24.4	1107.4
13.25877	1197.0	1216.1	-19.1	1105.1
13.35904	1178.0	1213.8	-35.8	1102.8
13.45931	1153.0	1211.5	-58.5	1100.5
13.55958	1145.0	1209.2	-64.2	1098.3
13.65985	1055.0	1207.0	-152.0	1096.2
13.76012	1095.0	1204.8	-109.8	1094.2
13.86039	1087.0	1202.6	-115.6	1092.3
13.96066	1206.0	1200.4	5.6	1090.5
14.06093	1194.0	1198.2	-4.2	1088.7
14.1612	1168.0	1196.0	-28.0	1087.1
14.26147	1121.0	1193.9	-72.9	1085.5
14.36174	1090.0	1191.8	-101.8	1084.0
14.46201	1091.0	1189.8	-98.8	1082.5
14.56228	1132.0	1187.7	-55.7	1081.2
14.66255	1098.0	1185.7	-87.7	1079.9
14.76282	1138.0	1183.6	-45.6	1078.7
14.86309	1133.0	1181.6	-48.6	1077.5
14.96336	1090.0	1179.6	-89.6	1076.4
15.06363	1199.0	1177.6	21.4	1075.4
15.1639	1107.0	1175.7	-68.7	1074.4
15.26417	1125.0	1173.7	-48.7	1073.5
15.36444	1116.0	1171.8	-55.8	1072.6
15.46471	1195.0	1169.9	25.1	1071.8
15.56498	1239.0	1168.0	71.0	1071.1
15.66525	1281.0	1166.2	114.8	1070.4
15.76552	1346.0	1164.4	181.6	1069.7
15.86579	1273.0	1162.9	110.1	1069.1
15.96606	1237.0	1162.0	75.0	1068.5
16.06633	1221.0	1162.7	58.3	1068.0
16.1666	1213.0	1163.7	49.3	1067.5
16.26687	1174.0	1157.5	16.5	1067.0
16.36714	1136.0	1154.4	-18.4	1066.6
16.46741	1156.0	1152.5	3.5	1066.2
16.56768	1130.0	1150.8	-20.8	1065.9
16.66795	1096.0	1149.2	-53.2	1065.5
16.76822	1105.0	1147.7	-42.7	1065.2
16.86849	1087.0	1146.2	-59.2	1064.9
16.96876	1122.0	1144.7	-22.7	1064.6
17.06903	1063.0	1143.4	-80.4	1064.4
17.1693	1117.0	1142.1	-25.1	1064.1
17.26957	1098.0	1141.0	-43.0	1063.9
17.36984	1073.0	1140.1	-67.1	1063.7
17.47011	1075.0	1139.7	-64.7	1063.5
17.57038	1072.0	1140.1	-68.1	1063.3
17.67065	1152.0	1142.5	9.5	1063.1
17.77092	1048.0	1153.2	-105.2	1062.9
17.87119	1098.0	1191.1	-93.1	1062.7
17.97146	1055.0	1233.1	-178.1	1062.5
18.07173	1118.0	1164.9	-46.9	1062.3
18.172	1037.0	1136.5	-99.5	1062.1
18.27227	1048.0	1130.8	-82.8	1061.9
18.37254	1072.0	1128.3	-56.3	1061.7
18.47281	1093.0	1126.9	-33.9	1061.5
18.57308	1062.0	1126.2	-64.2	1061.2
18.67335	1096.0	1126.1	-30.1	1060.9
18.77362	1097.0	1126.8	-29.8	1060.7
18.87389	1048.0	1128.6	-80.6	1060.4
18.97416	1027.0	1132.3	-105.3	1060.0
19.07443	1086.0	1139.7	-53.7	1059.7
19.1747	1038.0	1155.2	-117.2	1059.3
19.27497	1080.0	1195.9	-115.9	1058.9
19.37524	1041.0	1319.6	-278.6	1058.4
19.47551	1122.0	1553.9	-431.9	1057.9
19.57578	1049.0	1411.8	-362.8	1057.4
19.67605	1012.0	1186.8	-174.8	1056.8
19.77632	1039.0	1136.7	-97.7	1056.2
19.87659	1116.0	1121.1	-5.1	1055.6
19.97686	1077.0	1113.7	-36.7	1054.9
20.07713	1045.0	1109.3	-64.3	1054.2
20.1774	1036.0	1106.3	-70.3	1053.4
20.27767	1051.0	1104.5	-53.5	1052.6
20.37794	1059.0	1102.7	-43.7	1051.8
20.47821	1044.0	1101.2	-57.2	1050.9
20.57848	1115.0	1100.0	15.0	1050.0
20.67875	1152.0	1098.9	53.1	1049.0
20.77902	1040.0	1098.3	-58.3	1048.1
20.87929	998.0	1097.5	-99.5	1047.1
20.97956	1010.0	1096.8	-86.8	1046.0
21.07983	1064.0	1096.3	-32.3	1044.9
21.1801	1025.0	1095.9	-70.9	1043.8
21.28037	1083.0	1095.7	-12.7	1042.7
21.38064	1111.0	1095.7	15.3	1041.5
21.48091	1119.0	1096.0	23.0	1040.3
21.58118	1080.0	1096.7	-16.7	1039.1
21.68145	1109.0	1098.2	10.8	1037.8
21.78172	1179.0	1100.5	78.5	1036.6
21.88199	1120.0	1104.2	15.8	1035.2
21.98226	1344.0	1110.3	233.7	1033.9
22.08253	1447.0	1120.8	326.2	1032.6
22.1828	1724.0	1140.2	583.8	1031.2
22.28307	2173.0	1179.6	993.4	1029.8
22.38334	2914.0	1269.8	1644.2	1028.3
22.48361	3372.0	1463.7	1908.3	1026.9
22.58388	3628.0	1528.0	2100.0	1025.4
22.68415	3558.0	1264.3	2293.7	1023.9
22.78442	2844.0	1151.6	1692.4	1022.4
22.88469	2266.0	1115.8	1150.2	1020.9
22.98496	1844.0	1101.3	742.7	1019.4
23.08523	1594.0	1094.2	499.8	1017.8
23.1855	1408.0	1090.7	317.3	1016.2
23.28577	1229.0	1089.4	139.6	1014.6
23.38604	1124.0	1090.2	33.8	1013.0
23.48631	1119.0	1094.1	24.9	1011.4
23.58658	1023.0	1104.3	-81.3	1009.7
23.68685	1067.0	1128.9	-61.9	1008.1
23.78712	1064.0	1165.8	-101.8	1006.4
23.88739	1100.0	1140.7	-40.7	1004.7
23.98766	1096.0	1099.2	-3.2	1003.1
24.08793	1025.0	1085.0	-60.0	1001.4
24.1882	1133.0	1079.6	53.4	999.7
24.28848	1105.0	1077.0	28.0	997.9
24.38874	1026.0	1075.4	-49.4	996.2
24.48901	1037.0	1074.3	-37.3	994.5
24.58928	1020.0	1073.7	-53.7	992.7
24.68955	1081.0	1073.1	7.9	991.0
24.78982	1005.0	1072.7	-67.7	989.3
24.89009	1016.0	1072.4	-56.4	987.5
24.99036	1005.0	1072.2	-67.2	985.8
25.09063	941.0	1072.0	-131.0	984.0
25.1909	1025.0	1071.9	-46.9	982.2
25.29117	1018.0	1071.9	-53.9	980.5
25.39144	984.0	1072.0	-88.0	978.7
25.49171	941.0	1072.2	-131.2	977.0
25.59198	1042.0	1072.5	-30.5	975.2
25.69226	946.0	1072.8	-126.8	973.5
25.79252	968.0	1073.2	-105.2	971.8
25.89279	1041.0	1073.8	-32.8	970.1
25.99306	991.0	1074.9	-83.9	968.4
26.09333	995.0	1076.1	-81.1	966.8
26.1936	950.0	1077.7	-127.7	965.2
26.29387	994.0	1079.8	-85.8	963.6
26.39414	1008.0	1082.8	-74.8	962.0
26.49441	1068.0	1087.0	-19.0	960.5
26.59468	956.0	1093.3	-137.3	959.0
26.69495	1038.0	1103.4	-65.4	957.6
26.79523	1059.0	1120.3	-61.3	956.2
26.89549	1056.0	1151.9	-95.9	954.9
26.99576	1163.0	1214.8	-51.8	953.6
27.09604	1246.0	1325.5	-79.5	952.3
27.1963	1224.0	1375.7	-151.7	951.1
27.29657	1303.0	1240.0	63.0	950.0
27.39684	1330.0	1146.1	183.9	948.9
27.49711	1379.0	1112.1	266.9	947.9
27.59738	1261.0	1098.5	162.5	947.0
27.69765	1236.0	1092.7	143.3	946.1
27.79792	1213.0	1090.5	122.5	945.4
27.89819	1239.0	1090.6	148.4	944.6
27.99846	1285.0	1092.6	192.4	944.0
28.09873	1301.0	1096.8	204.2	943.5
28.19901	1177.0	1104.4	72.6	943.0
28.29927	1084.0	1118.1	-34.1	942.6
28.39954	1055.0	1144.1	-89.1	942.3
28.49981	1070.0	1192.4	-122.4	942.1
28.60008	1060.0	1248.0	-188.0	942.1
28.70035	1049.0	1222.2	-173.2	942.1
28.80062	1052.0	1152.9	-100.9	942.2
28.90089	982.0	1118.5	-136.5	942.4
29.00116	1020.0	1105.7	-85.7	942.7
29.10143	987.0	1100.9	-113.9	943.1
29.2017	1046.0	1099.6	-53.6	943.7
29.30198	1051.0	1100.2	-49.2	944.4
29.40224	1146.0	1102.2	43.8	945.1
29.50251	1135.0	1105.2	29.8	946.0
29.60279	1121.0	1109.5	11.5	947.1
29.70305	982.0	1115.4	-133.4	948.2
29.80332	1096.0	1123.4	-27.4	949.5
29.90359	1134.0	1135.3	-1.3	951.0
30.00386	1118.0	1152.8	-34.8	952.5
30.10413	1150.0	1181.0	-31.0	954.2
30.2044	1215.0	1229.9	-14.9	956.1
30.30467	1080.0	1318.1	-238.1	958.1
30.40494	1152.0	1452.5	-300.5	960.2
30.50521	1064.0	1517.5	-453.5	962.5
30.60548	1095.0	1375.4	-280.4	965.0
30.70576	1008.0	1245.6	-237.6	967.6
30.80602	1010.0	1192.6	-182.6	970.4
30.90629	999.0	1173.1	-174.1	973.3
31.00657	896.0	1167.4	-271.4	976.4
31.10683	1036.0	1168.9	-132.9	979.7
31.2071	995.0	1175.2	-180.2	983.1
31.30737	1089.0	1185.6	-96.6	986.7
31.40764	1165.0	1200.3	-35.3	990.5
31.50791	1203.0	1220.2	-17.2	994.4
31.60818	1371.0	1247.0	124.0	998.4
31.70845	1361.0	1284.1	76.9	1002.5
31.80872	1357.0	1336.7	20.3	1006.8
31.90899	1329.0	1414.4	-85.4	1011.2
32.00927	1485.0	1535.4	-50.4	1015.8
32.10954	1661.0	1734.9	-73.9	1020.4
32.2098	2066.0	2080.1	-14.0	1025.1
32.31007	2580.0	2657.4	-77.4	1029.9
32.41034	3121.0	3327.1	-206.1	1034.8
32.51061	3665.0	3287.2	377.8	1039.8
32.61089	3717.0	2550.3	1166.7	1044.9
32.71115	2829.0	2109.6	719.4	1050.0
32.81142	2067.0	1989.4	77.6	1055.2
32.91169	1811.0	1839.1	-28.1	1060.5
33.01196	1479.0	1635.1	-156.1	1065.8
33.11224	1389.0	1534.8	-145.8	1071.1
33.21251	1343.0	1531.6	-188.6	1076.5
33.31277	1403.0	1602.1	-199.1	1081.9
33.41304	1491.0	1761.0	-270.0	1087.3
33.51331	1687.0	2057.3	-370.3	1092.8
33.61358	1820.0	2539.7	-719.7	1098.3
33.71386	2080.0	3025.0	-945.0	1103.7
33.81413	1941.0	2858.8	-917.8	1109.2
33.91439	1956.0	2186.7	-230.7	1114.7
34.01466	1760.0	1729.0	31.0	1120.1
34.11493	1591.0	1521.6	69.4	1125.6
34.21521	1431.0	1430.4	0.6	1131.0
34.31548	1375.0	1395.4	-20.4	1136.4
34.41574	1348.0	1394.4	-46.4	1141.7
34.51601	1368.0	1421.6	-53.6	1147.0
34.61628	1386.0	1480.2	-94.2	1152.3
34.71655	1590.0	1583.8	6.2	1157.4
34.81683	1737.0	1760.2	-23.2	1162.6
34.9171	2019.0	2056.9	-37.9	1167.6
35.01736	2430.0	2510.3	-80.3	1172.6
35.11763	2705.0	2991.6	-286.6	1177.5
35.2179	2916.0	3097.7	-181.7	1182.3
35.31818	2773.0	2834.8	-61.8	1187.1
35.41845	2445.0	2316.5	128.5	1191.7
35.51871	2132.0	1822.3	309.7	1196.2
35.61898	1826.0	1537.8	288.2	1200.6
35.71925	1616.0	1392.7	223.3	1204.9
35.81952	1414.0	1313.4	100.6	1209.0
35.9198	1379.0	1266.6	112.4	1213.0
36.02007	1324.0	1237.4	86.6	1216.9
36.12033	1284.0	1218.7	65.3	1220.7
36.2206	1232.0	1207.0	25.0	1224.2
36.32087	1337.0	1200.9	136.1	1227.7
36.42115	1308.0	1199.6	108.4	1230.9
36.52142	1180.0	1201.1	-21.1	1234.0
36.62169	1189.0	1198.7	-9.7	1237.0
36.72195	1210.0	1188.9	21.1	1239.7
36.82222	1207.0	1179.5	27.5	1242.3
36.92249	1211.0	1174.4	36.6	1244.7
37.02277	1221.0	1172.3	48.7	1246.9
37.12304	1256.0	1172.1	83.9	1249.0
37.2233	1342.0	1173.6	168.4	1250.9
37.32357	1335.0	1176.1	158.9	1252.7
37.42384	1305.0	1177.8	127.2	1254.3
37.52411	1328.0	1177.2	150.8	1255.7
37.62439	1337.0	1176.5	160.5	1257.0
37.72466	1398.0	1177.4	220.6	1258.1
37.82492	1424.0	1179.6	244.4	1259.1
37.92519	1587.0	1183.3	403.7	1259.9
38.02546	1651.0	1188.5	462.5	1260.6
38.12574	1791.0	1195.5	595.5	1261.2
38.22601	2047.0	1204.7	842.3	1261.6
38.32627	2274.0	1217.8	1056.2	1261.9
38.42654	2467.0	1236.5	1230.5	1262.0
38.52681	2498.0	1264.6	1233.4	1262.1
38.62708	2642.0	1307.3	1334.7	1261.9
38.72736	2547.0	1369.0	1178.0	1261.7
38.82763	2377.0	1438.7	938.3	1261.3
38.92789	2420.0	1474.8	945.2	1260.9
39.02816	2417.0	1448.8	968.2	1260.2
39.12843	2422.0	1409.2	1012.8	1259.5
39.22871	2614.0	1369.2	1244.8	1258.7
39.32898	2567.0	1314.8	1252.2	1257.7
39.42924	2738.0	1267.9	1470.1	1256.6
39.52951	2721.0	1240.7	1480.3	1255.5
39.62978	2760.0	1226.8	1533.2	1254.2
39.73005	2777.0	1219.9	1557.1	1252.8
39.83033	2775.0	1215.8	1559.2	1251.3
39.9306	2808.0	1211.6	1596.4	1249.7
40.03086	2782.0	1208.2	1573.8	1248.0
40.13113	3006.0	1206.5	1799.5	1246.3
40.2314	3215.0	1206.0	2009.0	1244.4
40.33168	3468.0	1206.3	2261.7	1242.4
40.43195	3713.0	1207.3	2505.7	1240.4
40.53222	3706.0	1208.2	2497.8	1238.2
40.63248	3459.0	1209.6	2249.4	1236.0
40.73275	2996.0	1211.6	1784.4	1233.7
40.83302	2724.0	1213.7	1510.3	1231.3
40.9333	2478.0	1216.1	1261.9	1228.9
41.03357	2189.0	1218.7	970.3	1226.4
41.13383	1927.0	1221.7	705.3	1223.8
41.2341	1728.0	1225.2	502.8	1221.1
41.33437	1601.0	1229.2	371.8	1218.4
41.43464	1607.0	1234.1	372.9	1215.6
41.53492	1468.0	1239.8	228.2	1212.7
41.63519	1531.0	1247.0	284.0	1209.8
41.73545	1520.0	1256.5	263.5	1206.8
41.83572	1482.0	1269.1	212.9	1203.8
41.93599	1380.0	1286.6	93.4	1200.7
42.03627	1425.0	1310.2	114.8	1197.6
42.13654	1382.0	1337.5	44.5	1194.4
42.2368	1389.0	1358.9	30.1	1191.1
42.33707	1417.0	1360.8	56.2	1187.9
42.43734	1430.0	1350.3	79.7	1184.6
42.53761	1375.0	1338.3	36.7	1181.2
42.63789	1314.0	1334.3	-20.3	1177.8
42.73816	1188.0	1341.0	-153.0	1174.4
42.83842	1230.0	1353.3	-123.3	1170.9
42.93869	1153.0	1357.9	-204.9	1167.4
43.03896	1159.0	1345.0	-186.0	1163.9
43.13924	1159.0	1325.7	-166.7	1160.4
43.23951	1151.0	1309.6	-158.6	1156.8
43.33978	1167.0	1297.7	-130.7	1153.3
43.44004	1202.0	1289.9	-87.9	1149.7
43.54031	1244.0	1285.9	-41.9	1146.0
43.64058	1292.0	1284.8	7.2	1142.4
43.74086	1287.0	1285.4	1.6	1138.8
43.84113	1377.0	1287.1	89.9	1135.1
43.94139	1410.0	1289.5	120.5	1131.4
44.04166	1352.0	1292.9	59.1	1127.7
44.14193	1349.0	1297.2	51.8	1124.0
44.24221	1397.0	1302.0	95.0	1120.3
44.34248	1404.0	1308.3	95.7	1116.6
44.44275	1292.0	1315.8	-23.8	1112.9
44.54301	1374.0	1325.4	48.6	1109.2
44.64328	1363.0	1338.1	24.9	1105.5
44.74355	1489.0	1354.8	134.2	1101.8
44.84383	1624.0	1376.1	247.9	1098.0
44.9441	1844.0	1400.9	443.1	1094.3
45.04436	1999.0	1423.4	575.6	1090.6
45.14463	2359.0	1435.2	923.8	1086.9
45.2449	2690.0	1441.2	1248.8	1083.2
45.34518	3136.0	1451.1	1684.9	1079.5
45.44545	3708.0	1464.5	2243.5	1075.8
45.54572	4281.0	1469.6	2811.4	1072.1
45.64598	4858.0	1461.7	3396.3	1068.4
45.74625	5758.0	1454.4	4303.6	1064.8
45.84652	6126.0	1460.3	4665.7	1061.1
45.9468	6882.0	1482.0	5400.0	1057.5
46.04707	7190.0	1516.0	5674.0	1053.9
46.14734	7040.0	1550.9	5489.1	1050.3
46.2476	6278.0	1567.5	4710.5	1046.7
46.34787	5388.0	1545.6	3842.4	1043.1
46.44814	4425.0	1501.5	2923.5	1039.6
46.54842	3879.0	1461.4	2417.6	1036.1
46.64869	3601.0	1436.9	2164.1	1032.6
46.74895	3434.0	1426.3	2007.7	1029.1
46.84922	3083.0	1426.0	1657.0	1025.7
46.94949	2987.0	1434.2	1552.8	1022.3
47.04977	2670.0	1449.0	1221.0	1018.9
47.15004	2363.0	1467.4	895.6	1015.5
47.25031	2236.0	1481.0	755.0	1012.2
47.35057	1965.0	1478.8	486.2	1008.9
47.45084	1731.0	1461.4	269.6	1005.7
47.55111	1634.0	1441.1	192.9	1002.5
47.65139	1493.0	1426.8	66.2	999.3
47.75166	1442.0	1419.9	22.1	996.2
47.85192	1369.0	1418.2	-49.2	993.1
47.95219	1337.0	1420.5	-83.5	990.0
48.05246	1357.0	1426.4	-69.4	987.0
48.15274	1346.0	1435.6	-89.6	984.0
48.25301	1432.0	1447.7	-15.7	981.1
48.35328	1421.0	1461.9	-40.9	978.2
48.45354	1393.0	1476.6	-83.6	975.4
48.55381	1490.0	1491.3	-1.3	972.6
48.65408	1527.0	1509.2	17.8	969.9
48.75436	1669.0	1531.8	137.2	967.2
48.85463	1717.0	1555.3	161.7	964.6
48.9549	1786.0	1569.2	216.8	962.1
49.05516	2059.0	1561.3	497.7	959.5
49.15543	2271.0	1537.0	734.0	957.1
49.25571	2490.0	1510.0	980.0	954.7
49.35598	2723.0	1489.8	1233.2	952.4
49.45625	2866.0	1478.2	1387.8	950.1
49.55651	2929.0	1473.2	1455.8	947.9
49.65678	2737.0	1472.5	1264.5	945.8
49.75705	2428.0	1473.5	954.5	943.7
49.85733	1962.0	1473.6	488.4	941.7
49.9576	1647.0	1472.1	174.9	939.8
50.05787	1373.0	1471.0	-98.0	937.9
50.15813	1185.0	1471.1	-286.1	936.1
50.2584	1171.0	1472.0	-301.0	934.4
50.35867	1025.0	1472.2	-447.2	932.7
50.45895	991.0	1471.5	-480.5	931.1
50.55922	942.0	1470.9	-528.9	929.7
50.65948	895.0	1471.1	-576.1	928.2
50.75975	904.0	1472.4	-568.4	926.9
50.86002	963.0	1474.5	-511.5	925.6
50.9603	925.0	1477.7	-552.7	924.5
51.06057	935.0	1481.3	-546.3	923.4
51.16084	935.0	1485.6	-550.6	922.4
51.2611	973.0	1490.7	-517.6	921.5
51.36137	950.0	1496.5	-546.5	920.7
51.46164	1004.0	1503.1	-499.1	920.0
51.56192	973.0	1510.6	-537.6	919.4
51.66219	1037.0	1517.6	-480.6	918.9
51.76245	1002.0	1523.5	-521.5	918.5
51.86272	1011.0	1527.0	-516.0	918.2
51.96299	985.0	1528.2	-543.2	918.0
52.06327	1015.0	1528.4	-513.4	917.9
52.16354	998.0	1529.0	-531.0	918.0
52.26381	1031.0	1531.4	-500.4	918.1
52.36407	1003.0	1535.2	-532.2	918.4
52.46434	1056.0	1540.1	-484.1	918.9
52.56461	1018.0	1546.6	-528.6	919.4
52.66489	1111.0	1554.3	-443.3	920.1
52.76516	1089.0	1563.9	-474.9	920.9
52.86543	1204.0	1575.4	-371.4	921.8
52.96569	1200.0	1589.8	-389.8	922.9
53.06596	1196.0	1607.8	-411.8	924.1
53.16624	1093.0	1630.0	-537.0	925.5
53.26651	1025.0	1656.1	-631.1	927.0
53.36678	975.0	1684.4	-709.4	928.7
53.46704	937.0	1709.5	-772.5	930.5
53.56731	896.0	1723.6	-827.6	932.5
53.66758	903.0	1721.8	-818.8	934.6
53.76786	907.0	1706.3	-799.3	936.9
53.86813	920.0	1683.3	-763.3	939.3
53.9684	933.0	1660.5	-727.5	941.9
54.06866	896.0	1642.2	-746.2	944.7
54.16893	856.0	1629.6	-773.6	947.6
54.2692	876.0	1622.1	-746.1	950.8
54.36948	891.0	1618.2	-727.2	954.1
54.46975	869.0	1617.3	-748.3	957.5
54.57001	977.0	1618.0	-641.0	961.2
54.67028	976.0	1619.9	-643.9	965.0
54.77055	1001.0	1622.4	-621.4	969.1
54.87083	1056.0	1625.3	-569.3	973.3
54.9711	1079.0	1627.6	-548.6	977.6
55.07137	1103.0	1630.2	-527.2	982.2
55.17163	1092.0	1633.4	-541.4	986.9
55.2719	1190.0	1637.2	-447.2	991.8
55.37217	1077.0	1641.8	-564.8	996.9
55.47245	1083.0	1647.5	-564.5	1002.1
55.57272	1130.0	1654.0	-524.0	1007.4
55.67299	1118.0	1661.6	-543.6	1013.0
55.77325	1122.0	1670.6	-548.6	1018.6
55.87352	1142.0	1681.0	-539.0	1024.4
55.9738	1174.0	1692.9	-518.9	1030.3
56.07407	1174.0	1706.4	-532.4	1036.4
56.17434	1225.0	1720.0	-495.0	1042.6
56.2746	1269.0	1732.0	-463.0	1048.9
56.37487	1260.0	1740.5	-480.5	1055.3
56.47514	1356.0	1745.4	-389.4	1061.9
56.57542	1320.0	1748.5	-428.5	1068.5
56.67569	1328.0	1752.1	-424.1	1075.3
56.77596	1307.0	1757.7	-450.7	1082.2
56.87622	1340.0	1765.6	-425.6	1089.2
56.97649	1292.0	1775.0	-483.0	1096.2
57.07677	1259.0	1783.5	-524.5	1103.4
57.17704	1129.0	1788.4	-659.4	1110.6
57.27731	1189.0	1788.9	-599.9	1117.9
57.37757	1153.0	1787.7	-634.7	1125.3
57.47784	1193.0	1787.9	-594.9	1132.8
57.57811	1118.0	1791.9	-673.9	1140.3
57.67839	1186.0	1800.0	-614.0	1147.9
57.77866	1163.0	1812.2	-649.2	1155.6
57.87893	1211.0	1828.2	-617.2	1163.3
57.97919	1197.0	1846.6	-649.6	1171.1
58.07946	1238.0	1864.6	-626.6	1178.9
58.17973	1229.0	1879.0	-650.0	1186.8
58.28001	1288.0	1886.8	-598.8	1194.7
58.38028	1238.0	1888.7	-650.7	1202.6
58.48055	1251.0	1889.2	-638.2	1210.6
58.58081	1210.0	1892.4	-682.4	1218.6
58.68108	1264.0	1900.1	-636.1	1226.7
58.78136	1224.0	1911.5	-687.5	1234.7
58.88163	1266.0	1924.6	-658.6	1242.8
58.9819	1178.0	1938.1	-760.1	1250.8
59.08216	1317.0	1953.2	-636.2	1258.9
59.18243	1323.0	1971.6	-648.6	1267.0
59.2827	1318.0	1992.4	-674.4	1275.1
59.38298	1289.0	2011.3	-722.3	1283.2
59.48325	1311.0	2022.5	-711.5	1291.3
59.58352	1406.0	2020.2	-614.2	1299.4
59.68378	1438.0	2004.1	-566.1	1307.5
59.78405	1412.0	1979.5	-567.5	1315.6
59.88433	1461.0	1953.9	-492.9	1323.8
59.9846	1501.0	1932.3	-431.3	1331.9
60.08487	1469.0	1916.9	-447.9	1340.0
60.18513	1399.0	1907.5	-508.5	1348.2
60.2854	1443.0	1903.1	-460.1	1356.3
60.38567	1527.0	1902.6	-375.6	1364.4
60.48595	1454.0	1906.0	-452.0	1372.6
60.58622	1497.0	1912.8	-415.8	1380.7
60.68649	1615.0	1922.8	-307.8	1388.9
60.78675	1596.0	1936.4	-340.4	1397.1
60.88702	1625.0	1953.4	-328.4	1405.2
60.9873	1678.0	1973.7	-295.7	1413.4
61.08757	1703.0	1996.1	-293.1	1421.5
61.18784	1681.0	2018.6	-337.6	1429.7
61.28811	1699.0	2038.5	-339.5	1437.9
61.38837	1684.0	2052.7	-368.7	1446.1
61.48864	1760.0	2059.9	-299.9	1454.2
61.58892	1703.0	2059.9	-356.9	1462.4
61.68919	1739.0	2054.7	-315.7	1470.6
61.78946	1713.0	2047.8	-334.8	1478.8
61.88972	1683.0	2043.2	-360.2	1486.9
61.98999	1737.0	2043.5	-306.5	1495.1
62.09027	1696.0	2048.6	-352.6	1503.3
62.19054	1745.0	2056.4	-311.4	1511.5
62.29081	1798.0	2064.1	-266.1	1519.7
62.39108	1822.0	2068.3	-246.3	1527.8
62.49134	1962.0	2067.2	-105.2	1536.0
62.59161	1923.0	2062.5	-139.5	1544.2
62.69189	1977.0	2056.1	-79.0	1552.4
62.79216	2102.0	2050.3	51.7	1560.5
62.89243	2187.0	2046.5	140.5	1568.7
62.99269	2218.0	2044.9	173.1	1576.9
63.09296	2427.0	2045.4	381.6	1585.1
63.19323	2504.0	2047.3	456.7	1593.2
63.29351	2543.0	2049.0	494.0	1601.4
63.39378	2419.0	2048.7	370.3	1609.6
63.49405	2284.0	2045.8	238.2	1617.7
63.59431	2358.0	2040.7	317.3	1625.9
63.69458	2247.0	2035.0	212.0	1634.0
63.79486	2413.0	2029.6	383.4	1642.2
63.89513	2427.0	2025.0	402.0	1650.3
63.9954	2429.0	2021.1	407.9	1658.5
64.09566	2442.0	2018.2	423.8	1666.6
64.19594	2591.0	2016.0	575.0	1674.8
64.2962	2683.0	2015.4	667.6	1682.9
64.39648	2724.0	2015.4	708.6	1691.0
64.49674	2766.0	2016.7	749.3	1699.2
64.59702	2792.0	2018.6	773.4	1707.3
64.69729	2663.0	2021.2	641.8	1715.4
64.79755	2577.0	2024.1	552.9	1723.5
64.89783	2539.0	2027.4	511.6	1731.6
64.99809	2497.0	2031.0	466.0	1739.7
65.09837	2388.0	2034.8	353.2	1747.8
65.19864	2196.0	2038.9	157.1	1755.9
65.2989	2239.0	2043.3	195.7	1764.0
65.39918	2190.0	2048.0	142.0	1772.0
65.49944	2174.0	2053.2	120.8	1780.1
65.59972	2235.0	2058.7	176.3	1788.2
65.69998	2278.0	2064.5	213.5	1796.2
65.80025	2330.0	2070.7	259.3	1804.3
65.90053	2334.0	2077.4	256.6	1812.3
66.00079	2442.0	2084.7	357.3	1820.3
66.10107	2485.0	2092.5	392.5	1828.3
66.20133	2451.0	2101.0	350.0	1836.3
66.30161	2584.0	2109.8	474.2	1844.4
66.40188	2581.0	2118.6	462.4	1852.3
66.50214	2570.0	2127.4	442.6	1860.3
66.60242	2527.0	2134.8	392.2	1868.3
66.70268	2588.0	2140.7	447.3	1876.3
66.80296	2571.0	2145.1	425.9	1884.2
66.90323	2471.0	2147.9	323.1	1892.2
67.00349	2541.0	2149.6	391.4	1900.1
67.10377	2465.0	2151.6	313.4	1908.1
67.20403	2414.0	2154.1	259.9	1916.0
67.30431	2516.0	2157.3	358.7	1923.9
67.40458	2406.0	2162.1	243.9	1931.8
67.50484	2606.0	2167.8	438.2	1939.7
67.60512	2613.0	2174.5	438.5	1947.5
67.70538	2623.0	2182.3	440.7	1955.4
67.80566	2545.0	2190.9	354.1	1963.2
67.90592	2609.0	2200.7	408.3	1971.1
68.0062	2670.0	2211.0	459.0	1978.9
68.10647	2680.0	2221.8	458.2	1986.7
68.20673	2686.0	2232.2	453.8	1994.5
68.30701	2687.0	2242.1	444.9	2002.3
68.40727	2761.0	2251.3	509.7	2010.1
68.50755	2832.0	2260.0	572.0	2017.9
68.60782	2882.0	2268.4	613.6	2025.6
68.70808	2909.0	2276.4	632.6	2033.4
68.80836	2837.0	2283.7	553.3	2041.1
68.90862	2941.0	2290.3	650.7	2048.8
69.0089	3018.0	2295.5	722.5	2056.5
69.10917	3000.0	2299.8	700.2	2064.2
69.20943	2874.0	2302.9	571.1	2071.8
69.30971	2891.0	2306.6	584.4	2079.5
69.40997	2732.0	2311.2	420.8	2087.1
69.51025	2823.0	2317.3	505.7	2094.7
69.61051	2617.0	2324.9	292.1	2102.3
69.71078	2715.0	2333.0	382.0	2109.9
69.81106	2608.0	2340.4	267.6	2117.5
69.91132	2597.0	2346.2	250.8	2125.1
70.0116	2559.0	2349.0	210.0	2132.6
70.11186	2549.0	2348.9	200.1	2140.1
70.21214	2460.0	2347.4	112.6	2147.7
70.31241	2381.0	2345.3	35.7	2155.1
70.41267	2481.0	2343.8	137.2	2162.6
70.51295	2434.0	2343.5	90.5	2170.1
70.61321	2497.0	2345.1	151.9	2177.5
70.71349	2543.0	2348.7	194.3	2184.9
70.81376	2477.0	2353.5	123.5	2192.3
70.91402	2446.0	2359.8	86.2	2199.7
71.0143	2553.0	2366.9	186.1	2207.1
71.11456	2559.0	2374.1	184.9	2214.5
71.21484	2492.0	2381.0	111.0	2221.8
71.31511	2510.0	2386.9	123.1	2229.1
71.41537	2719.0	2391.5	327.5	2236.4
71.51565	2666.0	2395.0	271.0	2243.7
71.61591	2715.0	2397.3	317.7	2250.9
71.71619	2738.0	2398.8	339.2	2258.2
71.81645	2855.0	2400.0	455.0	2265.4
71.91673	2824.0	2401.1	422.9	2272.6
72.017	2920.0	2402.1	517.9	2279.7
72.11726	3003.0	2403.4	599.6	2286.9
72.21754	3153.0	2404.9	748.1	2294.0
72.3178	3132.0	2406.7	725.3	2301.1
72.41808	3295.0	2408.5	886.5	2308.2
72.51835	3416.0	2410.9	1005.1	2315.3
72.61861	3504.0	2413.6	1090.4	2322.3
72.71889	3548.0	2416.8	1131.2	2329.4
72.81915	3871.0	2420.6	1450.4	2336.4
72.91943	4163.0	2425.0	1738.0	2343.3
73.0197	4108.0	2429.7	1678.3	2350.3
73.11996	4370.0	2434.7	1935.3	2357.2
73.22024	4531.0	2440.0	2091.0	2364.2
73.3205	4719.0	2445.7	2273.3	2371.0
73.42078	4884.0	2451.7	2432.3	2377.9
73.52104	4870.0	2458.0	2412.0	2384.8
73.62132	5034.0	2464.4	2569.6	2391.6
73.72159	5164.0	2471.3	2692.7	2398.4
73.82185	4932.0	2478.5	2453.5	2405.1
73.92213	4930.0	2485.8	2444.2	2411.9
74.02239	4893.0	2493.6	2399.4	2418.6
74.12267	4578.0	2501.9	2076.1	2425.3
74.22294	4149.0	2510.5	1638.5	2432.0
74.3232	3713.0	2519.1	1193.9	2438.6
74.42348	3710.0	2527.4	1182.6	2445.2
74.52374	3512.0	2535.3	976.7	2451.8
74.62402	3257.0	2542.5	714.5	2458.4
74.72429	3117.0	2548.8	568.2	2465.0
74.82455	2963.0	2554.3	408.7	2471.5
74.92483	2871.0	2559.5	311.5	2478.0
75.02509	2821.0	2564.0	257.0	2484.4
75.12537	2881.0	2568.1	312.9	2490.9
75.22564	2722.0	2571.5	150.5	2497.3
75.3259	2794.0	2574.9	219.1	2503.7
75.42618	2796.0	2578.3	217.7	2510.0
75.52644	2788.0	2581.3	206.7	2516.3
75.62672	2779.0	2584.7	194.3	2522.6
75.72698	2901.0	2587.8	313.2	2528.9
75.82726	2733.0	2590.9	142.1	2535.1
75.92753	2745.0	2593.7	151.3	2541.4
76.02779	2770.0	2596.5	173.5	2547.5
76.12807	2770.0	2599.7	170.3	2553.7
76.22833	2774.0	2602.9	171.1	2559.8
76.32861	2954.0	2606.4	347.6	2565.9
76.42888	2874.0	2610.2	263.8	2572.0
76.52914	2970.0	2614.4	355.6	2578.0
76.62942	3054.0	2618.9	435.1	2584.0
76.72968	2985.0	2623.8	361.2	2590.0
76.82996	3029.0	2628.6	400.4	2596.0
76.93023	2900.0	2633.6	266.4	2601.9
77.03049	2945.0	2638.5	306.5	2607.8
77.13077	2921.0	2643.5	277.5	2613.6
77.23103	2856.0	2648.8	207.2	2619.4
77.33131	2928.0	2654.0	274.0	2625.2
77.43158	2914.0	2659.5	254.5	2631.0
77.53185	3020.0	2665.3	354.7	2636.7
77.63212	2908.0	2671.0	237.0	2642.4
77.73238	2913.0	2677.2	235.8	2648.1
77.83266	2950.0	2683.8	266.2	2653.7
77.93292	2866.0	2690.4	175.6	2659.3
78.0332	2909.0	2697.2	211.8	2664.9
78.13347	2939.0	2704.0	235.0	2670.4
78.23373	2880.0	2711.1	168.9	2675.9
78.33401	2968.0	2718.3	249.7	2681.4
78.43427	2866.0	2725.1	140.9	2686.8
78.53455	2902.0	2731.9	170.1	2692.2
78.63482	2796.0	2738.4	57.6	2697.6
78.73508	2740.0	2744.8	-4.8	2702.9
78.83536	2860.0	2750.6	109.4	2708.2
78.93562	2913.0	2755.9	157.1	2713.4
79.0359	2840.0	2761.0	79.0	2718.7
79.13617	2880.0	2765.7	114.3	2723.9
79.23643	2837.0	2770.5	66.5	2729.0
79.33671	2881.0	2775.1	105.9	2734.1
79.43697	2837.0	2779.8	57.2	2739.2
79.53725	2787.0	2784.4	2.6	2744.3
79.63751	2885.0	2789.1	95.9	2749.3
79.73779	2967.0	2794.3	172.7	2754.2
79.83806	2912.0	2799.5	112.5	2759.2
79.93832	2859.0	2804.8	54.2	2764.1
80.0386	2878.0	2810.5	67.5	2768.9
80.13886	2787.0	2816.2	-29.2	2773.7
80.23914	2843.0	2822.1	20.9	2778.5
80.33941	2835.0	2828.3	6.7	2783.3
80.43967	2829.0	2834.3	-5.3	2788.0
80.53995	2707.0	2840.7	-133.7	2792.7
80.64021	2882.0	2847.6	34.4	2797.3
80.74049	2812.0	2854.6	-42.6	2801.9
80.84076	2891.0	2862.0	29.0	2806.5
80.94102	2950.0	2869.6	80.4	2811.0
81.0413	2871.0	2877.5	-6.5	2815.5
81.14156	2769.0	2885.7	-116.7	2819.9
81.24184	2831.0	2894.0	-63.0	2824.3
81.34211	2860.0	2902.3	-42.3	2828.7
81.44238	2765.0	2910.9	-145.9	2833.0
81.54265	2815.0	2919.4	-104.4	2837.3
81.64291	2908.0	2927.7	-19.7	2841.6
81.74319	2919.0	2935.5	-16.5	2845.8
81.84345	2828.0	2942.9	-114.9	2850.1
81.94373	2980.0	2949.6	30.4	2854.2
82.044	2951.0	2955.8	-4.8	2858.4
82.14426	2866.0	2961.4	-95.4	2862.5
82.24454	2940.0	2966.5	-26.5	2866.5
82.3448	2880.0	2971.2	-91.2	2870.6
82.44508	2848.0	2975.5	-127.5	2874.6
82.54535	2945.0	2980.1	-35.1	2878.6
82.64561	2778.0	2984.7	-206.7	2882.5
82.74589	2936.0	2989.7	-53.7	2886.4
82.84615	2910.0	2994.7	-84.7	2890.3
82.94643	2936.0	3000.0	-64.0	2894.2
83.0467	3010.0	3005.4	4.6	2898.0
83.14697	3028.0	3011.3	16.7	2901.8
83.24724	3025.0	3017.5	7.5	2905.6
83.3475	3003.0	3023.5	-20.5	2909.4
83.44778	3053.0	3029.6	23.4	2913.1
83.54804	2856.0	3035.8	-179.8	2916.8
83.64832	3008.0	3042.0	-34.0	2920.5
83.74859	3065.0	3048.2	16.8	2924.1
83.84885	3149.0	3054.0	95.0	2927.7
83.94913	2863.0	3060.3	-197.3	2931.3
84.04939	2991.0	3066.4	-75.4	2934.9
84.14967	3017.0	3072.4	-55.4	2938.4
84.24994	2948.0	3078.4	-130.4	2942.0
84.3502	3068.0	3084.3	-16.3	2945.5
84.45048	2954.0	3089.7	-135.7	2948.9
84.55074	3018.0	3094.4	-76.4	2952.4
84.65102	2968.0	3099.0	-131.0	2955.8
84.75129	2841.0	3103.0	-262.0	2959.2
84.85155	2969.0	3106.8	-137.8	2962.6
84.95183	3054.0	3110.7	-56.7	2966.0
85.05209	2886.0	3114.9	-228.9	2969.3
85.15237	2962.0	3118.9	-156.9	2972.7
85.25264	2992.0	3123.1	-131.1	2976.0
85.35291	2989.0	3127.8	-138.8	2979.3
85.45318	2965.0	3132.6	-167.6	2982.6
85.55344	2989.0	3137.2	-148.2	2985.8
85.65372	2897.0	3142.3	-245.3	2989.1
85.75398	2921.0	3147.6	-226.6	2992.3
85.85426	2865.0	3153.4	-288.4	2995.5
85.95453	2985.0	3159.1	-174.1	2998.7
86.05479	3070.0	3164.9	-94.9	3001.9
86.15507	3055.0	3170.4	-115.4	3005.1
86.25533	2982.0	3176.4	-194.4	3008.3
86.35561	3007.0	3182.3	-175.3	3011.5
86.45588	3026.0	3188.0	-162.0	3014.6
86.55614	3029.0	3193.8	-164.8	3017.8
86.65642	3080.0	3199.9	-119.9	3020.9
86.75668	3112.0	3205.9	-93.9	3024.0
86.85696	2993.0	3212.0	-219.0	3027.2
86.95723	3116.0	3218.6	-102.6	3030.3
87.0575	3130.0	3225.2	-95.2	3033.4
87.15777	3099.0	3231.9	-132.9	3036.5
87.25803	3100.0	3238.5	-138.5	3039.7
87.35831	3175.0	3245.3	-70.3	3042.8
87.45857	3216.0	3252.1	-36.1	3045.9
87.55885	3174.0	3258.5	-84.5	3049.0
87.65912	3070.0	3264.9	-194.9	3052.1
87.75938	3081.0	3271.2	-190.2	3055.3
87.85966	3023.0	3277.8	-254.8	3058.4
87.95992	3019.0	3284.0	-265.0	3061.5
88.0602	3167.0	3290.4	-123.4	3064.7
88.16047	3195.0	3296.5	-101.5	3067.8
88.26073	3085.0	3302.5	-217.5	3070.9
88.36101	3119.0	3308.8	-189.8	3074.1
88.46127	3028.0	3315.2	-287.2	3077.2
88.56155	3144.0	3321.2	-177.2	3080.4
88.66182	3092.0	3327.0	-235.0	3083.6
88.76208	3048.0	3333.0	-285.0	3086.8
88.86236	3164.0	3339.2	-175.2	3090.0
88.96262	3091.0	3345.3	-254.3	3093.2
89.0629	3098.0	3351.6	-253.6	3096.4
89.16317	3186.0	3357.8	-171.8	3099.7
89.26344	3113.0	3364.0	-251.0	3102.9
89.36371	3090.0	3370.3	-280.3	3106.2
89.46397	3106.0	3376.6	-270.6	3109.6
89.56425	3184.0	3382.7	-198.7	3112.9
89.66451	3177.0	3388.8	-211.8	3116.3
89.76479	3158.0	3394.8	-236.8	3119.8
89.86506	3207.0	3400.7	-193.7	3123.3
89.96532	3106.0	3406.6	-300.6	3126.8
90.0656	3202.0	3412.8	-210.8	3130.4
90.16586	3167.0	3418.8	-251.8	3134.0
90.26614	3123.0	3424.7	-301.7	3137.7
90.36641	3264.0	3431.0	-167.0	3141.4
90.46667	3261.0	3437.4	-176.4	3145.3
90.56695	3366.0	3443.9	-77.9	3149.1
90.66721	3428.0	3450.5	-22.5	3153.1
90.76749	3311.0	3457.4	-146.4	3157.1
90.86776	3535.0	3464.6	70.4	3161.2
90.96803	3374.0	3472.0	-98.0	3165.4
91.0683	3455.0	3479.6	-24.6	3169.6
91.16856	3547.0	3487.4	59.6	3174.0
91.26884	3686.0	3495.2	190.8	3178.4
91.3691	3698.0	3503.7	194.3	3182.9
91.46938	3668.0	3511.9	156.1	3187.5
91.56965	3801.0	3520.8	280.2	3192.2
91.66991	3784.0	3530.1	253.9	3197.1
91.77019	3927.0	3539.4	387.6	3202.0
91.87045	3969.0	3548.9	420.1	3207.0
91.97073	3864.0	3558.2	305.8	3212.2
92.071	3850.0	3567.7	282.3	3217.4
92.17126	3787.0	3577.0	210.0	3222.8
92.27154	3534.0	3586.0	-52.0	3228.3
92.3718	3592.0	3594.8	-2.8	3233.9
92.47208	3581.0	3602.9	-21.9	3239.7
92.57235	3601.0	3610.5	-9.5	3245.5
92.67262	3605.0	3617.3	-12.3	3251.5
92.77289	3501.0	3623.7	-122.7	3257.7
92.87315	3414.0	3629.4	-215.4	3264.0
92.97343	3362.0	3634.5	-272.5	3270.4
93.0737	3416.0	3639.1	-223.1	3277.0
93.17397	3237.0	3643.7	-406.7	3283.7
93.27424	3307.0	3647.8	-340.8	3290.6
93.3745	3296.0	3652.0	-356.0	3297.6
93.47478	3252.0	3656.3	-404.3	3304.8
93.57504	3415.0	3660.4	-245.4	3312.1
93.67532	3309.0	3664.7	-355.7	3319.5
93.77559	3444.0	3669.1	-225.1	3327.1
93.87585	3353.0	3673.8	-320.8	3334.8
93.97613	3325.0	3678.7	-353.7	3342.5
94.07639	3498.0	3683.9	-185.9	3350.4
94.17667	3624.0	3689.1	-65.1	3358.4
94.27694	3555.0	3694.5	-139.5	3366.5
94.3772	3515.0	3700.0	-185.0	3374.6
94.47748	3623.0	3705.6	-82.6	3382.8
94.57774	3542.0	3711.0	-169.0	3391.1
94.67802	3536.0	3716.6	-180.6	3399.5
94.77829	3449.0	3722.2	-273.2	3407.9
94.87856	3508.0	3727.7	-219.7	3416.3
94.97883	3551.0	3733.3	-182.3	3424.8
95.07909	3480.0	3738.9	-258.9	3433.4
95.17937	3497.0	3744.6	-247.6	3442.0
95.27963	3480.0	3750.4	-270.4	3450.6
95.37991	3533.0	3756.3	-223.3	3459.2
95.48018	3684.0	3762.2	-78.2	3467.8
95.58044	3637.0	3767.9	-130.9	3476.4
95.68072	3754.0	3773.9	-19.9	3485.1
95.78098	3776.0	3780.1	-4.1	3493.7
95.88126	3706.0	3786.2	-80.2	3502.3
95.98153	3780.0	3792.3	-12.3	3510.9
96.08179	3677.0	3798.6	-121.6	3519.4
96.18207	3845.0	3804.6	40.4	3528.0
96.28233	3657.0	3810.9	-153.9	3536.4
96.38261	3610.0	3817.1	-207.1	3544.9
96.48288	3654.0	3823.5	-169.5	3553.3
96.58315	3792.0	3830.1	-38.1	3561.6
96.68342	3764.0	3836.3	-72.3	3569.8
96.78368	3806.0	3842.5	-36.5	3578.0
96.88396	3899.0	3848.5	50.5	3586.1
96.98423	3940.0	3854.8	85.2	3594.2
97.0845	3830.0	3860.4	-30.4	3602.1
97.18477	3844.0	3866.5	-22.5	3609.9
97.28503	3783.0	3872.7	-89.7	3617.6
97.38531	3634.0	3878.8	-244.8	3625.2
97.48557	3700.0	3884.6	-184.6	3632.7
97.58585	3635.0	3890.5	-255.5	3640.1
97.68612	3619.0	3896.7	-277.7	3647.4
97.78638	3681.0	3903.1	-222.1	3654.5
97.88666	3698.0	3909.4	-211.4	3661.4
97.98692	3649.0	3915.7	-266.7	3668.3
98.0872	3761.0	3922.2	-161.2	3675.0
98.18747	3780.0	3928.4	-148.4	3681.6
98.28773	3797.0	3934.9	-137.9	3688.1
98.38801	3678.0	3941.6	-263.6	3694.5
98.48827	3870.0	3948.3	-78.3	3700.8
98.58855	3916.0	3955.2	-39.2	3707.0
98.68882	3815.0	3962.1	-147.1	3713.0
98.78909	3852.0	3968.9	-116.9	3719.0
98.88936	3888.0	3975.9	-87.9	3725.0
98.98962	3756.0	3983.2	-227.2	3730.8
99.0899	3821.0	3990.4	-169.4	3736.6
99.19016	3832.0	3997.7	-165.7	3742.2
99.29044	3684.0	4005.1	-321.1	3747.9
99.39071	3759.0	4012.4	-253.4	3753.4
99.49097	3727.0	4019.9	-292.9	3759.0
99.59125	3675.0	4027.3	-352.3	3764.4
99.69151	3734.0	4035.1	-301.1	3769.8
99.79179	3726.0	4042.7	-316.7	3775.2
99.89206	3845.0	4050.2	-205.2	3780.6
99.99232	3695.0	4057.7	-362.7	3785.9
100.0926	3845.0	4065.0	-220.0	3791.2
100.1929	3915.0	4072.6	-157.5	3796.4
100.2931	3844.0	4080.5	-236.5	3801.7
100.3934	3901.0	4088.1	-187.1	3806.9
100.4937	3915.0	4095.7	-180.7	3812.2
100.5939	3878.0	4103.4	-225.4	3817.4
100.6942	3899.0	4110.9	-211.9	3822.6
100.7945	4080.0	4118.1	-38.1	3827.9
100.8948	3961.0	4125.6	-164.6	3833.1
100.995	4026.0	4132.8	-106.8	3838.4
101.0953	4075.0	4140.4	-65.4	3843.7
101.1956	3938.0	4147.4	-209.4	3849.0
101.2958	3956.0	4154.1	-198.1	3854.4
101.3961	4072.0	4160.9	-88.9	3859.8
101.4964	4114.0	4167.8	-53.8	3865.2
101.5966	4084.0	4174.7	-90.7	3870.7
101.6969	4151.0	4181.3	-30.3	3876.2
101.7972	4205.0	4188.1	16.9	3881.8
101.8975	4195.0	4194.7	0.3	3887.4
101.9977	4147.0	4201.0	-54.0	3893.1
102.098	4194.0	4207.1	-13.1	3898.9
102.1983	4370.0	4213.3	156.7	3904.7
102.2985	4268.0	4219.4	48.6	3910.5
102.3988	4467.0	4225.3	241.7	3916.5
102.4991	4614.0	4231.5	382.5	3922.4
102.5993	4451.0	4237.6	213.4	3928.4
102.6996	4469.0	4243.7	225.3	3934.5
102.7999	4492.0	4249.7	242.3	3940.6
102.9002	4630.0	4255.8	374.2	3946.7
103.0004	4628.0	4262.0	366.0	3952.9
103.1007	4578.0	4268.0	310.0	3959.2
103.201	4737.0	4274.3	462.7	3965.5
103.3012	4575.0	4280.5	294.5	3971.8
103.4015	4695.0	4287.0	408.0	3978.2
103.5018	4619.0	4293.3	325.7	3984.6
103.602	4515.0	4299.7	215.3	3991.0
103.7023	4629.0	4306.3	322.7	3997.5
103.8026	4455.0	4312.8	142.2	4004.1
103.9029	4387.0	4319.5	67.5	4010.6
104.0031	4417.0	4326.4	90.6	4017.3
104.1034	4398.0	4333.1	64.9	4023.9
104.2037	4335.0	4339.9	-4.9	4030.6
104.3039	4476.0	4347.1	128.9	4037.3
104.4042	4516.0	4354.1	161.9	4044.1
104.5045	4460.0	4361.2	98.8	4050.8
104.6047	4593.0	4368.5	224.5	4057.7
104.705	4461.0	4375.8	85.2	4064.5
104.8053	4661.0	4383.1	277.9	4071.4
104.9056	4537.0	4390.5	146.5	4078.3
105.0058	4438.0	4397.7	40.3	4085.2
105.1061	4582.0	4404.9	177.1	4092.2
105.2064	4625.0	4412.3	212.7	4099.2
105.3066	4441.0	4419.6	21.4	4106.2
105.4069	4618.0	4427.0	191.0	4113.2
105.5072	4494.0	4434.1	59.9	4120.3
105.6074	4449.0	4441.2	7.8	4127.4
105.7077	4443.0	4448.2	-5.2	4134.5
105.808	4489.0	4454.9	34.1	4141.6
105.9083	4399.0	4461.7	-62.7	4148.8
106.0085	4316.0	4468.6	-152.6	4155.9
106.1088	4427.0	4475.3	-48.3	4163.1
106.2091	4291.0	4481.8	-190.8	4170.3
106.3093	4448.0	4488.4	-40.4	4177.5
106.4096	4250.0	4495.0	-245.0	4184.8
106.5099	4357.0	4501.6	-144.6	4192.0
106.6101	4399.0	4508.0	-109.0	4199.3
106.7104	4367.0	4514.2	-147.2	4206.6
106.8107	4273.0	4520.6	-247.6	4213.9
106.911	4350.0	4527.5	-177.5	4221.2
107.0112	4417.0	4534.2	-117.2	4228.5
107.1115	4192.0	4540.3	-348.3	4235.8
107.2118	4173.0	4546.5	-373.5	4243.2
107.312	4363.0	4552.9	-189.9	4250.5
107.4123	4286.0	4559.3	-273.3	4257.9
107.5126	4278.0	4565.3	-287.3	4265.3
107.6128	4335.0	4571.4	-236.4	4272.6
107.7131	4480.0	4577.7	-97.7	4280.0
107.8134	4427.0	4583.8	-156.8	4287.5
107.9137	4297.0	4589.8	-292.8	4294.9
108.0139	4235.0	4595.6	-360.6	4302.4
108.1142	4356.0	4601.4	-245.4	4309.8
108.2145	4350.0	4607.3	-257.3	4317.3
108.3147	4375.0	4613.3	-238.3	4324.9
108.415	4485.0	4619.4	-134.4	4332.4
108.5153	4358.0	4625.5	-267.5	4340.0
108.6155	4386.0	4631.5	-245.5	4347.7
108.7158	4414.0	4637.7	-223.7	4355.3
108.8161	4508.0	4643.9	-135.9	4363.1
108.9164	4530.0	4650.1	-120.1	4370.8
109.0166	4606.0	4656.5	-50.5	4378.6
109.1169	4614.0	4662.6	-48.6	4386.4
109.2172	4463.0	4668.9	-205.9	4394.3
109.3174	4652.0	4675.2	-23.2	4402.2
109.4177	4537.0	4681.5	-144.5	4410.2
109.518	4652.0	4688.0	-36.0	4418.2
109.6182	4642.0	4694.4	-52.4	4426.3
109.7185	4611.0	4700.8	-89.8	4434.4
109.8188	4644.0	4707.3	-63.3	4442.6
109.9191	4615.0	4713.9	-98.9	4450.9
110.0193	4586.0	4720.5	-134.5	4459.2
110.1196	4598.0	4726.8	-128.8	4467.5
110.2199	4749.0	4733.5	15.5	4476.0
110.3201	4695.0	4740.1	-45.1	4484.5
110.4204	4703.0	4747.0	-44.0	4493.1
110.5207	4618.0	4753.6	-135.6	4501.7
110.6209	4858.0	4760.3	97.7	4510.4
110.7212	4647.0	4767.0	-120.0	4519.2
110.8215	4760.0	4773.8	-13.8	4528.1
110.9218	4716.0	4780.7	-64.7	4537.0
111.022	4616.0	4787.5	-171.5	4546.1
111.1223	4762.0	4794.1	-32.1	4555.2
111.2226	4711.0	4801.1	-90.1	4564.4
111.3228	4572.0	4807.9	-235.9	4573.7
111.4231	4857.0	4814.7	42.3	4583.0
111.5234	4784.0	4821.8	-37.8	4592.5
111.6236	4875.0	4828.8	46.2	4602.0
111.7239	4829.0	4835.5	-6.5	4611.7
111.8242	4826.0	4842.3	-16.3	4621.4
111.9245	4761.0	4849.2	-88.2	4631.3
112.0247	4690.0	4856.2	-166.2	4641.2
112.125	4711.0	4863.0	-152.0	4651.3
112.2253	4753.0	4869.5	-116.5	4661.4
112.3255	4804.0	4876.5	-72.5	4671.7
112.4258	4784.0	4883.6	-99.6	4682.0
112.5261	4746.0	4890.3	-144.3	4692.5
112.6264	4550.0	4897.1	-347.1	4703.1
112.7266	4765.0	4904.2	-139.2	4713.8
112.8269	4814.0	4911.2	-97.2	4724.6
112.9272	4812.0	4918.1	-106.1	4735.5
113.0274	4681.0	4925.2	-244.2	4746.5
113.1277	4784.0	4932.3	-148.3	4757.6
113.228	4777.0	4939.4	-162.4	4768.8
113.3282	4864.0	4946.4	-82.4	4780.0
113.4285	4796.0	4953.6	-157.6	4791.3
113.5288	4827.0	4960.9	-133.9	4802.7
113.629	4876.0	4968.1	-92.1	4814.1
113.7293	4936.0	4975.4	-39.4	4825.6
113.8296	4972.0	4982.6	-10.6	4837.2
113.9299	4848.0	4990.1	-142.1	4848.7
114.0301	4925.0	4997.1	-72.1	4860.3
114.1304	4899.0	5004.6	-105.6	4871.9
114.2307	4982.0	5011.8	-29.8	4883.5
114.3309	5068.0	5019.4	48.6	4895.2
114.4312	5038.0	5026.8	11.2	4906.8
114.5315	5166.0	5033.5	132.5	4918.4
114.6317	5057.0	5040.8	16.2	4930.1
114.732	5107.0	5048.1	58.9	4941.7
114.8323	4993.0	5055.2	-62.2	4953.3
114.9326	5184.0	5062.2	121.8	4964.8
115.0328	5076.0	5069.1	6.9	4976.3
115.1331	5125.0	5076.4	48.6	4987.8
115.2334	5069.0	5083.4	-14.4	4999.2
115.3336	5126.0	5090.2	35.8	5010.6
115.4339	5058.0	5097.2	-39.2	5021.9
115.5342	5069.0	5104.1	-35.1	5033.2
115.6344	5063.0	5111.0	-48.0	5044.3
115.7347	5198.0	5118.3	79.7	5055.4
115.835	5110.0	5125.2	-15.2	5066.4
115.9353	5146.0	5132.3	13.7	5077.3
116.0355	5027.0	5139.4	-112.4	5088.1
116.1358	5230.0	5146.3	83.7	5098.8
116.2361	5094.0	5153.2	-59.2	5109.4
116.3363	5071.0	5160.1	-89.1	5119.8
116.4366	5091.0	5167.0	-76.0	5130.1
116.5369	5341.0	5173.8	167.2	5140.3
116.6371	5232.0	5180.8	51.2	5150.4
116.7374	5247.0	5187.7	59.3	5160.3
116.8377	5104.0	5194.5	-90.5	5170.0
116.938	5115.0	5201.4	-86.4	5179.6
117.0382	5206.0	5208.3	-2.3	5189.1
117.1385	5254.0	5215.2	38.8	5198.3
117.2388	5481.0	5222.2	258.8	5207.4
117.339	5270.0	5228.7	41.3	5216.4
117.4393	5493.0	5235.6	257.4	5225.2
117.5396	5481.0	5242.5	238.5	5233.9
117.6398	5521.0	5249.6	271.4	5242.4
117.7401	5445.0	5256.4	188.6	5250.8
117.8404	5522.0	5263.0	259.0	5259.0
117.9407	5500.0	5269.4	230.6	5267.1
118.0409	5500.0	5276.2	223.8	5275.1
118.1412	5355.0	5283.0	72.0	5282.9
118.2415	5460.0	5289.9	170.1	5290.5
118.3417	5331.0	5296.6	34.4	5298.1
118.442	5732.0	5303.4	428.6	5305.5
118.5423	5520.0	5310.2	209.8	5312.8
118.6425	5622.0	5317.1	304.9	5319.9
118.7428	5391.0	5324.0	67.0	5326.9
118.8431	5429.0	5330.8	98.2	5333.8
118.9434	5560.0	5337.7	222.3	5340.6
119.0436	5463.0	5344.4	118.6	5347.2
119.1439	5349.0	5351.3	-2.3	5353.8
119.2442	5526.0	5358.2	167.8	5360.2
119.3444	5387.0	5364.7	22.3	5366.5
119.4447	5560.0	5371.7	188.3	5372.7
119.545	5272.0	5378.7	-106.7	5378.7
119.6452	5481.0	5385.4	95.6	5384.7
119.7455	5498.0	5392.1	105.9	5390.5
119.8458	5518.0	5399.0	119.0	5396.3
119.9461	5612.0	5405.8	206.2	5401.9
120.0463	5676.0	5412.5	263.5	5407.5
120.1466	5661.0	5419.2	241.8	5412.9
120.2469	5573.0	5425.9	147.1	5418.2
120.3471	5529.0	5432.8	96.2	5423.5
120.4474	5489.0	5439.5	49.5	5428.6
120.5477	5399.0	5446.3	-47.3	5433.6
120.6479	5641.0	5452.7	188.3	5438.6
120.7482	5542.0	5459.5	82.5	5443.5
120.8485	5566.0	5466.3	99.7	5448.2
120.9488	5542.0	5473.1	68.9	5452.9
121.049	5513.0	5479.9	33.1	5457.5
121.1493	5598.0	5486.7	111.3	5462.1
121.2496	5598.0	5493.6	104.4	5466.5
121.3498	5605.0	5500.5	104.5	5470.9
121.4501	5584.0	5507.4	76.6	5475.2
121.5504	5633.0	5514.4	118.6	5479.4
121.6507	5576.0	5521.4	54.6	5483.5
121.7509	5658.0	5528.5	129.5	5487.6
121.8512	5583.0	5535.8	47.2	5491.6
121.9515	5609.0	5542.9	66.1	5495.5
122.0517	5494.0	5550.1	-56.1	5499.4
122.152	5477.0	5557.3	-80.3	5503.1
122.2523	5753.0	5564.4	188.6	5506.9
122.3525	5633.0	5571.3	61.7	5510.6
122.4528	5589.0	5578.2	10.8	5514.2
122.5531	5577.0	5585.3	-8.2	5517.7
122.6534	5365.0	5592.1	-227.1	5521.2
122.7536	5543.0	5599.1	-56.1	5524.7
122.8539	5586.0	5606.1	-20.1	5528.1
122.9542	5551.0	5613.2	-62.2	5531.4
123.0544	5530.0	5620.0	-90.0	5534.7
123.1547	5529.0	5626.9	-97.9	5538.0
123.255	5736.0	5633.8	102.2	5541.2
123.3552	5570.0	5640.5	-70.5	5544.3
123.4555	5552.0	5647.4	-95.4	5547.4
123.5558	5507.0	5654.2	-147.2	5550.5
123.656	5485.0	5661.1	-176.1	5553.5
123.7563	5651.0	5668.0	-17.0	5556.4
123.8566	5604.0	5674.4	-70.4	5559.3
123.9569	5484.0	5680.9	-196.9	5562.2
124.0571	5509.0	5687.4	-178.4	5565.0
124.1574	5578.0	5694.0	-116.0	5567.8
124.2577	5547.0	5700.9	-153.9	5570.6
124.3579	5700.0	5707.5	-7.5	5573.3
124.4582	5586.0	5714.1	-128.1	5575.9
124.5585	5575.0	5720.9	-145.9	5578.5
124.6587	5505.0	5727.7	-222.7	5581.1
124.759	5677.0	5734.4	-57.4	5583.7
124.8593	5505.0	5741.0	-236.0	5586.2
124.9596	5673.0	5747.7	-74.7	5588.6
125.0598	5615.0	5754.3	-139.3	5591.1
125.1601	5601.0	5761.0	-160.0	5593.5
125.2604	5613.0	5767.6	-154.6	5595.8
125.3606	5623.0	5774.2	-151.2	5598.2
125.4609	5771.0	5781.1	-10.1	5600.4
125.5612	5780.0	5787.8	-7.8	5602.7
125.6614	5816.0	5794.5	21.5	5604.9
125.7617	5542.0	5801.4	-259.4	5607.1
125.862	5736.0	5808.1	-72.1	5609.3
125.9623	5523.0	5815.1	-292.1	5611.5
126.0625	5826.0	5822.0	4.0	5613.6
126.1628	5820.0	5828.7	-8.7	5615.7
126.2631	5841.0	5835.6	5.4	5617.7
126.3633	5727.0	5842.5	-115.5	5619.8
126.4636	5808.0	5849.4	-41.4	5621.8
126.5639	5883.0	5856.2	26.8	5623.7
126.6641	5926.0	5862.9	63.1	5625.7
126.7644	5930.0	5869.6	60.4	5627.6
126.8647	5940.0	5876.2	63.8	5629.6
126.965	5896.0	5882.9	13.1	5631.4
127.0652	5957.0	5889.5	67.5	5633.3
127.1655	5804.0	5896.0	-92.0	5635.2
127.2658	5818.0	5902.8	-84.8	5637.0
127.366	5814.0	5909.4	-95.4	5638.8
127.4663	5918.0	5916.0	2.0	5640.6
127.5666	6066.0	5922.6	143.4	5642.4
127.6668	5827.0	5929.3	-102.3	5644.1
127.7671	5866.0	5936.0	-70.0	5645.9
127.8674	6056.0	5942.6	113.4	5647.6
127.9677	5900.0	5949.0	-49.0	5649.3
128.0679	6078.0	5955.6	122.4	5651.0
128.1682	6013.0	5962.6	50.4	5652.7
128.2685	5985.0	5969.3	15.7	5654.4
128.3687	6102.0	5975.9	126.1	5656.1
128.469	5898.0	5982.3	-84.3	5657.7
128.5693	6035.0	5988.8	46.2	5659.4
128.6695	5890.0	5995.4	-105.4	5661.0
128.7698	5974.0	6001.9	-27.9	5662.6
128.8701	5795.0	6008.6	-213.6	5664.3
128.9704	5843.0	6015.3	-172.3	5665.9
129.0706	5899.0	6021.9	-122.9	5667.5
129.1709	5745.0	6028.5	-283.5	5669.1
129.2712	5901.0	6034.8	-133.8	5670.7
129.3714	5812.0	6041.2	-229.2	5672.3
129.4717	5985.0	6047.8	-62.8	5673.9
129.572	5841.0	6054.5	-213.5	5675.5
129.6722	5933.0	6061.1	-128.1	5677.0
129.7725	6035.0	6068.4	-33.4	5678.6
