0472_HM_ScCu4Pd
Wavelength = 1.54059Ċ, !20.05°/129.846°/0.10027°/1(s), I(p)=12599/837, Cu(45kV,40mA), Monday, December 08, 2025, 12:07 PM
Angle	I(o)	I(c)	I(d)	I(b)
20.05013	938	847	91	893
20.1504	837	850	-13	896
20.25068	903	853	50	900
20.35094	907	856	51	904
20.45121	935	859	76	908
20.55149	950	862	88	912
20.65175	900	865	35	916
20.75203	875	868	7	919
20.85229	967	871	96	923
20.95256	924	875	49	927
21.05284	961	878	83	930
21.1531	967	881	86	934
21.25337	1069	884	185	938
21.35365	1189	887	302	941
21.45391	1137	890	247	944
21.55418	1108	893	215	948
21.65446	1055	896	159	951
21.75472	980	899	81	954
21.85499	970	902	68	957
21.95527	1050	905	145	960
22.05553	928	908	20	963
22.15581	1043	911	132	966
22.25607	947	914	33	968
22.35634	975	917	58	971
22.45662	999	920	79	973
22.55688	1081	923	158	976
22.65715	995	926	69	978
22.75743	1021	930	91	980
22.85769	1016	933	83	982
22.95796	1026	936	90	984
23.05824	1007	939	68	986
23.1585	995	942	53	988
23.25877	1080	945	135	990
23.35905	990	948	42	991
23.45931	1040	951	89	993
23.55959	1106	954	152	994
23.65985	1040	958	82	996
23.76012	1028	961	67	997
23.8604	1087	964	123	999
23.96066	1119	967	152	1000
24.06093	1115	970	145	1001
24.16121	1035	973	62	1002
24.26147	1041	976	65	1003
24.36174	1066	979	87	1005
24.46202	1068	983	85	1006
24.56228	1103	986	117	1007
24.66256	1030	989	41	1008
24.76283	982	992	-10	1009
24.86309	991	995	-4	1009
24.96337	1081	998	83	1010
25.06363	1045	1002	43	1011
25.1639	997	1005	-8	1012
25.26418	1006	1008	-2	1013
25.36444	1004	1011	-7	1014
25.46471	1014	1014	0	1014
25.56499	1025	1018	7	1015
25.66525	1011	1021	-10	1016
25.76552	1063	1024	39	1016
25.8658	1004	1027	-23	1017
25.96606	1063	1030	33	1018
26.06634	1021	1034	-13	1019
26.1666	1088	1037	51	1019
26.26687	1027	1040	-13	1020
26.36715	973	1043	-70	1021
26.46741	1025	1047	-22	1022
26.56768	1048	1050	-2	1022
26.66796	1082	1053	29	1023
26.76822	1001	1056	-55	1024
26.86849	1008	1060	-52	1025
26.96877	1053	1063	-10	1025
27.06903	1052	1066	-14	1026
27.16931	1029	1069	-40	1027
27.26958	1016	1073	-57	1028
27.36984	1001	1076	-75	1029
27.47012	1057	1079	-22	1030
27.57038	1006	1083	-77	1030
27.67065	1087	1086	1	1031
27.77093	1075	1089	-14	1032
27.87119	1070	1092	-22	1033
27.97146	1096	1096	0	1034
28.07174	995	1099	-104	1035
28.172	1040	1102	-62	1036
28.27227	1009	1106	-97	1036
28.37255	1086	1109	-23	1037
28.47281	1059	1112	-53	1038
28.57309	1108	1116	-8	1039
28.67336	1034	1119	-85	1040
28.77362	1087	1122	-35	1041
28.8739	1091	1126	-35	1042
28.97416	1107	1129	-22	1043
29.07443	1104	1133	-29	1044
29.17471	1089	1136	-47	1044
29.27497	1115	1139	-24	1045
29.37524	1121	1143	-22	1046
29.47552	1148	1146	2	1047
29.57578	1124	1150	-26	1048
29.67606	1071	1153	-82	1049
29.77633	1068	1156	-88	1050
29.87659	1093	1160	-67	1051
29.97687	1050	1163	-113	1052
30.07714	1096	1167	-71	1053
30.1774	1068	1170	-102	1053
30.27768	1132	1174	-42	1054
30.37794	1120	1177	-57	1055
30.47821	1104	1180	-76	1056
30.57849	1042	1184	-142	1057
30.67875	1103	1187	-84	1058
30.77902	1033	1191	-158	1059
30.8793	1071	1194	-123	1059
30.97956	1101	1198	-97	1060
31.07984	1155	1201	-46	1061
31.18011	1202	1205	-3	1062
31.28037	1139	1209	-70	1063
31.38065	1228	1212	16	1064
31.48092	1140	1216	-76	1065
31.58118	1161	1219	-58	1066
31.68146	1100	1223	-123	1067
31.78172	1121	1226	-105	1068
31.88199	1130	1230	-100	1069
31.98227	1103	1233	-130	1070
32.08253	1158	1237	-79	1071
32.1828	1092	1241	-149	1072
32.28307	1193	1244	-51	1074
32.38335	1058	1248	-190	1075
32.48362	1111	1252	-141	1076
32.58389	1148	1255	-107	1078
32.68415	1167	1259	-92	1079
32.78442	1130	1263	-133	1081
32.8847	1151	1266	-115	1083
32.98497	1045	1270	-225	1085
33.08524	1147	1274	-127	1087
33.1855	1184	1278	-94	1089
33.28577	1140	1281	-141	1091
33.38604	1145	1285	-140	1093
33.48632	1191	1289	-98	1096
33.58659	1193	1293	-100	1098
33.68686	1115	1296	-181	1101
33.78712	1177	1300	-123	1104
33.88739	1173	1304	-131	1107
33.98766	1175	1308	-133	1110
34.08794	1214	1312	-98	1113
34.18821	1201	1316	-115	1116
34.28848	1211	1320	-109	1120
34.38874	1264	1324	-60	1124
34.48901	1233	1328	-95	1128
34.58929	1189	1332	-143	1132
34.68956	1230	1336	-106	1136
34.78983	1214	1340	-126	1140
34.89009	1241	1344	-103	1145
34.99036	1177	1348	-171	1150
35.09063	1189	1352	-163	1155
35.19091	1142	1356	-214	1160
35.29118	1174	1360	-186	1165
35.39145	1175	1364	-189	1171
35.49171	1196	1369	-173	1177
35.59198	1214	1373	-159	1183
35.69226	1270	1377	-107	1189
35.79253	1272	1382	-110	1196
35.8928	1242	1386	-144	1202
35.99306	1245	1391	-146	1209
36.09333	1338	1395	-57	1216
36.1936	1237	1400	-163	1222
36.29388	1321	1404	-83	1230
36.39415	1359	1409	-50	1237
36.49442	1431	1413	18	1244
36.59468	1474	1418	56	1251
36.69495	1511	1423	88	1259
36.79523	1597	1428	169	1266
36.8955	1837	1433	404	1274
36.99577	2448	1437	1011	1282
37.09604	3460	1442	2018	1289
37.1963	5861	1448	4413	1297
37.29657	9990	1453	8537	1305
37.39685	12599	1458	11141	1313
37.49712	7754	1463	6291	1321
37.59739	3698	1469	2229	1329
37.69765	2519	1474	1045	1336
37.79792	2067	1480	587	1344
37.89819	1946	1486	460	1352
37.99847	1600	1492	108	1360
38.09874	1584	1498	86	1368
38.19901	1540	1504	36	1376
38.29927	1556	1510	46	1383
38.39954	1572	1517	55	1391
38.49982	1580	1523	57	1399
38.60009	1777	1530	247	1406
38.70036	1977	1537	440	1413
38.80062	1919	1545	374	1421
38.90089	1628	1552	76	1428
39.00116	1575	1560	15	1435
39.10144	1502	1568	-66	1442
39.20171	1517	1577	-60	1449
39.30198	1485	1585	-100	1456
39.40224	1484	1595	-111	1462
39.50251	1428	1604	-176	1469
39.60279	1512	1614	-102	1475
39.70306	1592	1625	-33	1481
39.80333	1665	1636	29	1487
39.90359	1751	1647	104	1493
40.00386	1970	1660	310	1499
40.10413	2128	1673	455	1504
40.20441	2028	1687	341	1509
40.30468	2000	1702	298	1515
40.40495	1981	1718	263	1520
40.50521	1949	1735	214	1525
40.60548	1984	1753	231	1529
40.70576	2188	1773	415	1534
40.80603	2284	1795	490	1538
40.9063	2252	1818	434	1543
41.00657	2141	1844	297	1547
41.10683	2236	1872	364	1551
41.2071	2299	1903	396	1555
41.30738	2529	1937	592	1559
41.40765	2649	1975	674	1562
41.50792	2971	2018	953	1566
41.60818	3399	2066	1333	1569
41.70845	3540	2119	1421	1573
41.80872	3419	2180	1239	1576
41.909	3347	2249	1098	1579
42.00927	3248	2327	921	1582
42.10954	3045	2415	630	1585
42.2098	3118	2517	601	1587
42.31007	3027	2632	395	1590
42.41035	3118	2763	355	1592
42.51062	3041	2910	131	1595
42.61089	3164	3074	90	1597
42.71115	3229	3253	-24	1599
42.81142	3316	3444	-128	1601
42.91169	3481	3638	-157	1603
43.01197	3716	3824	-108	1605
43.11224	4585	3985	600	1607
43.21251	6265	4105	2160	1609
43.31277	8667	4168	4499	1610
43.41304	8012	4115	3897	1612
43.51332	5745	3903	1842	1613
43.61359	4093	3582	511	1614
43.71386	3994	3244	750	1616
43.81413	3864	2944	920	1617
43.91439	3113	2699	414	1618
44.01466	2474	2507	-33	1619
44.11494	2279	2358	-79	1620
44.21521	2080	2244	-164	1621
44.31548	1941	2156	-215	1621
44.41574	1921	2086	-165	1622
44.51601	1792	2032	-240	1623
44.61629	1803	1989	-186	1623
44.71656	1738	1955	-217	1624
44.81683	1739	1927	-188	1624
44.9171	1785	1905	-120	1625
45.01736	1727	1887	-160	1625
45.11763	1710	1873	-163	1625
45.21791	1672	1862	-190	1625
45.31818	1816	1852	-36	1626
45.41845	1825	1845	-20	1626
45.51871	1965	1840	125	1626
45.61898	2034	1835	199	1626
45.71925	2090	1832	258	1626
45.81953	2142	1830	312	1626
45.9198	2057	1829	228	1625
46.02007	2122	1829	293	1625
46.12033	2043	1830	213	1625
46.2206	1975	1831	144	1625
46.32088	1922	1833	89	1624
46.42115	1969	1835	134	1624
46.52142	1916	1838	78	1624
46.62169	2006	1841	165	1623
46.72195	2053	1845	208	1623
46.82222	2053	1849	204	1622
46.9225	2080	1854	226	1622
47.02277	2161	1859	302	1621
47.12304	2162	1865	297	1621
47.2233	2197	1871	326	1620
47.32357	2093	1878	215	1620
47.42385	1977	1885	92	1619
47.52412	2005	1893	112	1619
47.62439	1920	1901	19	1618
47.72466	1914	1910	4	1617
47.82492	1907	1920	-13	1617
47.92519	1819	1931	-112	1616
48.02547	1840	1943	-103	1616
48.12574	1897	1955	-58	1615
48.22601	1905	1969	-64	1614
48.32627	1812	1984	-172	1614
48.42654	1905	2001	-96	1613
48.52682	1895	2019	-124	1613
48.62709	1963	2040	-77	1612
48.72736	1959	2062	-103	1611
48.82763	1889	2088	-199	1611
48.92789	1943	2116	-173	1610
49.02816	2023	2148	-125	1610
49.12844	2042	2183	-141	1609
49.22871	2036	2224	-188	1609
49.32898	2011	2269	-258	1608
49.42924	2031	2321	-290	1608
49.52951	1820	2378	-558	1607
49.62979	1895	2443	-548	1607
49.73006	1873	2515	-642	1606
49.83033	1749	2592	-843	1606
49.9306	1773	2675	-902	1606
50.03086	1751	2760	-1009	1605
50.13113	1826	2841	-1015	1605
50.23141	1991	2915	-924	1605
50.33168	1864	2972	-1108	1605
50.43195	1957	3008	-1051	1605
50.53222	1921	3005	-1084	1605
50.63248	1907	2933	-1026	1604
50.73275	1736	2805	-1069	1604
50.83303	1702	2656	-954	1605
50.9333	1710	2518	-808	1605
51.03357	1679	2403	-724	1605
51.13383	1646	2313	-667	1605
51.2341	1718	2243	-525	1605
51.33438	1678	2190	-512	1606
51.43465	1661	2150	-489	1606
51.53492	1614	2118	-504	1606
51.63519	1619	2095	-476	1607
51.73545	1623	2076	-453	1608
51.83572	1637	2062	-425	1608
51.936	1569	2051	-482	1609
52.03627	1660	2042	-382	1610
52.13654	1631	2035	-404	1611
52.2368	1614	2030	-416	1612
52.33707	1688	2027	-339	1613
52.43735	1813	2024	-211	1614
52.53762	1826	2022	-196	1615
52.63789	1840	2021	-181	1616
52.73816	1713	2021	-308	1618
52.83842	1724	2021	-297	1619
52.93869	1691	2021	-330	1621
53.03897	1592	2022	-430	1622
53.13924	1655	2024	-369	1624
53.23951	1709	2025	-316	1626
53.33978	1618	2027	-409	1628
53.44004	1646	2029	-383	1630
53.54032	1637	2031	-394	1632
53.64059	1619	2033	-414	1635
53.74086	1648	2036	-388	1637
53.84113	1709	2038	-329	1640
53.94139	1612	2041	-429	1642
54.04166	1714	2044	-330	1645
54.14194	1631	2047	-416	1648
54.24221	1655	2050	-395	1651
54.34248	1641	2053	-412	1655
54.44275	1648	2056	-408	1658
54.54301	1663	2059	-396	1662
54.64328	1615	2062	-447	1665
54.74356	1742	2066	-324	1669
54.84383	1650	2069	-419	1673
54.9441	1705	2072	-367	1677
55.04436	1711	2076	-365	1682
55.14463	1667	2079	-412	1686
55.24491	1719	2083	-364	1691
55.34518	1701	2086	-385	1696
55.44545	1686	2090	-404	1701
55.54572	1715	2094	-379	1706
55.64598	1763	2097	-334	1711
55.74625	1780	2101	-321	1717
55.84653	1783	2105	-322	1723
55.9468	1740	2108	-368	1728
56.04707	1764	2112	-348	1735
56.14734	1768	2116	-348	1741
56.2476	1715	2119	-404	1747
56.34788	1788	2123	-335	1754
56.44815	1776	2127	-351	1761
56.54842	1870	2131	-261	1768
56.64869	1797	2135	-338	1775
56.74895	1779	2138	-359	1783
56.84922	1745	2142	-397	1790
56.9495	1810	2146	-336	1798
57.04977	1735	2150	-415	1806
57.15004	1816	2154	-338	1814
57.25031	1908	2158	-250	1822
57.35057	1916	2162	-246	1830
57.45085	1900	2166	-266	1838
57.55112	1890	2170	-280	1847
57.65139	1980	2174	-194	1855
57.75166	1914	2178	-264	1864
57.85192	2043	2181	-138	1873
57.95219	2033	2185	-152	1881
58.05247	2060	2189	-129	1890
58.15274	2092	2193	-101	1899
58.25301	2161	2197	-36	1908
58.35328	2229	2201	28	1916
58.45354	2401	2205	196	1925
58.55382	2254	2209	45	1934
58.65409	2168	2213	-45	1943
58.75436	2124	2218	-94	1952
58.85463	2096	2222	-126	1961
58.9549	2093	2226	-133	1970
59.05516	2209	2230	-21	1978
59.15544	2161	2234	-73	1987
59.25571	2216	2238	-22	1996
59.35598	2214	2242	-28	2004
59.45625	2216	2246	-30	2013
59.55651	2212	2250	-38	2021
59.65678	2146	2254	-108	2030
59.75706	2092	2259	-167	2038
59.85733	2141	2263	-122	2046
59.9576	2102	2267	-165	2054
60.05787	2201	2271	-70	2062
60.15813	2164	2275	-111	2070
60.25841	2201	2279	-78	2078
60.35868	2127	2283	-156	2085
60.45895	2022	2287	-265	2093
60.55922	2088	2292	-204	2100
60.65948	2186	2296	-110	2107
60.75975	2046	2300	-254	2114
60.86003	2105	2304	-199	2120
60.9603	2092	2308	-216	2127
61.06057	2118	2312	-194	2133
61.16084	2117	2317	-200	2140
61.2611	2145	2321	-176	2146
61.36138	2124	2325	-201	2152
61.46165	2177	2329	-152	2158
61.56192	2138	2333	-195	2164
61.66219	2148	2338	-190	2169
61.76245	2149	2342	-193	2175
61.86272	2248	2346	-98	2181
61.963	2170	2350	-180	2186
62.06327	2114	2355	-241	2191
62.16354	2228	2359	-131	2197
62.26381	2226	2363	-137	2202
62.36407	2226	2367	-141	2207
62.46435	2169	2372	-203	2212
62.56462	2327	2376	-49	2217
62.66489	2361	2380	-19	2222
62.76516	2242	2384	-142	2227
62.86543	2294	2389	-95	2232
62.96569	2221	2393	-172	2237
63.06597	2294	2397	-103	2242
63.16624	2237	2402	-165	2247
63.26651	2124	2406	-282	2251
63.36678	2310	2410	-100	2256
63.46704	2153	2415	-262	2261
63.56731	2335	2419	-84	2266
63.66759	2210	2423	-213	2271
63.76786	2179	2428	-249	2275
63.86813	2268	2432	-164	2280
63.9684	2316	2436	-120	2285
64.06866	2347	2441	-94	2290
64.16894	2376	2445	-69	2295
64.2692	2418	2449	-31	2300
64.36948	2266	2454	-188	2305
64.46975	2321	2458	-137	2310
64.57001	2321	2462	-141	2315
64.67029	2336	2467	-131	2321
64.77055	2361	2471	-110	2326
64.87083	2316	2476	-160	2331
64.9711	2432	2480	-48	2337
65.07137	2409	2485	-76	2342
65.17164	2279	2489	-210	2348
65.2719	2514	2493	21	2354
65.37218	2375	2498	-123	2360
65.47244	2324	2502	-178	2366
65.57272	2277	2507	-230	2372
65.67299	2412	2511	-99	2378
65.77325	2528	2516	12	2384
65.87353	2407	2520	-113	2391
65.97379	2498	2525	-27	2397
66.07407	2445	2529	-84	2404
66.17434	2458	2534	-76	2411
66.2746	2456	2538	-82	2418
66.37488	2508	2543	-35	2425
66.47514	2560	2548	12	2432
66.57542	2760	2552	208	2439
66.67569	2881	2557	324	2446
66.77596	3036	2561	475	2454
66.87623	3508	2566	942	2461
66.97649	4041	2571	1470	2469
67.07677	5091	2575	2516	2476
67.17703	5074	2580	2494	2484
67.27731	4497	2585	1912	2492
67.37758	3705	2589	1116	2500
67.47784	2974	2594	380	2507
67.57812	2883	2599	284	2515
67.67838	2663	2603	60	2523
67.77866	2750	2608	142	2531
67.87893	2789	2613	176	2540
67.97919	2821	2618	203	2548
68.07947	2691	2623	68	2556
68.17973	2609	2628	-19	2564
68.28001	2746	2632	114	2572
68.38028	2660	2637	23	2581
68.48055	2776	2641	135	2589
68.58082	2676	2646	30	2597
68.68108	2852	2651	201	2606
68.78136	2800	2656	144	2614
68.88163	2764	2661	103	2622
68.9819	2887	2666	221	2631
69.08217	2993	2672	321	2639
69.18243	2974	2677	297	2648
69.28271	3034	2682	352	2656
69.38297	3102	2687	415	2665
69.48325	3033	2693	340	2673
69.58352	3141	2698	443	2682
69.68378	3193	2704	489	2690
69.78406	3353	2709	644	2698
69.88432	3445	2715	730	2707
69.9846	3258	2721	537	2715
70.08487	3150	2726	424	2723
70.18513	2974	2732	242	2732
70.28541	2890	2738	152	2740
70.38567	2911	2744	167	2748
70.48595	2842	2751	91	2756
70.58622	2841	2757	84	2765
70.68649	2813	2763	50	2773
70.78676	2853	2770	83	2781
70.88702	2874	2777	97	2789
70.9873	2862	2784	78	2797
71.08756	2860	2792	68	2805
71.18784	2802	2799	3	2813
71.28811	2945	2807	138	2820
71.38837	2875	2815	60	2828
71.48865	2842	2823	19	2836
71.58891	2967	2832	135	2843
71.68919	2968	2841	127	2851
71.78946	3117	2851	266	2858
71.88972	2968	2861	107	2865
71.99	3094	2872	222	2873
72.09026	3051	2883	168	2880
72.19054	2972	2896	76	2887
72.29081	3021	2909	112	2894
72.39108	3101	2923	178	2901
72.49135	2981	2938	43	2907
72.59161	3075	2955	120	2914
72.69189	3071	2972	99	2920
72.79216	3059	2992	67	2927
72.89243	3020	3013	7	2933
72.9927	2969	3036	-67	2939
73.09296	3117	3062	55	2945
73.19324	3081	3090	-9	2951
73.2935	3091	3120	-29	2957
73.39378	3103	3152	-49	2963
73.49405	3073	3186	-113	2968
73.59431	3107	3222	-115	2973
73.69459	3156	3258	-102	2979
73.79485	3193	3293	-100	2984
73.89513	3516	3326	190	2989
73.9954	3508	3354	154	2993
74.09566	3454	3377	77	2998
74.19594	3548	3391	157	3003
74.2962	3573	3381	192	3007
74.39648	3132	3344	-212	3011
74.49675	3256	3291	-35	3015
74.59702	3150	3230	-80	3020
74.69729	3220	3172	48	3024
74.79755	3102	3124	-22	3027
74.89783	3028	3087	-59	3031
74.99809	3091	3059	32	3035
75.09837	3085	3039	46	3039
75.19864	3164	3024	140	3042
75.2989	3178	3014	164	3046
75.39918	3094	3007	87	3049
75.49944	3000	3002	-2	3053
75.59972	3045	2999	46	3056
75.69999	3165	2997	168	3059
75.80025	3133	2997	136	3062
75.90053	3121	2997	124	3066
76.00079	3145	2998	147	3069
76.10107	2994	2999	-5	3072
76.20134	3215	3001	214	3075
76.30161	3059	3004	55	3078
76.40188	3011	3006	5	3081
76.50214	3218	3009	209	3084
76.60242	3127	3012	115	3087
76.70269	3219	3016	203	3090
76.80296	3175	3019	156	3093
76.90323	3187	3023	164	3096
77.00349	3114	3027	87	3099
77.10377	3151	3031	120	3103
77.20403	3080	3035	45	3106
77.30431	3167	3039	128	3109
77.40458	3206	3043	163	3112
77.50484	3152	3047	105	3115
77.60512	3265	3051	214	3118
77.70538	3156	3055	101	3122
77.80566	3243	3060	183	3125
77.90593	3137	3064	73	3128
78.0062	3010	3068	-58	3132
78.10647	3208	3073	135	3135
78.20673	3198	3077	121	3139
78.30701	3217	3082	135	3143
78.40728	3328	3087	241	3146
78.50755	3353	3091	262	3150
78.60782	3330	3096	234	3154
78.70808	3559	3100	459	3158
78.80836	3737	3105	632	3162
78.90862	3963	3109	854	3165
79.0089	4154	3114	1040	3169
79.10917	4521	3119	1402	3173
79.20943	5082	3123	1959	3177
79.30971	5677	3128	2549	3181
79.40997	6518	3133	3385	3186
79.51025	8034	3138	4896	3190
79.61052	8572	3142	5430	3194
79.71078	6951	3147	3804	3198
79.81106	6250	3152	3098	3202
79.91132	5144	3157	1987	3206
80.0116	4205	3161	1044	3210
80.11187	3659	3166	493	3215
80.21214	3704	3171	533	3219
80.31241	3553	3176	377	3223
80.41267	3572	3181	391	3227
80.51295	3723	3186	537	3231
80.61322	3752	3191	561	3235
80.71349	3990	3195	795	3240
80.81376	3849	3200	649	3244
80.91402	3675	3205	470	3248
81.0143	3542	3210	332	3252
81.11456	3333	3215	118	3256
81.21484	3437	3220	217	3260
81.31511	3259	3225	34	3264
81.41537	3371	3230	141	3268
81.51565	3285	3235	50	3272
81.61591	3259	3240	19	3276
81.71619	3139	3245	-106	3280
81.81646	3360	3250	110	3283
81.91673	3229	3255	-26	3287
82.017	3308	3260	48	3291
82.11726	3358	3265	93	3294
82.21754	3250	3270	-20	3298
82.31781	3307	3275	32	3302
82.41808	3366	3280	86	3305
82.51835	3311	3286	25	3308
82.61861	3463	3291	172	3312
82.71889	3425	3296	129	3315
82.81915	3500	3301	199	3318
82.91943	3554	3306	248	3321
83.0197	3584	3311	273	3325
83.11996	3505	3317	188	3328
83.22024	3457	3322	135	3331
83.3205	3340	3327	13	3334
83.42078	3491	3333	158	3337
83.52105	3266	3338	-72	3340
83.62132	3340	3343	-3	3343
83.72159	3349	3349	0	3346
83.82185	3315	3354	-39	3349
83.92213	3480	3359	121	3351
84.0224	3436	3365	71	3354
84.12267	3492	3370	122	3357
84.22294	3502	3376	126	3360
84.3232	3324	3382	-58	3363
84.42348	3459	3387	72	3366
84.52375	3339	3393	-54	3369
84.62402	3521	3399	122	3372
84.72429	3411	3404	7	3374
84.82455	3399	3410	-11	3377
84.92483	3348	3416	-68	3380
85.02509	3362	3422	-60	3383
85.12537	3419	3428	-9	3386
85.22564	3409	3434	-25	3389
85.3259	3314	3440	-126	3392
85.42618	3438	3446	-8	3395
85.52644	3543	3452	91	3398
85.62672	3349	3459	-110	3401
85.72699	3408	3465	-57	3404
85.82726	3524	3471	53	3407
85.92753	3653	3478	175	3410
86.02779	3687	3485	202	3413
86.12807	3674	3491	183	3417
86.22834	3860	3498	362	3420
86.32861	3772	3505	267	3423
86.42888	3768	3513	255	3427
86.52914	3614	3520	94	3430
86.62942	3703	3528	175	3433
86.72968	3581	3536	45	3437
86.82996	3566	3544	22	3441
86.93023	3510	3552	-42	3444
87.03049	3546	3561	-15	3448
87.13077	3553	3570	-17	3452
87.23103	3528	3579	-51	3456
87.33131	3418	3589	-171	3460
87.43158	3511	3599	-88	3464
87.53185	3484	3609	-125	3468
87.63212	3493	3620	-127	3472
87.73238	3546	3632	-86	3477
87.83266	3399	3644	-245	3481
87.93293	3446	3657	-211	3486
88.0332	3600	3671	-71	3490
88.13347	3521	3685	-164	3495
88.23373	3596	3701	-105	3500
88.33401	3565	3718	-153	3505
88.43428	3469	3736	-267	3510
88.53455	3476	3755	-279	3515
88.63482	3512	3776	-264	3520
88.73508	3591	3798	-207	3525
88.83536	3548	3822	-274	3530
88.93562	3624	3848	-224	3536
89.0359	3571	3875	-304	3541
89.13617	3624	3905	-281	3546
89.23643	3643	3935	-292	3552
89.33671	3737	3967	-230	3558
89.43697	3844	4000	-156	3563
89.53725	3875	4032	-157	3569
89.63752	3890	4063	-173	3575
89.73779	4018	4092	-74	3581
89.83806	4125	4118	7	3586
89.93832	4199	4138	61	3592
90.0386	3966	4153	-187	3598
90.13887	3960	4147	-187	3604
90.23914	3912	4113	-201	3610
90.33941	3859	4068	-209	3617
90.43967	3832	4016	-184	3623
90.53995	3956	3960	-4	3629
90.64021	3934	3910	24	3635
90.74049	3906	3870	36	3641
90.84076	3881	3840	41	3648
90.94102	3943	3819	124	3654
91.0413	3950	3803	147	3660
91.14156	3884	3792	92	3667
91.24184	3934	3785	149	3673
91.34211	3837	3781	56	3679
91.44238	3734	3778	-44	3686
91.54265	3750	3777	-27	3692
91.64291	3713	3778	-65	3699
91.74319	3835	3779	56	3705
91.84346	3736	3781	-45	3711
91.94373	3795	3784	11	3718
92.044	3799	3787	12	3724
92.14426	3773	3791	-18	3731
92.24454	3868	3795	73	3737
92.34481	3813	3799	14	3743
92.44508	3695	3804	-109	3750
92.54535	3730	3809	-79	3756
92.64561	3751	3814	-63	3763
92.74589	3884	3820	64	3769
92.84615	3773	3826	-53	3775
92.94643	3820	3832	-12	3782
93.0467	3896	3839	57	3788
93.14697	3912	3845	67	3794
93.24724	3873	3852	21	3800
93.3475	3869	3860	9	3807
93.44778	3876	3867	9	3813
93.54805	3950	3875	75	3819
93.64832	3993	3884	109	3825
93.74859	3899	3892	7	3831
93.84885	3970	3902	68	3837
93.94913	4062	3911	151	3843
94.0494	4036	3922	114	3849
94.14967	4273	3932	341	3855
94.24994	4168	3943	225	3861
94.3502	4290	3954	336	3867
94.45048	4286	3966	320	3873
94.55075	4413	3978	435	3878
94.65102	4598	3991	607	3884
94.75129	4619	4003	616	3890
94.85155	4710	4015	695	3895
94.95183	4725	4026	699	3901
95.05209	4584	4036	548	3906
95.15237	4645	4045	600	3912
95.25264	4522	4053	469	3917
95.35291	4341	4056	285	3922
95.45318	4371	4051	320	3927
95.55344	4131	4042	89	3932
95.65372	3944	4032	-88	3937
95.75399	4092	4021	71	3942
95.85426	3952	4011	-59	3947
95.95453	3959	4003	-44	3952
96.05479	3979	3997	-18	3957
96.15507	4096	3994	102	3961
96.25534	3942	3993	-51	3966
96.35561	3999	3993	6	3970
96.45588	3988	3995	-7	3975
96.55614	3993	3997	-4	3979
96.65642	4013	4000	13	3983
96.75668	4037	4003	34	3987
96.85696	4041	4007	34	3991
96.95723	3947	4011	-64	3995
97.0575	4004	4015	-11	3999
97.15777	3963	4019	-56	4002
97.25803	4081	4024	57	4006
97.35831	4044	4028	16	4009
97.45858	3935	4033	-98	4013
97.55885	4083	4037	46	4016
97.65912	4044	4042	2	4019
97.75938	3946	4047	-101	4022
97.85966	4088	4052	36	4025
97.95993	4104	4057	47	4028
98.0602	4017	4062	-45	4031
98.16047	4013	4067	-54	4033
98.26073	4306	4072	234	4036
98.36101	4214	4077	137	4038
98.46128	4452	4082	370	4041
98.56155	4205	4087	118	4043
98.66182	4350	4092	258	4046
98.76208	4283	4098	185	4048
98.86236	4268	4103	165	4051
98.96262	4268	4108	160	4053
99.0629	4121	4113	8	4055
99.16317	4088	4118	-30	4057
99.26344	4088	4124	-36	4060
99.36371	4071	4129	-58	4062
99.46397	4138	4134	4	4064
99.56425	4048	4139	-91	4067
99.66452	4043	4145	-102	4069
99.76479	4115	4150	-35	4071
99.86506	4078	4155	-77	4074
99.96532	4108	4161	-53	4076
100.0656	4084	4166	-82	4079
100.1659	4085	4171	-86	4081
100.2661	4073	4176	-103	4084
100.3664	4049	4182	-133	4086
100.4667	4116	4187	-71	4089
100.5669	4033	4192	-159	4092
100.6672	4027	4198	-171	4095
100.7675	4105	4203	-98	4098
100.8678	4096	4208	-112	4101
100.968	4061	4214	-153	4104
101.0683	4011	4219	-208	4107
101.1686	4132	4224	-92	4110
101.2688	4005	4230	-225	4114
101.3691	4164	4235	-71	4118
101.4694	4072	4241	-169	4121
101.5696	4215	4246	-31	4125
101.6699	4109	4251	-142	4129
101.7702	4036	4257	-221	4133
101.8705	4147	4262	-115	4138
101.9707	4217	4267	-50	4142
102.071	4169	4273	-104	4147
102.1713	4133	4278	-145	4152
102.2715	4103	4284	-181	4157
102.3718	4166	4289	-123	4162
102.4721	4111	4295	-184	4167
102.5723	4163	4300	-137	4172
102.6726	4134	4305	-171	4177
102.7729	4448	4311	137	4183
102.8732	4261	4316	-55	4188
102.9734	4276	4322	-46	4194
103.0737	4361	4327	34	4200
103.174	4249	4333	-84	4206
103.2742	4254	4338	-84	4211
103.3745	4096	4344	-248	4217
103.4748	4235	4349	-114	4223
103.5751	4432	4355	77	4229
103.6753	4183	4360	-177	4235
103.7756	4259	4365	-106	4241
103.8759	4093	4371	-278	4247
103.9761	4138	4376	-238	4253
104.0764	4239	4382	-143	4259
104.1767	4303	4387	-84	4266
104.2769	4143	4393	-250	4272
104.3772	4198	4398	-200	4278
104.4775	4260	4404	-144	4284
104.5777	4177	4409	-232	4290
104.678	4207	4415	-208	4296
104.7783	4276	4420	-144	4302
104.8786	4231	4426	-195	4307
104.9788	4227	4431	-204	4313
105.0791	4309	4437	-128	4319
105.1794	4213	4442	-229	4325
105.2796	4329	4448	-119	4330
105.3799	4398	4453	-55	4336
105.4802	4395	4459	-64	4341
105.5804	4348	4465	-117	4347
105.6807	4347	4470	-123	4352
105.781	4451	4476	-25	4357
105.8813	4309	4481	-172	4362
105.9815	4354	4487	-133	4367
106.0818	4405	4492	-87	4371
106.1821	4342	4498	-156	4376
106.2823	4360	4503	-143	4381
106.3826	4376	4509	-133	4385
106.4829	4347	4514	-167	4389
106.5831	4473	4520	-47	4393
106.6834	4495	4526	-31	4398
106.7837	4471	4531	-60	4402
106.884	4542	4537	5	4406
106.9842	4494	4542	-48	4410
107.0845	4491	4548	-57	4413
107.1848	4506	4554	-48	4417
107.285	4440	4559	-119	4421
107.3853	4576	4565	11	4425
107.4856	4546	4571	-25	4428
107.5858	4518	4576	-58	4432
107.6861	4649	4582	67	4435
107.7864	4573	4587	-14	4439
107.8867	4473	4593	-120	4442
107.9869	4455	4599	-144	4446
108.0872	4469	4604	-135	4449
108.1875	4561	4610	-49	4453
108.2877	4529	4616	-87	4456
108.388	4614	4621	-7	4460
108.4883	4507	4627	-120	4463
108.5885	4492	4633	-141	4467
108.6888	4607	4638	-31	4471
108.7891	4367	4644	-277	4474
108.8894	4520	4650	-130	4478
108.9896	4532	4656	-124	4481
109.0899	4566	4661	-95	4485
109.1902	4609	4667	-58	4489
109.2904	4620	4673	-53	4493
109.3907	4375	4678	-303	4497
109.491	4663	4684	-21	4501
109.5912	4529	4690	-161	4505
109.6915	4439	4696	-257	4509
109.7918	4504	4701	-197	4513
109.8921	4585	4707	-122	4517
109.9923	4572	4713	-141	4522
110.0926	4725	4719	6	4526
110.1929	4504	4724	-220	4531
110.2931	4577	4730	-153	4536
110.3934	4588	4736	-148	4540
110.4937	4528	4742	-214	4545
110.5939	4538	4747	-209	4551
110.6942	4635	4753	-118	4556
110.7945	4544	4759	-215	4561
110.8948	4640	4765	-125	4567
110.995	4654	4771	-117	4572
111.0953	4510	4777	-267	4578
111.1956	4569	4782	-213	4584
111.2958	4588	4788	-200	4590
111.3961	4743	4794	-51	4597
111.4964	4569	4800	-231	4603
111.5966	4579	4806	-227	4610
111.6969	4677	4812	-135	4617
111.7972	4503	4818	-315	4624
111.8975	4694	4824	-130	4632
111.9977	4725	4830	-105	4639
112.098	4687	4836	-149	4647
112.1983	4554	4842	-288	4655
112.2985	4718	4848	-130	4663
112.3988	4544	4854	-310	4671
112.4991	4811	4860	-49	4679
112.5993	4642	4866	-224	4688
112.6996	4733	4872	-139	4697
112.7999	4765	4878	-113	4705
112.9002	4654	4884	-230	4714
113.0004	4774	4890	-116	4723
113.1007	4743	4896	-153	4732
113.201	4686	4902	-216	4741
113.3012	4659	4909	-250	4751
113.4015	4750	4915	-165	4760
113.5018	4814	4921	-107	4769
113.6021	4705	4927	-222	4779
113.7023	4951	4934	17	4788
113.8026	4870	4940	-70	4798
113.9029	4972	4946	26	4807
114.0031	4859	4953	-94	4816
114.1034	4935	4959	-24	4826
114.2037	4996	4966	30	4835
114.3039	5004	4973	31	4845
114.4042	5090	4979	111	4854
114.5045	5184	4986	198	4864
114.6047	5151	4993	158	4873
114.705	5400	5000	400	4882
114.8053	5360	5007	353	4891
114.9056	5583	5014	569	4901
115.0058	5647	5021	626	4910
115.1061	6069	5028	1041	4918
115.2064	6057	5036	1021	4927
115.3066	5851	5043	808	4936
115.4069	5744	5050	694	4945
115.5072	5702	5058	644	4953
115.6074	5461	5066	395	4961
115.7077	5534	5074	460	4969
115.808	5435	5082	353	4977
115.9083	5195	5090	105	4985
116.0085	5351	5098	253	4993
116.1088	5395	5106	289	5000
116.2091	5202	5115	87	5008
116.3093	5252	5123	129	5015
116.4096	5217	5131	86	5022
116.5099	5120	5139	-19	5029
116.6101	5274	5147	127	5035
116.7104	5334	5155	179	5042
116.8107	5290	5163	127	5048
116.911	5471	5171	300	5055
117.0112	5559	5178	381	5061
117.1115	5400	5185	215	5067
117.2118	5537	5190	347	5072
117.312	5531	5191	340	5078
117.4123	5666	5191	475	5084
117.5126	5713	5190	523	5089
117.6128	5778	5191	587	5094
117.7131	5823	5191	632	5099
117.8134	6240	5191	1049	5104
117.9137	6085	5191	894	5109
118.0139	6062	5192	870	5114
118.1142	5758	5194	564	5119
118.2145	5706	5197	509	5123
118.3147	5685	5201	484	5128
118.415	5570	5205	365	5132
118.5153	5423	5209	214	5136
118.6155	5314	5214	100	5140
118.7158	5432	5219	213	5144
118.8161	5320	5224	96	5148
118.9164	5297	5230	67	5152
119.0166	5282	5235	47	5156
119.1169	5354	5241	113	5160
119.2172	5291	5246	45	5163
119.3174	5294	5252	42	5167
119.4177	5250	5258	-8	5170
119.518	5150	5263	-113	5173
119.6182	5257	5269	-12	5176
119.7185	5432	5275	157	5180
119.8188	5380	5281	99	5183
119.9191	5339	5286	53	5186
120.0193	5361	5292	69	5189
120.1196	5250	5298	-48	5191
120.2199	5446	5304	142	5194
120.3201	5439	5310	129	5197
120.4204	5496	5316	180	5200
120.5207	5464	5322	142	5202
120.6209	5301	5328	-27	5205
120.7212	5540	5334	206	5207
120.8215	5473	5339	134	5210
120.9218	5388	5345	43	5212
121.022	5500	5351	149	5215
121.1223	5517	5357	160	5217
121.2226	5443	5363	80	5219
121.3228	5367	5369	-2	5221
121.4231	5371	5375	-4	5224
121.5234	5431	5381	50	5226
121.6236	5358	5387	-29	5228
121.7239	5561	5393	168	5230
121.8242	5493	5399	94	5232
121.9245	5519	5405	114	5234
122.0247	5361	5411	-50	5236
122.125	5481	5417	64	5238
122.2253	5297	5423	-126	5240
122.3255	5457	5429	28	5242
122.4258	5425	5435	-10	5244
122.5261	5384	5441	-57	5246
122.6264	5403	5447	-44	5248
122.7266	5365	5453	-88	5251
122.8269	5499	5459	40	5253
122.9272	5351	5465	-114	5255
123.0274	5514	5471	43	5257
123.1277	5559	5477	82	5259
123.228	5386	5483	-97	5261
123.3282	5336	5489	-153	5263
123.4285	5317	5495	-178	5265
123.5288	5284	5501	-217	5267
123.6291	5334	5507	-173	5269
123.7293	5183	5514	-330	5271
123.8296	5268	5520	-252	5273
123.9299	5343	5526	-183	5275
124.0301	5407	5532	-125	5278
124.1304	5455	5538	-83	5280
124.2307	5371	5544	-173	5282
124.3309	5367	5550	-183	5284
124.4312	5387	5556	-169	5287
124.5315	5455	5562	-107	5289
124.6317	5360	5568	-208	5291
124.732	5361	5574	-213	5294
124.8323	5439	5581	-142	5296
124.9326	5524	5587	-63	5299
125.0328	5522	5593	-71	5301
125.1331	5397	5599	-202	5303
125.2334	5447	5605	-158	5306
125.3336	5580	5611	-31	5308
125.4339	5438	5617	-179	5311
125.5342	5509	5623	-114	5313
125.6344	5428	5630	-202	5316
125.7347	5570	5636	-66	5319
125.835	5472	5642	-170	5321
125.9353	5450	5648	-198	5324
126.0355	5434	5654	-220	5326
126.1358	5507	5660	-153	5329
126.2361	5467	5666	-199	5332
126.3363	5465	5673	-208	5334
126.4366	5523	5679	-156	5337
126.5369	5500	5685	-185	5340
126.6371	5365	5691	-326	5342
126.7374	5452	5697	-245	5345
126.8377	5389	5703	-314	5348
126.938	5457	5710	-253	5351
127.0382	5416	5716	-300	5354
127.1385	5485	5722	-237	5356
127.2388	5504	5728	-224	5359
127.339	5585	5734	-149	5362
127.4393	5510	5740	-230	5365
127.5396	5507	5747	-240	5368
127.6398	5486	5753	-267	5370
127.7401	5469	5759	-290	5373
127.8404	5685	5765	-80	5376
127.9407	5618	5771	-153	5379
128.0409	5463	5778	-315	5382
128.1412	5717	5784	-67	5385
128.2415	5540	5790	-250	5388
128.3417	5632	5796	-164	5390
128.442	5596	5802	-206	5393
128.5423	5535	5809	-274	5396
128.6425	5602	5815	-213	5399
128.7428	5383	5821	-438	5402
128.8431	5589	5827	-238	5405
128.9434	5571	5834	-263	5408
129.0436	5470	5840	-370	5411
129.1439	5504	5846	-342	5414
129.2442	5441	5852	-411	5417
129.3444	5641	5859	-218	5420
129.4447	5619	5865	-246	5423
129.545	5707	5871	-164	5426
129.6452	5594	5877	-283	5429
129.7455	5558	5884	-326	5431
129.8458	5729	5890	-161	5434
