0465_HM_Cu5GePd6
Wavelength = 1.54059Ċ, !20.05°/119.719°/0.10027°/1(s), I(p)=51801/758, Cu(45kV,40mA), Friday, February 27, 2026, 1:30 PM
Angle	I(o)	I(c)	I(d)	I(b)
20.05013	758	727	31	789
20.1504	788	728	60	791
20.25068	822	728	94	794
20.35094	813	729	84	796
20.45121	816	730	86	798
20.55149	823	731	92	801
20.65175	845	732	113	803
20.75203	806	732	74	805
20.85229	873	733	140	807
20.95256	794	734	60	809
21.05284	787	735	52	811
21.1531	791	736	55	813
21.25337	781	736	45	815
21.35365	800	737	63	817
21.45391	809	738	71	819
21.55418	800	739	61	821
21.65446	822	740	82	823
21.75472	807	741	66	824
21.85499	800	742	58	826
21.95527	826	742	84	827
22.05553	886	743	143	829
22.15581	848	744	104	830
22.25607	783	745	38	831
22.35634	839	746	93	832
22.45662	852	747	105	833
22.55688	832	748	84	834
22.65715	821	749	72	835
22.75743	832	750	82	836
22.85769	797	750	47	837
22.95796	807	751	56	837
23.05824	802	753	49	838
23.1585	820	754	66	838
23.25877	817	755	62	838
23.35905	820	756	64	838
23.45931	825	757	68	839
23.55959	828	758	70	839
23.65985	824	759	65	839
23.76012	808	760	48	839
23.8604	847	761	86	838
23.96066	822	762	60	838
24.06093	820	763	57	838
24.16121	829	764	65	838
24.26147	850	765	85	837
24.36174	785	766	19	837
24.46202	863	767	96	836
24.56228	870	768	102	836
24.66256	783	769	14	835
24.76283	804	770	34	835
24.86309	842	771	71	834
24.96337	815	772	43	834
25.06363	824	773	51	833
25.1639	812	775	37	832
25.26418	838	776	62	832
25.36444	850	777	73	831
25.46471	812	779	33	830
25.56499	789	780	9	829
25.66525	824	781	43	828
25.76552	801	782	19	828
25.8658	809	783	26	827
25.96606	846	785	61	826
26.06634	858	786	72	825
26.1666	888	787	101	824
26.26687	832	788	44	823
26.36715	834	790	44	823
26.46741	808	791	17	822
26.56768	802	792	10	821
26.66796	812	794	18	820
26.76822	848	795	53	819
26.86849	819	796	23	819
26.96877	803	798	5	818
27.06903	885	799	86	817
27.16931	865	801	64	816
27.26958	816	802	14	816
27.36984	783	804	-21	815
27.47012	845	806	39	815
27.57038	844	807	37	814
27.67065	840	809	31	813
27.77093	840	811	29	813
27.87119	873	821	52	812
27.97146	923	827	96	812
28.07174	927	829	98	812
28.172	847	832	15	811
28.27227	874	835	39	811
28.37255	904	838	66	811
28.47281	865	841	24	810
28.57309	927	845	82	810
28.67336	868	850	18	810
28.77362	921	855	66	810
28.8739	946	862	84	810
28.97416	942	870	72	810
29.07443	995	881	114	810
29.17471	1049	896	153	810
29.27497	980	917	63	810
29.37524	1085	949	136	810
29.47552	1127	1002	125	810
29.57578	1202	1099	103	811
29.67606	1264	1301	-37	811
29.77633	1283	1767	-484	811
29.87659	1231	2516	-1285	812
29.97687	1189	2135	-946	812
30.07714	1146	1332	-186	813
30.1774	1084	1055	29	813
30.27768	978	962	16	814
30.37794	1001	922	79	814
30.47821	887	902	-15	815
30.57849	938	891	47	816
30.67875	911	885	26	817
30.77902	923	881	42	817
30.8793	901	879	22	818
30.97956	892	878	14	819
31.07984	835	878	-43	820
31.18011	865	878	-13	821
31.28037	845	878	-33	822
31.38065	850	880	-30	824
31.48092	861	881	-20	825
31.58118	923	882	41	826
31.68146	808	883	-75	827
31.78172	826	885	-59	829
31.88199	849	886	-37	830
31.98227	913	888	25	832
32.08253	895	889	6	833
32.1828	898	891	7	835
32.28307	879	893	-14	837
32.38335	906	894	12	838
32.48362	888	896	-8	840
32.58389	846	898	-52	842
32.68415	836	900	-64	844
32.78442	910	902	8	846
32.8847	918	905	13	848
32.98497	837	907	-70	850
33.08524	867	909	-42	852
33.1855	882	910	-28	854
33.28577	922	912	10	856
33.38604	863	915	-52	858
33.48632	835	917	-82	860
33.58659	932	919	13	862
33.68686	898	921	-23	865
33.78712	897	923	-26	867
33.88739	891	926	-35	869
33.98766	859	928	-69	872
34.08794	909	931	-22	874
34.18821	879	933	-54	876
34.28848	860	935	-75	879
34.38874	912	937	-25	881
34.48901	886	940	-54	884
34.58929	912	943	-31	886
34.68956	860	945	-85	889
34.78983	877	948	-71	891
34.89009	888	951	-63	894
34.99036	897	953	-56	896
35.09063	850	956	-106	899
35.19091	943	959	-16	902
35.29118	889	962	-73	904
35.39145	937	965	-28	907
35.49171	961	968	-7	910
35.59198	897	971	-74	912
35.69226	929	974	-45	915
35.79253	969	977	-8	917
35.8928	922	981	-59	920
35.99306	899	984	-85	923
36.09333	969	988	-19	925
36.1936	906	991	-85	928
36.29388	919	995	-76	931
36.39415	948	998	-50	933
36.49442	965	1002	-37	936
36.59468	938	1006	-68	939
36.69495	961	1010	-49	941
36.79523	985	1014	-29	944
36.8955	946	1018	-72	947
36.99577	921	1023	-102	949
37.09604	927	1027	-100	952
37.1963	989	1032	-43	954
37.29657	940	1037	-97	957
37.39685	936	1042	-106	960
37.49712	937	1047	-110	962
37.59739	981	1052	-71	965
37.69765	1000	1058	-58	967
37.79792	1011	1064	-53	970
37.89819	1025	1070	-45	972
37.99847	1012	1077	-65	975
38.09874	1106	1083	23	977
38.19901	1118	1090	28	980
38.29927	1100	1098	2	982
38.39954	1117	1105	12	984
38.49982	1251	1113	138	987
38.60009	1168	1122	46	989
38.70036	1084	1131	-47	992
38.80062	1085	1140	-55	994
38.90089	1017	1151	-134	996
39.00116	1067	1161	-94	998
39.10144	1070	1173	-103	1000
39.20171	1096	1185	-89	1003
39.30198	1088	1198	-110	1005
39.40224	1094	1213	-119	1007
39.50251	965	1228	-263	1009
39.60279	1065	1244	-179	1011
39.70306	1019	1262	-243	1013
39.80333	1058	1282	-224	1015
39.90359	1090	1303	-213	1017
40.00386	1039	1328	-289	1019
40.10413	1020	1354	-334	1020
40.20441	1206	1382	-176	1022
40.30468	1228	1414	-186	1024
40.40495	1197	1449	-252	1026
40.50521	1247	1489	-242	1027
40.60548	1312	1534	-222	1029
40.70576	1344	1585	-241	1030
40.80603	1456	1643	-187	1032
40.9063	1690	1711	-21	1034
41.00657	1809	1788	21	1035
41.10683	2026	1879	147	1036
41.2071	2183	1987	196	1038
41.30738	2486	2115	371	1039
41.40765	2766	2270	496	1041
41.50792	2991	2459	532	1042
41.60818	3155	2693	462	1043
41.70845	3327	2988	339	1045
41.80872	3555	3368	187	1046
41.909	4086	3867	219	1047
42.00927	4903	4539	364	1048
42.10954	5546	5471	75	1049
42.2098	7039	6813	226	1051
42.31007	9019	8822	197	1052
42.41035	12448	11964	484	1053
42.51062	18746	17071	1675	1054
42.61089	29495	25369	4126	1055
42.71115	43773	37017	6756	1056
42.81142	51801	46071	5730	1057
42.91169	42445	37435	5010	1059
43.01197	24909	22078	2831	1060
43.11224	13503	11827	1676	1061
43.21251	7955	7210	745	1062
43.31277	5338	4978	360	1063
43.41304	3941	3763	178	1064
43.51332	3176	3036	140	1065
43.61359	2674	2569	105	1066
43.71386	2360	2252	108	1067
43.81413	2137	2027	110	1068
43.91439	1931	1863	68	1069
44.01466	1842	1740	102	1070
44.11494	1808	1644	164	1072
44.21521	1740	1570	170	1073
44.31548	1617	1510	107	1074
44.41574	1591	1462	129	1075
44.51601	1573	1423	150	1076
44.61629	1477	1390	87	1077
44.71656	1497	1363	134	1078
44.81683	1525	1340	185	1080
44.9171	1411	1321	90	1081
45.01736	1436	1305	131	1082
45.11763	1378	1291	87	1083
45.21791	1334	1279	55	1084
45.31818	1385	1269	116	1085
45.41845	1392	1261	131	1087
45.51871	1331	1253	78	1088
45.61898	1417	1247	170	1089
45.71925	1387	1241	146	1090
45.81953	1319	1237	82	1091
45.9198	1285	1233	52	1092
46.02007	1331	1229	102	1093
46.12033	1344	1226	118	1095
46.2206	1282	1224	58	1096
46.32088	1324	1222	102	1097
46.42115	1327	1220	107	1098
46.52142	1397	1219	178	1099
46.62169	1374	1218	156	1100
46.72195	1378	1218	160	1101
46.82222	1406	1218	188	1102
46.9225	1512	1217	295	1103
47.02277	1468	1217	251	1104
47.12304	1512	1218	294	1105
47.2233	1438	1218	220	1106
47.32357	1351	1218	133	1107
47.42385	1396	1219	177	1108
47.52412	1433	1220	213	1109
47.62439	1325	1221	104	1110
47.72466	1417	1222	195	1111
47.82492	1292	1223	69	1112
47.92519	1382	1224	158	1112
48.02547	1486	1225	261	1113
48.12574	1442	1227	215	1114
48.22601	1399	1228	171	1115
48.32627	1404	1230	174	1115
48.42654	1332	1231	101	1116
48.52682	1256	1233	23	1117
48.62709	1243	1235	8	1117
48.72736	1254	1237	17	1118
48.82763	1206	1239	-33	1119
48.92789	1136	1241	-105	1119
49.02816	1217	1243	-26	1120
49.12844	1183	1245	-62	1120
49.22871	1128	1247	-119	1121
49.32898	1170	1249	-79	1121
49.42924	1130	1251	-121	1121
49.52951	1126	1254	-128	1122
49.62979	1170	1256	-86	1122
49.73006	1184	1258	-74	1122
49.83033	1134	1261	-127	1122
49.9306	1204	1263	-59	1123
50.03086	1080	1265	-185	1123
50.13113	1143	1268	-125	1123
50.23141	1177	1270	-93	1123
50.33168	1198	1273	-75	1123
50.43195	1105	1266	-161	1123
50.53222	1135	1263	-128	1123
50.63248	1152	1267	-115	1123
50.73275	1105	1270	-165	1123
50.83303	1209	1273	-64	1123
50.9333	1162	1276	-114	1123
51.03357	1164	1280	-116	1123
51.13383	1141	1283	-142	1123
51.2341	1180	1287	-107	1123
51.33438	1146	1290	-144	1123
51.43465	1146	1294	-148	1123
51.53492	1162	1298	-136	1123
51.63519	1259	1303	-44	1123
51.73545	1195	1307	-112	1124
51.83572	1081	1312	-231	1124
51.936	1195	1318	-123	1124
52.03627	1146	1324	-178	1125
52.13654	1240	1331	-91	1126
52.2368	1164	1339	-175	1126
52.33707	1251	1348	-97	1127
52.43735	1195	1360	-165	1128
52.53762	1247	1376	-129	1129
52.63789	1255	1396	-141	1130
52.73816	1243	1423	-180	1132
52.83842	1301	1458	-157	1133
52.93869	1445	1501	-56	1135
53.03897	1689	1543	146	1136
53.13924	1754	1564	190	1138
53.23951	1702	1528	174	1140
53.33978	1466	1473	-7	1143
53.44004	1321	1425	-104	1145
53.54032	1254	1398	-144	1148
53.64059	1251	1384	-133	1150
53.74086	1164	1378	-214	1153
53.84113	1235	1375	-140	1157
53.94139	1181	1374	-193	1160
54.04166	1193	1374	-181	1164
54.14194	1226	1376	-150	1168
54.24221	1173	1377	-204	1172
54.34248	1174	1380	-206	1176
54.44275	1193	1382	-189	1181
54.54301	1159	1385	-226	1185
54.64328	1226	1387	-161	1190
54.74356	1219	1391	-172	1196
54.84383	1230	1394	-164	1201
54.9441	1153	1397	-244	1207
55.04436	1223	1400	-177	1214
55.14463	1263	1403	-140	1220
55.24491	1238	1406	-168	1227
55.34518	1172	1410	-238	1234
55.44545	1225	1413	-188	1241
55.54572	1261	1416	-155	1248
55.64598	1230	1420	-190	1256
55.74625	1283	1423	-140	1264
55.84653	1293	1427	-134	1272
55.9468	1314	1430	-116	1280
56.04707	1293	1434	-141	1289
56.14734	1307	1437	-130	1297
56.2476	1291	1441	-150	1306
56.34788	1307	1445	-138	1315
56.44815	1275	1449	-174	1323
56.54842	1324	1452	-128	1333
56.64869	1317	1456	-139	1342
56.74895	1372	1460	-88	1351
56.84922	1433	1464	-31	1360
56.9495	1484	1468	16	1369
57.04977	1384	1473	-89	1379
57.15004	1536	1477	59	1388
57.25031	1429	1481	-52	1398
57.35057	1398	1486	-88	1407
57.45085	1419	1490	-71	1416
57.55112	1414	1495	-81	1426
57.65139	1419	1499	-80	1435
57.75166	1391	1504	-113	1445
57.85192	1356	1509	-153	1454
57.95219	1435	1514	-79	1463
58.05247	1435	1519	-84	1472
58.15274	1430	1525	-95	1481
58.25301	1392	1530	-138	1490
58.35328	1460	1536	-76	1499
58.45354	1551	1541	10	1508
58.55382	1472	1548	-76	1516
58.65409	1397	1554	-157	1525
58.75436	1498	1560	-62	1533
58.85463	1518	1567	-49	1541
58.9549	1571	1575	-4	1549
59.05516	1595	1582	13	1557
59.15544	1540	1590	-50	1564
59.25571	1619	1599	20	1571
59.35598	1547	1608	-61	1578
59.45625	1542	1618	-76	1585
59.55651	1580	1628	-48	1592
59.65678	1680	1639	41	1598
59.75706	1585	1651	-66	1605
59.85733	1616	1664	-48	1611
59.9576	1630	1679	-49	1617
60.05787	1761	1695	66	1622
60.15813	1847	1712	135	1628
60.25841	1805	1732	73	1633
60.35868	1895	1755	140	1638
60.45895	1883	1780	103	1643
60.55922	1924	1809	115	1648
60.65948	1837	1842	-5	1653
60.75975	1890	1881	9	1658
60.86003	1964	1927	37	1662
60.9603	1958	1982	-24	1666
61.06057	2020	2048	-28	1671
61.16084	2107	2128	-21	1675
61.2611	2076	2227	-151	1679
61.36138	2193	2350	-157	1683
61.46165	2158	2506	-348	1687
61.56192	2235	2702	-467	1690
61.66219	2235	2949	-714	1694
61.76245	2288	3256	-968	1697
61.86272	2304	3620	-1316	1701
61.963	2357	4016	-1659	1704
62.06327	2373	4379	-2006	1708
62.16354	2387	4615	-2228	1711
62.26381	2294	4451	-2157	1714
62.36407	2248	3922	-1674	1717
62.46435	2234	3289	-1055	1721
62.56462	2224	2751	-527	1724
62.66489	2074	2397	-323	1727
62.76516	2097	2178	-81	1730
62.86543	1884	2040	-156	1733
62.96569	1995	1949	46	1736
63.06597	1947	1888	59	1739
63.16624	1874	1846	28	1742
63.26651	1797	1815	-18	1745
63.36678	1839	1793	46	1748
63.46704	1848	1776	72	1751
63.56731	1897	1765	132	1754
63.66759	1872	1756	116	1758
63.76786	1845	1749	96	1761
63.86813	1773	1744	29	1764
63.9684	1861	1741	120	1767
64.06866	1876	1738	138	1770
64.16894	1940	1737	203	1773
64.2692	1828	1736	92	1777
64.36948	1890	1736	154	1780
64.46975	1843	1737	106	1783
64.57001	1810	1738	72	1786
64.67029	1867	1739	128	1789
64.77055	1870	1741	129	1793
64.87083	1803	1743	60	1796
64.9711	1756	1745	11	1799
65.07137	1889	1747	142	1803
65.17164	1924	1749	175	1806
65.2719	1999	1752	247	1810
65.37218	1895	1755	140	1813
65.47244	1788	1758	30	1817
65.57272	1894	1761	133	1820
65.67299	1906	1764	142	1824
65.77325	1884	1767	117	1827
65.87353	1882	1770	112	1831
65.97379	1856	1774	82	1835
66.07407	1873	1777	96	1838
66.17434	1989	1781	208	1842
66.2746	1914	1784	130	1846
66.37488	1837	1788	49	1850
66.47514	1842	1791	51	1854
66.57542	1967	1796	171	1858
66.67569	1932	1799	133	1862
66.77596	1846	1803	43	1866
66.87623	1884	1807	77	1870
66.97649	1935	1811	124	1874
67.07677	1970	1815	155	1878
67.17703	1893	1819	74	1882
67.27731	1992	1824	168	1887
67.37758	2068	1828	240	1891
67.47784	2021	1832	189	1895
67.57812	1960	1837	123	1900
67.67838	1876	1841	35	1904
67.77866	1892	1846	46	1909
67.87893	1979	1850	129	1913
67.97919	1947	1855	92	1918
68.07947	1895	1860	35	1923
68.17973	2040	1865	175	1928
68.28001	2050	1870	180	1932
68.38028	2112	1875	237	1937
68.48055	2073	1881	192	1942
68.58082	2092	1886	206	1947
68.68108	2124	1892	232	1952
68.78136	2109	1898	211	1957
68.88163	2137	1905	232	1962
68.9819	2030	1911	119	1968
69.08217	2095	1919	176	1973
69.18243	2130	1926	204	1978
69.28271	2203	1935	268	1983
69.38297	2162	1944	218	1988
69.48325	2273	1954	319	1994
69.58352	2296	1965	331	1999
69.68378	2410	1978	432	2004
69.78406	2334	1992	342	2010
69.88432	2432	2008	424	2015
69.9846	2500	2027	473	2021
70.08487	2405	2047	358	2026
70.18513	2503	2068	435	2032
70.28541	2535	2089	446	2037
70.38567	2487	2109	378	2043
70.48595	2525	2124	401	2048
70.58622	2464	2129	335	2054
70.68649	2380	2113	267	2059
70.78676	2493	2091	402	2065
70.88702	2346	2065	281	2071
70.9873	2276	2045	231	2076
71.08756	2301	2031	270	2082
71.18784	2296	2024	272	2087
71.28811	2234	2021	213	2093
71.38837	2131	2020	111	2099
71.48865	2175	2021	154	2104
71.58891	2231	2023	208	2110
71.68919	2212	2026	186	2115
71.78946	2212	2030	182	2121
71.88972	2163	2034	129	2127
71.99	2234	2038	196	2132
72.09026	2265	2043	222	2138
72.19054	2278	2048	230	2143
72.29081	2200	2053	147	2149
72.39108	2207	2058	149	2155
72.49135	2220	2064	156	2160
72.59161	2237	2070	167	2166
72.69189	2105	2075	30	2171
72.79216	2216	2081	135	2177
72.89243	2207	2088	119	2182
72.9927	2212	2094	118	2187
73.09296	2253	2100	153	2193
73.19324	2182	2107	75	2198
73.2935	2230	2114	116	2204
73.39378	2290	2121	169	2209
73.49405	2225	2128	97	2214
73.59431	2215	2135	80	2220
73.69459	2239	2143	96	2225
73.79485	2230	2151	79	2230
73.89513	2276	2159	117	2236
73.9954	2243	2167	76	2241
74.09566	2235	2176	59	2246
74.19594	2306	2185	121	2251
74.2962	2238	2194	44	2256
74.39648	2269	2204	65	2262
74.49675	2301	2214	87	2267
74.59702	2246	2225	21	2272
74.69729	2237	2236	1	2277
74.79755	2345	2247	98	2282
74.89783	2273	2259	14	2288
74.99809	2302	2272	30	2293
75.09837	2366	2286	80	2298
75.19864	2276	2300	-24	2303
75.2989	2403	2315	88	2308
75.39918	2424	2332	92	2313
75.49944	2284	2349	-65	2318
75.59972	2394	2368	26	2323
75.69999	2433	2388	45	2328
75.80025	2374	2409	-35	2333
75.90053	2399	2433	-34	2339
76.00079	2384	2458	-74	2344
76.10107	2375	2486	-111	2349
76.20134	2410	2516	-106	2354
76.30161	2418	2549	-131	2359
76.40188	2484	2586	-102	2364
76.50214	2427	2626	-199	2369
76.60242	2440	2671	-231	2374
76.70269	2451	2721	-270	2379
76.80296	2592	2777	-185	2384
76.90323	2524	2841	-317	2389
77.00349	2559	2912	-353	2394
77.10377	2693	2993	-300	2399
77.20403	2623	3085	-462	2404
77.30431	2713	3190	-477	2409
77.40458	2678	3309	-631	2414
77.50484	2727	3445	-718	2419
77.60512	2705	3598	-893	2424
77.70538	2717	3771	-1054	2429
77.80566	2818	3962	-1144	2434
77.90593	2889	4170	-1281	2439
78.0062	2977	4389	-1412	2444
78.10647	2964	4609	-1645	2449
78.20673	2974	4818	-1844	2454
78.30701	2964	4996	-2032	2459
78.40728	3059	5126	-2067	2463
78.50755	2976	5172	-2196	2468
78.60782	2956	4962	-2006	2473
78.70808	2919	4610	-1691	2478
78.80836	2979	4196	-1217	2483
78.90862	2794	3771	-977	2487
79.0089	2872	3417	-545	2492
79.10917	2749	3153	-404	2497
79.20943	2698	2962	-264	2502
79.30971	2756	2826	-70	2506
79.40997	2611	2728	-117	2511
79.51025	2657	2656	1	2516
79.61052	2780	2602	178	2520
79.71078	2559	2561	-2	2525
79.81106	2858	2530	328	2529
79.91132	2665	2506	159	2534
80.0116	2750	2488	262	2538
80.11187	2681	2473	208	2543
80.21214	2613	2462	151	2547
80.31241	2721	2453	268	2551
80.41267	2659	2447	212	2556
80.51295	2644	2442	202	2560
80.61322	2669	2438	231	2564
80.71349	2716	2435	281	2568
80.81376	2636	2434	202	2573
80.91402	2686	2433	253	2577
81.0143	2634	2433	201	2581
81.11456	2757	2433	324	2585
81.21484	2646	2434	212	2589
81.31511	2614	2435	179	2593
81.41537	2527	2437	90	2597
81.51565	2613	2439	174	2601
81.61591	2678	2441	237	2604
81.71619	2600	2444	156	2608
81.81646	2653	2446	207	2612
81.91673	2691	2449	242	2616
82.017	2627	2453	174	2619
82.11726	2664	2456	208	2623
82.21754	2714	2459	255	2626
82.31781	2732	2463	269	2630
82.41808	2641	2466	175	2634
82.51835	2677	2470	207	2637
82.61861	2593	2474	119	2641
82.71889	2702	2478	224	2644
82.81915	2565	2482	83	2648
82.91943	2678	2486	192	2651
83.0197	2668	2490	178	2655
83.11996	2725	2494	231	2658
83.22024	2703	2498	205	2661
83.3205	2787	2503	284	2665
83.42078	2947	2507	440	2668
83.52105	2832	2512	320	2672
83.62132	2797	2516	281	2675
83.72159	2732	2521	211	2679
83.82185	2780	2525	255	2682
83.92213	2757	2530	227	2686
84.0224	2842	2534	308	2689
84.12267	2784	2539	245	2693
84.22294	2792	2544	248	2696
84.3232	2758	2549	209	2700
84.42348	2843	2553	290	2703
84.52375	2846	2558	288	2707
84.62402	2905	2563	342	2710
84.72429	2797	2568	229	2714
84.82455	2844	2573	271	2718
84.92483	2819	2578	241	2722
85.02509	2929	2583	346	2725
85.12537	2688	2588	100	2729
85.22564	2681	2593	88	2733
85.3259	2862	2598	264	2737
85.42618	2734	2603	131	2741
85.52644	2776	2608	168	2745
85.62672	2755	2613	142	2749
85.72699	2904	2618	286	2753
85.82726	2715	2623	92	2757
85.92753	2820	2629	191	2761
86.02779	2882	2634	248	2766
86.12807	2788	2639	149	2770
86.22834	2710	2645	65	2775
86.32861	2803	2650	153	2779
86.42888	2741	2655	86	2784
86.52914	2841	2661	180	2788
86.62942	2759	2666	93	2793
86.72968	2841	2672	169	2798
86.82996	2724	2677	47	2803
86.93023	2849	2683	166	2807
87.03049	2759	2688	71	2812
87.13077	2868	2694	174	2817
87.23103	2778	2700	78	2822
87.33131	2853	2705	148	2827
87.43158	2871	2711	160	2833
87.53185	2889	2717	172	2838
87.63212	2812	2723	89	2843
87.73238	2867	2728	139	2848
87.83266	2769	2734	35	2853
87.93293	2766	2740	26	2859
88.0332	2895	2746	149	2864
88.13347	2867	2752	115	2869
88.23373	2906	2759	147	2874
88.33401	2815	2765	50	2880
88.43428	2758	2771	-13	2885
88.53455	2920	2777	143	2890
88.63482	2748	2784	-36	2896
88.73508	2885	2790	95	2901
88.83536	2916	2797	119	2906
88.93562	2925	2803	122	2912
89.0359	2906	2811	95	2917
89.13617	2827	2818	9	2922
89.23643	2923	2824	99	2928
89.33671	2907	2832	75	2933
89.43697	2864	2839	25	2938
89.53725	2849	2846	3	2943
89.63752	2842	2853	-11	2949
89.73779	2935	2861	74	2954
89.83806	3023	2869	154	2959
89.93832	2928	2877	51	2964
90.0386	2971	2885	86	2969
90.13887	2900	2893	7	2974
90.23914	3103	2902	201	2979
90.33941	2937	2910	27	2984
90.43967	3061	2919	142	2989
90.53995	3048	2929	119	2994
90.64021	3045	2938	107	2999
90.74049	3125	2948	177	3003
90.84076	3196	2958	238	3008
90.94102	3032	2969	63	3013
91.0413	3057	2980	77	3017
91.14156	3138	2991	147	3022
91.24184	3113	3003	110	3026
91.34211	3045	3015	30	3031
91.44238	3072	3028	44	3035
91.54265	3172	3042	130	3040
91.64291	3250	3056	194	3044
91.74319	3112	3071	41	3048
91.84346	3239	3087	152	3052
91.94373	3288	3104	184	3057
92.044	3304	3121	183	3061
92.14426	3266	3140	126	3065
92.24454	3440	3159	281	3069
92.34481	3645	3180	465	3073
92.44508	3740	3202	538	3077
92.54535	3858	3224	634	3081
92.64561	3934	3248	686	3085
92.74589	4220	3273	947	3089
92.84615	4448	3299	1149	3093
92.94643	4727	3325	1402	3097
93.0467	5270	3352	1918	3101
93.14697	5753	3380	2373	3105
93.24724	6328	3406	2922	3109
93.3475	6912	3431	3481	3112
93.44778	7429	3455	3974	3116
93.54805	8049	3477	4572	3120
93.64832	7993	3496	4497	3124
93.74859	7810	3511	4299	3127
93.84885	7151	3523	3628	3131
93.94913	6678	3517	3161	3135
94.0494	5933	3487	2446	3138
94.14967	5198	3447	1751	3142
94.24994	4655	3402	1253	3145
94.3502	4392	3352	1040	3149
94.45048	3995	3305	690	3153
94.55075	3861	3266	595	3156
94.65102	3754	3235	519	3160
94.75129	3545	3212	333	3163
94.85155	3494	3195	299	3167
94.95183	3436	3183	253	3170
95.05209	3373	3175	198	3174
95.15237	3286	3169	117	3177
95.25264	3277	3166	111	3180
95.35291	3236	3165	71	3184
95.45318	3301	3164	137	3187
95.55344	3146	3166	-20	3191
95.65372	3207	3167	40	3194
95.75399	3313	3170	143	3198
95.85426	3340	3172	168	3201
95.95453	3302	3175	127	3204
96.05479	3287	3178	109	3208
96.15507	3346	3182	164	3211
96.25534	3338	3187	151	3215
96.35561	3240	3191	49	3218
96.45588	3133	3196	-63	3222
96.55614	3294	3201	93	3225
96.65642	3249	3206	43	3228
96.75668	3213	3211	2	3232
96.85696	3296	3216	80	3235
96.95723	3146	3221	-75	3239
97.0575	3289	3227	62	3242
97.15777	3302	3232	70	3246
97.25803	3378	3238	140	3249
97.35831	3181	3244	-63	3252
97.45858	3187	3249	-62	3256
97.55885	3271	3255	16	3259
97.65912	3314	3261	53	3263
97.75938	3309	3267	42	3266
97.85966	3301	3273	28	3270
97.95993	3283	3280	3	3273
98.0602	3235	3286	-51	3277
98.16047	3237	3292	-55	3280
98.26073	3190	3299	-109	3284
98.36101	3260	3305	-45	3287
98.46128	3384	3311	73	3291
98.56155	3336	3318	18	3295
98.66182	3275	3324	-49	3298
98.76208	3350	3331	19	3302
98.86236	3429	3338	91	3306
98.96262	3329	3344	-15	3309
99.0629	3449	3351	98	3313
99.16317	3358	3358	0	3317
99.26344	3261	3365	-104	3320
99.36371	3331	3372	-41	3324
99.46397	3368	3379	-11	3328
99.56425	3137	3386	-249	3332
99.66452	3283	3393	-110	3335
99.76479	3362	3400	-38	3339
99.86506	3197	3408	-211	3343
99.96532	3386	3415	-29	3347
100.0656	3350	3423	-73	3351
100.1659	3338	3430	-92	3355
100.2661	3320	3438	-118	3359
100.3664	3368	3445	-77	3363
100.4667	3355	3453	-98	3367
100.5669	3437	3461	-24	3371
100.6672	3406	3468	-62	3375
100.7675	3432	3476	-44	3379
100.8678	3442	3484	-42	3383
100.968	3466	3491	-25	3388
101.0683	3534	3499	35	3392
101.1686	3493	3507	-14	3396
101.2688	3439	3514	-75	3400
101.3691	3368	3522	-154	3405
101.4694	3525	3529	-4	3409
101.5696	3403	3537	-134	3413
101.6699	3542	3543	-1	3418
101.7702	3464	3548	-84	3422
101.8705	3508	3553	-45	3426
101.9707	3610	3557	53	3431
102.071	3445	3561	-116	3435
102.1713	3433	3565	-132	3440
102.2715	3455	3569	-114	3444
102.3718	3499	3574	-75	3449
102.4721	3415	3579	-164	3453
102.5723	3551	3585	-34	3458
102.6726	3462	3591	-129	3462
102.7729	3546	3597	-51	3467
102.8732	3610	3603	7	3472
102.9734	3531	3610	-79	3476
103.0737	3497	3617	-120	3481
103.174	3573	3624	-51	3486
103.2742	3397	3631	-234	3490
103.3745	3523	3639	-116	3495
103.4748	3538	3647	-109	3500
103.5751	3570	3655	-85	3504
103.6753	3570	3663	-93	3509
103.7756	3589	3671	-82	3514
103.8759	3650	3680	-30	3518
103.9761	3643	3688	-45	3523
104.0764	3559	3696	-137	3528
104.1767	3616	3705	-89	3533
104.2769	3701	3713	-12	3537
104.3772	3455	3722	-267	3542
104.4775	3574	3731	-157	3547
104.5777	3575	3741	-166	3552
104.678	3537	3750	-213	3556
104.7783	3568	3759	-191	3561
104.8786	3579	3768	-189	3566
104.9788	3562	3778	-216	3571
105.0791	3650	3788	-138	3575
105.1794	3669	3798	-129	3580
105.2796	3588	3808	-220	3585
105.3799	3715	3818	-103	3590
105.4802	3720	3829	-109	3595
105.5804	3790	3839	-49	3599
105.6807	3736	3850	-114	3604
105.781	3838	3861	-23	3609
105.8813	3797	3872	-75	3614
105.9815	3779	3884	-105	3619
106.0818	3888	3895	-7	3623
106.1821	3822	3907	-85	3628
106.2823	3782	3919	-137	3633
106.3826	3731	3931	-200	3638
106.4829	3851	3943	-92	3642
106.5831	3823	3956	-133	3647
106.6834	3782	3969	-187	3652
106.7837	3743	3981	-238	3657
106.884	3921	3995	-74	3661
106.9842	3883	4008	-125	3666
107.0845	3802	4022	-220	3671
107.1848	3899	4035	-136	3676
107.285	4008	4049	-41	3680
107.3853	4035	4063	-28	3685
107.4856	3868	4078	-209	3690
107.5858	3969	4092	-123	3694
107.6861	3930	4106	-176	3699
107.7864	4107	4121	-14	3704
107.8867	3934	4135	-201	3708
107.9869	4027	4149	-122	3713
108.0872	4109	4164	-55	3718
108.1875	4231	4178	53	3722
108.2877	4245	4192	53	3727
108.388	4127	4206	-79	3731
108.4883	4361	4220	141	3736
108.5885	4401	4233	168	3741
108.6888	4352	4246	106	3745
108.7891	4280	4259	21	3750
108.8894	4386	4271	115	3754
108.9896	4485	4282	203	3759
109.0899	4592	4293	299	3763
109.1902	4637	4303	334	3768
109.2904	4678	4313	365	3772
109.3907	4584	4322	262	3776
109.491	4699	4330	369	3781
109.5912	4708	4334	374	3785
109.6915	4590	4325	265	3790
109.7918	4556	4308	248	3794
109.8921	4300	4287	13	3798
109.9923	4239	4265	-26	3803
110.0926	4298	4239	59	3807
110.1929	4214	4213	1	3811
110.2931	3981	4188	-207	3815
110.3934	4078	4166	-88	3820
110.4937	4030	4148	-118	3824
110.5939	3903	4135	-232	3828
110.6942	4047	4124	-77	3832
110.7945	3970	4117	-147	3836
110.8948	3867	4112	-245	3840
110.995	4083	4109	-26	3844
111.0953	3980	4107	-127	3848
111.1956	3924	4107	-183	3852
111.2958	3996	4108	-112	3856
111.3961	3979	4109	-130	3860
111.4964	3850	4112	-262	3864
111.5966	3900	4115	-215	3868
111.6969	3941	4118	-177	3872
111.7972	3852	4122	-270	3876
111.8975	3800	4126	-326	3879
111.9977	3926	4131	-205	3883
112.098	3974	4135	-161	3887
112.1983	3855	4140	-285	3891
112.2985	3846	4146	-300	3894
112.3988	3933	4151	-218	3898
112.4991	3858	4156	-298	3902
112.5993	3851	4162	-311	3905
112.6996	3951	4168	-217	3909
112.7999	3881	4174	-293	3912
112.9002	4027	4179	-152	3916
113.0004	3950	4185	-235	3919
113.1007	3945	4191	-246	3922
113.201	3903	4198	-295	3926
113.3012	3905	4204	-299	3929
113.4015	3948	4210	-262	3932
113.5018	4027	4216	-189	3936
113.6021	3884	4223	-339	3939
113.7023	4092	4229	-137	3942
113.8026	4023	4235	-212	3945
113.9029	4100	4242	-142	3948
114.0031	4023	4248	-225	3951
114.1034	4069	4255	-186	3955
114.2037	4112	4261	-149	3958
114.3039	4149	4268	-119	3961
114.4042	4028	4274	-246	3964
114.5045	4078	4281	-203	3967
114.6047	4167	4288	-121	3969
114.705	4108	4294	-186	3972
114.8053	4091	4301	-210	3975
114.9056	4076	4308	-232	3978
115.0058	4037	4314	-277	3981
115.1061	4206	4321	-115	3984
115.2064	3984	4328	-344	3986
115.3066	4050	4334	-284	3989
115.4069	4151	4341	-190	3992
115.5072	4052	4348	-296	3995
115.6074	4101	4355	-254	3997
115.7077	4018	4361	-343	4000
115.808	4067	4368	-301	4003
115.9083	4099	4375	-276	4005
116.0085	4083	4382	-299	4008
116.1088	3990	4389	-399	4011
116.2091	4171	4395	-224	4013
116.3093	4185	4402	-217	4016
116.4096	4165	4409	-244	4018
116.5099	4257	4416	-159	4021
116.6101	4168	4423	-255	4023
116.7104	4046	4430	-384	4026
116.8107	4094	4437	-343	4028
116.911	4208	4443	-235	4031
117.0112	4240	4450	-210	4033
117.1115	4157	4457	-300	4035
117.2118	4220	4464	-244	4038
117.312	4239	4471	-232	4040
117.4123	4248	4478	-230	4043
117.5126	4093	4485	-392	4045
117.6128	4233	4492	-259	4047
117.7131	4275	4499	-224	4050
117.8134	4375	4506	-131	4052
117.9137	4193	4512	-319	4054
118.0139	4293	4519	-226	4057
118.1142	4184	4526	-342	4059
118.2145	4350	4532	-182	4061
118.3147	4297	4539	-242	4064
118.415	4308	4545	-237	4066
118.5153	4232	4551	-319	4068
118.6155	4246	4558	-312	4071
118.7158	4269	4564	-295	4073
118.8161	4352	4570	-218	4075
118.9164	4326	4577	-251	4077
119.0166	4288	4583	-295	4080
119.1169	4321	4590	-269	4082
119.2172	4241	4597	-356	4084
119.3174	4302	4603	-301	4086
119.4177	4173	4610	-437	4089
119.518	4280	4617	-337	4091
119.6182	4380	4624	-244	4093
119.7185	4267	4631	-364	4095
