0526_HM_Re4TaZr
Wavelength = 1.54059Ĺ, !10.0°/80.0°/0.02°/1(s), I(p)=17476/699, Cu(45kV,40mA), Monday, February 23, 2026, 9:00 AM
Angle	I(o)	I(c)	I(d)	I(b)
10.0	3996	3996	0	3996
10.02	3926	3926	0	3926
10.04	3949	3949	0	3949
10.06	4052	4052	0	4052
10.08	4070	4027	43	4018
10.1	4064	4039	25	4030
10.12	4013	4054	-41	4045
10.14	4075	4066	9	4057
10.16	4097	4069	28	4059
10.18	4109	4069	40	4060
10.2	4059	4063	-4	4054
10.22	4059	4071	-12	4062
10.24	4072	4078	-6	4068
10.26	4077	4078	-1	4069
10.28	4006	4075	-69	4066
10.3	4088	4077	11	4067
10.32	4132	4082	50	4073
10.34	4098	4086	12	4077
10.36	4084	4094	-10	4084
10.38	4074	4110	-36	4100
10.4	4111	4123	-12	4114
10.42	4103	4127	-24	4118
10.44	4146	4127	19	4118
10.46	4150	4129	21	4120
10.48	4211	4134	77	4125
10.5	4164	4137	27	4127
10.52	4103	4144	-41	4134
10.54	4097	4138	-41	4129
10.56	4125	4128	-3	4118
10.58	4130	4119	11	4110
10.6	4167	4119	48	4110
10.62	4095	4115	-20	4106
10.64	4056	4114	-58	4105
10.66	4136	4115	21	4106
10.68	4163	4115	48	4106
10.7	4069	4110	-41	4101
10.72	4086	4114	-28	4105
10.74	4131	4118	13	4109
10.76	4131	4112	19	4103
10.78	4127	4112	15	4103
10.8	4130	4123	7	4114
10.82	4092	4133	-41	4123
10.84	4080	4129	-49	4120
10.86	4164	4128	36	4118
10.88	4166	4131	35	4121
10.9	4173	4136	37	4126
10.92	4097	4146	-49	4137
10.94	4119	4154	-35	4145
10.96	4154	4156	-2	4147
10.98	4176	4157	19	4148
11.0	4189	4151	38	4141
11.02	4146	4151	-5	4142
11.04	4182	4160	22	4151
11.06	4177	4172	5	4163
11.08	4115	4174	-59	4165
11.1	4100	4170	-70	4161
11.12	4205	4177	28	4168
11.14	4262	4180	82	4171
11.16	4192	4190	2	4181
11.18	4154	4207	-53	4198
11.2	4208	4224	-16	4215
11.22	4209	4225	-16	4216
11.24	4263	4215	48	4205
11.26	4269	4208	61	4199
11.28	4257	4214	43	4204
11.3	4210	4213	-3	4203
11.32	4169	4210	-41	4201
11.34	4136	4207	-71	4198
11.36	4201	4204	-3	4195
11.38	4199	4200	-1	4191
11.4	4190	4202	-12	4193
11.42	4233	4217	16	4208
11.44	4239	4231	8	4222
11.46	4224	4244	-20	4235
11.48	4225	4254	-29	4245
11.5	4309	4259	50	4249
11.52	4259	4250	9	4241
11.54	4318	4245	73	4236
11.56	4288	4255	33	4246
11.58	4233	4264	-31	4254
11.6	4158	4252	-94	4243
11.62	4193	4252	-59	4243
11.64	4314	4243	71	4234
11.66	4300	4242	58	4232
11.68	4208	4246	-38	4237
11.7	4256	4259	-3	4250
11.72	4240	4272	-32	4263
11.74	4273	4275	-2	4266
11.76	4275	4272	3	4263
11.78	4273	4284	-11	4275
11.8	4313	4294	19	4285
11.82	4338	4301	37	4292
11.84	4273	4306	-33	4296
11.86	4313	4311	2	4302
11.88	4349	4319	30	4310
11.9	4302	4323	-21	4314
11.92	4314	4321	-7	4312
11.94	4328	4324	4	4315
11.96	4344	4318	26	4309
11.98	4350	4317	33	4308
12.0	4319	4322	-3	4312
12.02	4297	4321	-24	4312
12.04	4261	4326	-65	4317
12.06	4342	4327	15	4318
12.08	4340	4327	13	4318
12.1	4309	4330	-21	4321
12.12	4374	4335	39	4326
12.14	4353	4345	8	4336
12.16	4348	4348	0	4338
12.18	4348	4344	4	4335
12.2	4343	4338	5	4329
12.22	4348	4339	9	4330
12.24	4365	4345	20	4336
12.26	4306	4342	-36	4333
12.28	4261	4349	-88	4340
12.3	4377	4354	23	4345
12.32	4407	4350	57	4341
12.34	4325	4343	-18	4334
12.36	4409	4354	55	4345
12.38	4386	4360	26	4351
12.4	4318	4357	-39	4348
12.42	4299	4352	-53	4342
12.44	4406	4363	43	4353
12.46	4311	4362	-51	4352
12.48	4353	4364	-11	4354
12.5	4357	4372	-15	4361
12.52	4418	4385	33	4375
12.54	4399	4393	6	4382
12.56	4408	4411	-3	4399
12.58	4385	4415	-30	4403
12.6	4420	4417	3	4405
12.62	4466	4422	44	4409
12.64	4466	4422	44	4409
12.66	4387	4422	-35	4408
12.68	4377	4426	-49	4412
12.7	4452	4429	23	4414
12.72	4401	4434	-33	4419
12.74	4403	4442	-39	4426
12.76	4417	4461	-44	4445
12.78	4436	4470	-34	4455
12.8	4511	4478	33	4463
12.82	4535	4491	44	4476
12.84	4555	4496	59	4482
12.86	4466	4498	-32	4484
12.88	4525	4495	30	4482
12.9	4523	4480	43	4468
12.92	4451	4465	-14	4452
12.94	4435	4452	-17	4440
12.96	4417	4444	-27	4433
12.98	4386	4429	-43	4418
13.0	4396	4418	-22	4407
13.02	4444	4424	20	4414
13.04	4402	4424	-22	4414
13.06	4389	4426	-37	4417
13.08	4424	4440	-16	4431
13.1	4518	4444	74	4435
13.12	4435	4440	-5	4431
13.14	4443	4437	6	4428
13.16	4510	4445	65	4435
13.18	4430	4449	-19	4439
13.2	4412	4440	-28	4431
13.22	4375	4447	-72	4438
13.24	4455	4452	3	4443
13.26	4460	4445	15	4436
13.28	4444	4448	-4	4439
13.3	4495	4454	41	4444
13.32	4490	4462	28	4452
13.34	4447	4457	-10	4448
13.36	4458	4454	4	4445
13.38	4458	4453	5	4443
13.4	4448	4446	2	4436
13.42	4412	4431	-19	4422
13.44	4438	4438	0	4429
13.46	4425	4441	-16	4432
13.48	4435	4431	4	4421
13.5	4359	4419	-60	4410
13.52	4510	4421	89	4411
13.54	4485	4421	64	4411
13.56	4362	4423	-61	4414
13.58	4343	4429	-86	4419
13.6	4425	4413	12	4404
13.62	4438	4416	22	4406
13.64	4450	4418	32	4409
13.66	4482	4421	61	4411
13.68	4495	4423	72	4413
13.7	4505	4425	80	4416
13.72	4453	4428	25	4418
13.74	4418	4430	-12	4421
13.76	4423	4433	-10	4423
13.78	4478	4435	43	4425
13.8	4501	4437	64	4428
13.82	4480	4440	40	4430
13.84	4455	4442	13	4432
13.86	4497	4444	53	4435
13.88	4517	4447	70	4437
13.9	4543	4449	94	4440
13.92	4491	4452	39	4442
13.94	4547	4454	93	4444
13.96	4542	4456	86	4447
13.98	4495	4459	36	4449
14.0	4528	4461	67	4451
14.02	4533	4463	70	4454
14.04	4504	4466	38	4456
14.06	4536	4468	68	4458
14.08	4518	4470	48	4461
14.1	4500	4473	27	4463
14.12	4514	4475	39	4465
14.14	4559	4477	82	4468
14.16	4493	4480	13	4470
14.18	4514	4482	32	4472
14.2	4544	4484	60	4475
14.22	4502	4487	15	4477
14.24	4532	4489	43	4479
14.26	4543	4491	52	4481
14.28	4546	4493	53	4484
14.3	4521	4496	25	4486
14.32	4466	4498	-32	4488
14.34	4422	4500	-78	4490
14.36	4543	4502	41	4493
14.38	4495	4505	-10	4495
14.4	4524	4507	17	4497
14.42	4583	4509	74	4499
14.44	4521	4511	10	4501
14.46	4546	4513	33	4504
14.48	4571	4515	56	4506
14.5	4538	4518	20	4508
14.52	4564	4520	44	4510
14.54	4589	4522	67	4512
14.56	4527	4524	3	4514
14.58	4594	4526	68	4516
14.6	4568	4528	40	4518
14.62	4489	4530	-41	4521
14.64	4509	4532	-23	4523
14.66	4517	4535	-18	4525
14.68	4587	4537	50	4527
14.7	4628	4539	89	4529
14.72	4568	4541	27	4531
14.74	4583	4543	40	4533
14.76	4613	4545	68	4535
14.78	4591	4547	44	4537
14.8	4613	4549	64	4539
14.82	4585	4551	34	4541
14.84	4594	4553	41	4543
14.86	4617	4554	63	4545
14.88	4555	4556	-1	4547
14.9	4509	4558	-49	4548
14.92	4551	4560	-9	4550
14.94	4585	4562	23	4552
14.96	4587	4564	23	4554
14.98	4651	4566	85	4556
15.0	4647	4568	79	4558
15.02	4559	4569	-10	4559
15.04	4576	4571	5	4561
15.06	4565	4573	-8	4563
15.08	4536	4575	-39	4565
15.1	4612	4576	36	4567
15.12	4642	4578	64	4568
15.14	4643	4580	63	4570
15.16	4607	4582	25	4572
15.18	4552	4583	-31	4573
15.2	4549	4585	-36	4575
15.22	4587	4587	0	4577
15.24	4586	4588	-2	4578
15.26	4610	4590	20	4580
15.28	4621	4592	29	4581
15.3	4553	4593	-40	4583
15.32	4530	4595	-65	4584
15.34	4589	4596	-7	4586
15.36	4610	4598	12	4587
15.38	4640	4599	41	4589
15.4	4628	4601	27	4590
15.42	4634	4602	32	4592
15.44	4636	4603	33	4593
15.46	4538	4605	-67	4594
15.48	4576	4606	-30	4596
15.5	4623	4608	15	4597
15.52	4570	4609	-39	4598
15.54	4584	4610	-26	4600
15.56	4605	4611	-6	4601
15.58	4674	4613	61	4602
15.6	4648	4614	34	4603
15.62	4606	4615	-9	4605
15.64	4652	4616	36	4606
15.66	4691	4618	74	4607
15.68	4633	4619	14	4608
15.7	4547	4620	-73	4609
15.72	4584	4621	-37	4610
15.74	4641	4622	19	4611
15.76	4641	4623	18	4612
15.78	4700	4624	76	4613
15.8	4659	4625	34	4614
15.82	4694	4626	68	4615
15.84	4662	4627	35	4616
15.86	4642	4628	14	4617
15.88	4637	4629	8	4618
15.9	4650	4629	21	4619
15.92	4669	4630	39	4620
15.94	4649	4631	18	4620
15.96	4646	4632	14	4621
15.98	4639	4633	6	4622
16.0	4618	4633	-15	4622
16.02	4636	4634	2	4623
16.04	4649	4635	14	4624
16.06	4707	4635	72	4624
16.08	4600	4636	-36	4625
16.1	4515	4637	-122	4626
16.12	4585	4637	-52	4626
16.14	4642	4638	4	4627
16.16	4635	4638	-3	4627
16.18	4620	4639	-19	4627
16.2	4716	4639	77	4628
16.22	4831	4640	191	4628
16.24	4785	4640	145	4629
16.26	4676	4640	36	4629
16.28	4622	4641	-19	4629
16.3	4658	4641	17	4629
16.32	4629	4641	-12	4630
16.34	4638	4641	-3	4630
16.36	4657	4642	15	4630
16.38	4670	4642	28	4630
16.4	4644	4642	2	4630
16.42	4622	4642	-20	4630
16.44	4668	4642	26	4630
16.46	4615	4642	-27	4630
16.48	4568	4642	-74	4630
16.5	4611	4642	-31	4630
16.52	4668	4642	26	4630
16.54	4669	4642	27	4630
16.56	4672	4642	30	4630
16.58	4623	4642	-19	4630
16.6	4606	4641	-35	4629
16.62	4708	4641	67	4629
16.64	4730	4641	89	4629
16.66	4696	4640	56	4628
16.68	4603	4640	-37	4628
16.7	4573	4640	-67	4628
16.72	4645	4639	6	4627
16.74	4690	4639	51	4627
16.76	4710	4638	72	4626
16.78	4722	4638	84	4625
16.8	4674	4637	37	4625
16.82	4583	4637	-54	4624
16.84	4636	4636	0	4623
16.86	4686	4635	51	4623
16.88	4719	4635	84	4622
16.9	4691	4634	57	4621
16.92	4610	4633	-23	4620
16.94	4624	4632	-8	4619
16.96	4617	4631	-14	4619
16.98	4677	4630	47	4618
17.0	4641	4630	11	4617
17.02	4571	4629	-58	4616
17.04	4590	4628	-38	4614
17.06	4699	4627	72	4613
17.08	4715	4625	90	4612
17.1	4700	4624	76	4611
17.12	4689	4623	66	4610
17.14	4620	4622	-2	4609
17.16	4630	4621	9	4607
17.18	4593	4620	-27	4606
17.2	4556	4618	-62	4605
17.22	4593	4617	-24	4603
17.24	4620	4616	4	4602
17.26	4626	4614	12	4600
17.28	4614	4613	1	4599
17.3	4550	4611	-61	4597
17.32	4539	4610	-71	4596
17.34	4632	4608	24	4594
17.36	4688	4607	81	4592
17.38	4699	4605	94	4591
17.4	4665	4604	61	4589
17.42	4638	4602	36	4587
17.44	4641	4600	41	4586
17.46	4596	4599	-3	4584
17.48	4522	4597	-75	4582
17.5	4516	4595	-79	4580
17.52	4608	4594	14	4578
17.54	4591	4592	-1	4576
17.56	4542	4590	-48	4574
17.58	4592	4588	4	4572
17.6	4654	4586	68	4570
17.62	4600	4585	15	4568
17.64	4555	4583	-28	4566
17.66	4575	4581	-6	4564
17.68	4603	4579	24	4562
17.7	4631	4577	54	4559
17.72	4633	4574	59	4557
17.74	4620	4572	48	4555
17.76	4574	4570	4	4553
17.78	4549	4568	-19	4550
17.8	4533	4566	-33	4548
17.82	4577	4564	13	4546
17.84	4623	4561	62	4543
17.86	4619	4559	60	4541
17.88	4598	4557	41	4538
17.9	4593	4555	38	4536
17.92	4589	4552	37	4533
17.94	4554	4550	4	4531
17.96	4565	4548	17	4528
17.98	4600	4545	55	4525
18.0	4554	4543	11	4523
18.02	4515	4540	-25	4520
18.04	4510	4538	-28	4517
18.06	4583	4536	47	4515
18.08	4598	4533	65	4512
18.1	4482	4531	-49	4509
18.12	4496	4528	-32	4506
18.14	4540	4526	14	4503
18.16	4524	4523	1	4500
18.18	4534	4521	13	4497
18.2	4565	4518	47	4495
18.22	4550	4516	34	4492
18.24	4493	4513	-20	4489
18.26	4499	4510	-11	4486
18.28	4533	4508	25	4482
18.3	4522	4505	17	4479
18.32	4465	4503	-38	4476
18.34	4497	4500	-3	4473
18.36	4520	4498	22	4470
18.38	4476	4495	-19	4467
18.4	4484	4492	-8	4464
18.42	4510	4490	20	4460
18.44	4476	4487	-11	4457
18.46	4431	4485	-54	4454
18.48	4516	4482	34	4450
18.5	4490	4480	10	4447
18.52	4465	4477	-12	4444
18.54	4500	4475	25	4440
18.56	4422	4473	-51	4437
18.58	4386	4470	-84	4434
18.6	4385	4468	-83	4430
18.62	4405	4466	-61	4427
18.64	4427	4464	-37	4423
18.66	4455	4462	-7	4420
18.68	4409	4460	-51	4416
18.7	4347	4458	-111	4412
18.72	4374	4456	-82	4409
18.74	4443	4454	-11	4405
18.76	4437	4453	-16	4401
18.78	4399	4451	-52	4398
18.8	4420	4450	-30	4394
18.82	4442	4449	-7	4390
18.84	4441	4448	-7	4387
18.86	4445	4448	-3	4383
18.88	4492	4448	44	4379
18.9	4471	4448	23	4375
18.92	4436	4449	-13	4371
18.94	4393	4450	-57	4368
18.96	4354	4451	-97	4364
18.98	4334	4453	-119	4360
19.0	4364	4456	-92	4356
19.02	4368	4460	-92	4352
19.04	4375	4466	-91	4348
19.06	4405	4473	-68	4344
19.08	4371	4482	-111	4340
19.1	4431	4495	-64	4336
19.12	4410	4511	-101	4332
19.14	4340	4533	-193	4328
19.16	4376	4561	-185	4324
19.18	4381	4597	-216	4320
19.2	4422	4643	-221	4315
19.22	4407	4701	-294	4311
19.24	4499	4772	-273	4307
19.26	4636	4858	-222	4303
19.28	4681	4960	-279	4299
19.3	4821	5077	-256	4295
19.32	4916	5209	-293	4290
19.34	4975	5350	-375	4286
19.36	5048	5496	-448	4282
19.38	5134	5638	-504	4277
19.4	5173	5763	-590	4273
19.42	5200	5858	-658	4269
19.44	5229	5910	-681	4264
19.46	5101	5910	-809	4260
19.48	4949	5859	-910	4256
19.5	4757	5764	-1007	4251
19.52	4633	5636	-1003	4247
19.54	4607	5488	-881	4242
19.56	4518	5333	-815	4238
19.58	4393	5181	-788	4234
19.6	4376	5039	-663	4229
19.62	4401	4910	-509	4225
19.64	4393	4796	-403	4220
19.66	4373	4699	-326	4215
19.68	4343	4617	-274	4211
19.7	4326	4548	-222	4206
19.72	4317	4492	-175	4202
19.74	4283	4447	-164	4197
19.76	4230	4410	-180	4193
19.78	4221	4379	-158	4188
19.8	4244	4355	-111	4183
19.82	4281	4334	-53	4179
19.84	4264	4316	-52	4174
19.86	4276	4301	-25	4169
19.88	4244	4288	-44	4165
19.9	4208	4276	-68	4160
19.92	4265	4265	0	4155
19.94	4202	4256	-54	4150
19.96	4201	4247	-46	4146
19.98	4186	4238	-52	4141
20.0	4143	4231	-88	4136
20.02	4186	4224	-38	4131
20.04	4218	4217	1	4127
20.06	4162	4211	-49	4122
20.08	4129	4205	-76	4117
20.1	4116	4200	-84	4112
20.12	4118	4195	-77	4107
20.14	4141	4190	-49	4102
20.16	4180	4187	-7	4097
20.18	4070	4183	-113	4093
20.2	4030	4180	-150	4088
20.22	4131	4178	-47	4083
20.24	4128	4177	-49	4078
20.26	4089	4177	-88	4073
20.28	4173	4178	-5	4068
20.3	4191	4181	10	4063
20.32	4151	4186	-35	4058
20.34	4185	4194	-9	4053
20.36	4179	4206	-27	4048
20.38	4179	4223	-44	4043
20.4	4203	4245	-42	4038
20.42	4193	4273	-80	4033
20.44	4211	4309	-98	4028
20.46	4251	4354	-103	4023
20.48	4281	4408	-127	4018
20.5	4349	4470	-121	4013
20.52	4516	4540	-24	4008
20.54	4578	4616	-38	4003
20.56	4613	4695	-82	3997
20.58	4636	4772	-136	3992
20.6	4728	4839	-111	3987
20.62	4662	4889	-227	3982
20.64	4613	4915	-302	3977
20.66	4633	4912	-279	3972
20.68	4477	4881	-404	3967
20.7	4312	4825	-513	3962
20.72	4263	4750	-487	3956
20.74	4240	4665	-425	3951
20.76	4192	4575	-383	3946
20.78	4193	4487	-294	3941
20.8	4097	4404	-307	3936
20.82	4051	4329	-278	3930
20.84	4115	4262	-147	3925
20.86	4124	4205	-81	3920
20.88	4115	4156	-41	3915
20.9	4096	4114	-18	3909
20.92	4064	4080	-16	3904
20.94	3930	4051	-121	3899
20.96	3965	4028	-63	3893
20.98	3995	4008	-13	3888
21.0	4031	3991	40	3883
21.02	4009	3976	33	3878
21.04	3931	3964	-33	3872
21.06	3960	3952	8	3867
21.08	3905	3942	-37	3862
21.1	3923	3933	-10	3856
21.12	3941	3924	17	3851
21.14	3931	3915	16	3846
21.16	3931	3908	23	3840
21.18	3951	3900	51	3835
21.2	3922	3893	29	3829
21.22	3895	3886	9	3824
21.24	3911	3879	32	3819
21.26	3910	3872	38	3813
21.28	3920	3866	54	3808
21.3	3886	3860	26	3802
21.32	3974	3854	120	3797
21.34	4007	3848	159	3791
21.36	3955	3843	112	3786
21.38	3963	3837	126	3781
21.4	3913	3832	81	3775
21.42	3901	3827	74	3770
21.44	3847	3822	25	3764
21.46	3864	3819	45	3759
21.48	3821	3814	7	3753
21.5	3752	3810	-58	3748
21.52	3874	3806	68	3742
21.54	3835	3803	32	3737
21.56	3839	3800	39	3731
21.58	3864	3797	67	3726
21.6	3835	3795	40	3720
21.62	3889	3793	96	3715
21.64	3901	3792	109	3709
21.66	3875	3793	82	3703
21.68	3865	3794	71	3698
21.7	3932	3797	135	3692
21.72	3936	3802	134	3687
21.74	3939	3810	129	3681
21.76	3934	3821	113	3676
21.78	3954	3836	118	3670
21.8	4027	3858	169	3664
21.82	4087	3885	202	3659
21.84	4162	3921	241	3653
21.86	4162	3964	198	3648
21.88	4187	4017	170	3642
21.9	4214	4079	135	3636
21.92	4322	4150	172	3631
21.94	4362	4227	135	3625
21.96	4361	4308	53	3620
21.98	4526	4388	138	3614
22.0	4631	4461	170	3608
22.02	4682	4518	164	3603
22.04	4657	4553	104	3597
22.06	4640	4560	80	3591
22.08	4591	4540	51	3586
22.1	4411	4494	-83	3580
22.12	4287	4429	-142	3574
22.14	4218	4352	-134	3569
22.16	4168	4268	-100	3563
22.18	4100	4184	-84	3557
22.2	4055	4102	-47	3552
22.22	4038	4026	12	3546
22.24	3985	3956	29	3540
22.26	3941	3893	48	3534
22.28	3799	3838	-39	3529
22.3	3744	3789	-45	3523
22.32	3830	3747	83	3517
22.34	3827	3710	117	3512
22.36	3794	3679	115	3506
22.38	3718	3651	67	3500
22.4	3586	3628	-42	3494
22.42	3595	3607	-12	3489
22.44	3627	3589	38	3483
22.46	3645	3573	72	3477
22.48	3660	3558	102	3471
22.5	3700	3545	155	3466
22.52	3643	3533	110	3460
22.54	3494	3522	-28	3454
22.56	3552	3511	41	3448
22.58	3534	3501	33	3443
22.6	3548	3492	56	3437
22.62	3523	3483	40	3431
22.64	3550	3475	75	3425
22.66	3563	3466	97	3420
22.68	3542	3458	84	3414
22.7	3603	3451	152	3408
22.72	3568	3443	125	3402
22.74	3560	3435	125	3396
22.76	3530	3428	102	3391
22.78	3524	3421	103	3385
22.8	3475	3414	61	3379
22.82	3397	3407	-10	3373
22.84	3354	3400	-46	3367
22.86	3471	3393	78	3362
22.88	3444	3386	58	3356
22.9	3388	3380	8	3350
22.92	3457	3373	84	3344
22.94	3498	3367	131	3338
22.96	3420	3360	60	3333
22.98	3478	3354	124	3327
23.0	3450	3347	103	3321
23.02	3402	3341	61	3315
23.04	3360	3334	26	3309
23.06	3311	3327	-16	3304
23.08	3352	3321	31	3298
23.1	3439	3315	124	3292
23.12	3389	3309	80	3286
23.14	3329	3302	27	3280
23.16	3334	3296	38	3275
23.18	3321	3290	31	3269
23.2	3351	3284	67	3263
23.22	3324	3278	46	3257
23.24	3320	3271	49	3251
23.26	3377	3265	112	3245
23.28	3338	3259	79	3240
23.3	3279	3253	26	3234
23.32	3270	3246	24	3228
23.34	3256	3240	16	3222
23.36	3276	3234	42	3216
23.38	3269	3228	41	3211
23.4	3240	3222	18	3205
23.42	3205	3216	-11	3199
23.44	3233	3210	23	3193
23.46	3187	3204	-17	3187
23.48	3242	3198	44	3181
23.5	3221	3192	29	3176
23.52	3222	3186	36	3170
23.54	3296	3180	116	3164
23.56	3260	3174	86	3158
23.58	3216	3168	48	3152
23.6	3273	3162	111	3146
23.62	3244	3156	88	3141
23.64	3262	3150	112	3135
23.66	3183	3144	39	3129
23.68	3153	3139	14	3123
23.7	3184	3133	51	3117
23.72	3215	3127	88	3112
23.74	3205	3120	85	3106
23.76	3200	3114	86	3100
23.78	3227	3109	118	3094
23.8	3174	3103	71	3088
23.82	3139	3097	42	3083
23.84	3114	3091	23	3077
23.86	3197	3085	112	3071
23.88	3064	3079	-15	3065
23.9	3064	3073	-9	3059
23.92	3082	3067	15	3053
23.94	3148	3061	87	3048
23.96	3172	3055	117	3042
23.98	3061	3049	12	3036
24.0	3043	3044	-1	3030
24.02	3031	3038	-7	3025
24.04	3109	3032	77	3019
24.06	3066	3026	40	3013
24.08	3015	3020	-5	3007
24.1	2937	3014	-77	3001
24.12	3009	3008	1	2996
24.14	2985	3003	-18	2990
24.16	3034	2997	37	2984
24.18	2964	2991	-27	2978
24.2	2990	2985	5	2973
24.22	3060	2979	81	2967
24.24	3051	2973	78	2961
24.26	3017	2968	49	2955
24.28	2927	2962	-35	2949
24.3	2951	2956	-5	2944
24.32	2974	2950	24	2938
24.34	2994	2944	50	2932
24.36	2999	2939	60	2926
24.38	2853	2933	-80	2921
24.4	2969	2928	41	2915
24.42	2909	2922	-13	2909
24.44	2905	2916	-11	2904
24.46	2857	2911	-54	2898
24.48	2890	2905	-15	2892
24.5	2895	2899	-4	2886
24.52	2961	2893	68	2881
24.54	2883	2888	-5	2875
24.56	2951	2882	69	2869
24.58	2888	2876	12	2864
24.6	2913	2871	42	2858
24.62	2892	2865	27	2852
24.64	2885	2859	26	2846
24.66	2878	2854	24	2841
24.68	2892	2848	44	2835
24.7	2846	2842	4	2829
24.72	2764	2837	-73	2824
24.74	2804	2831	-27	2818
24.76	2815	2825	-10	2812
24.78	2954	2820	134	2807
24.8	2842	2814	28	2801
24.82	2799	2808	-9	2795
24.84	2709	2803	-94	2790
24.86	2761	2798	-37	2784
24.88	2741	2792	-51	2779
24.9	2721	2787	-66	2773
24.92	2809	2781	28	2767
24.94	2773	2776	-3	2762
24.96	2795	2770	25	2756
24.98	2792	2765	27	2750
25.0	2734	2759	-25	2745
25.02	2724	2754	-30	2739
25.04	2751	2749	2	2734
25.06	2759	2743	16	2728
25.08	2830	2738	92	2723
25.1	2796	2733	63	2717
25.12	2675	2727	-52	2711
25.14	2749	2722	27	2706
25.16	2771	2716	55	2700
25.18	2777	2711	66	2695
25.2	2677	2706	-29	2689
25.22	2639	2701	-62	2684
25.24	2678	2696	-18	2678
25.26	2719	2691	28	2673
25.28	2594	2686	-92	2667
25.3	2598	2682	-84	2662
25.32	2634	2677	-43	2656
25.34	2692	2673	19	2651
25.36	2710	2669	41	2645
25.38	2676	2666	10	2640
25.4	2629	2663	-34	2634
25.42	2590	2661	-71	2629
25.44	2645	2658	-13	2623
25.46	2750	2657	93	2618
25.48	2665	2657	8	2612
25.5	2687	2657	30	2607
25.52	2640	2658	-18	2601
25.54	2632	2661	-29	2596
25.56	2683	2663	20	2591
25.58	2588	2666	-78	2585
25.6	2631	2670	-39	2580
25.62	2688	2673	15	2574
25.64	2769	2676	93	2569
25.66	2726	2677	49	2564
25.68	2670	2677	-7	2558
25.7	2621	2674	-53	2553
25.72	2701	2669	32	2548
25.74	2688	2661	27	2542
25.76	2718	2650	68	2537
25.78	2593	2638	-45	2532
25.8	2614	2625	-11	2526
25.82	2649	2611	38	2521
25.84	2603	2597	6	2516
25.86	2540	2583	-43	2510
25.88	2542	2570	-28	2505
25.9	2578	2557	21	2500
25.92	2550	2545	5	2495
25.94	2503	2534	-31	2489
25.96	2514	2524	-10	2484
25.98	2491	2514	-23	2479
26.0	2519	2505	14	2474
26.02	2420	2497	-77	2468
26.04	2457	2489	-32	2463
26.06	2475	2482	-7	2458
26.08	2526	2475	51	2453
26.1	2457	2468	-11	2448
26.12	2403	2462	-59	2442
26.14	2426	2456	-30	2437
26.16	2395	2450	-55	2432
26.18	2396	2444	-48	2427
26.2	2496	2438	58	2422
26.22	2448	2433	15	2417
26.24	2494	2427	67	2412
26.26	2458	2422	36	2407
26.28	2426	2416	10	2401
26.3	2378	2411	-33	2396
26.32	2385	2405	-20	2391
26.34	2462	2400	62	2386
26.36	2396	2395	1	2381
26.38	2473	2390	83	2376
26.4	2424	2384	40	2371
26.42	2374	2379	-5	2366
26.44	2469	2374	95	2361
26.46	2528	2369	159	2356
26.48	2457	2364	93	2351
26.5	2411	2358	53	2346
26.52	2499	2353	146	2341
26.54	2473	2348	125	2336
26.56	2418	2343	75	2331
26.58	2406	2338	68	2326
26.6	2345	2333	12	2321
26.62	2373	2328	45	2316
26.64	2428	2323	105	2312
26.66	2356	2318	38	2307
26.68	2352	2312	40	2302
26.7	2418	2307	111	2297
26.72	2350	2302	48	2292
26.74	2264	2298	-34	2287
26.76	2271	2293	-22	2282
26.78	2324	2288	36	2278
26.8	2299	2283	16	2273
26.82	2293	2278	15	2268
26.84	2277	2273	4	2263
26.86	2279	2269	10	2259
26.88	2324	2264	60	2254
26.9	2288	2259	29	2249
26.92	2255	2254	1	2244
26.94	2337	2250	87	2240
26.96	2229	2245	-16	2235
26.98	2227	2240	-13	2230
27.0	2234	2235	-1	2225
27.02	2203	2230	-27	2221
27.04	2242	2225	17	2216
27.06	2222	2221	1	2212
27.08	2189	2216	-27	2207
27.1	2167	2212	-45	2202
27.12	2237	2207	30	2198
27.14	2233	2202	31	2193
27.16	2217	2198	19	2189
27.18	2199	2193	6	2184
27.2	2163	2189	-26	2179
27.22	2150	2184	-34	2175
27.24	2113	2180	-67	2170
27.26	2114	2175	-61	2166
27.28	2212	2171	41	2161
27.3	2167	2166	1	2157
27.32	2181	2162	19	2152
27.34	2162	2157	5	2148
27.36	2169	2153	16	2144
27.38	2129	2148	-19	2139
27.4	2120	2144	-24	2135
27.42	2102	2140	-38	2130
27.44	2127	2136	-9	2126
27.46	2141	2131	10	2122
27.48	2137	2127	10	2117
27.5	2169	2123	46	2113
27.52	2196	2118	78	2109
27.54	2134	2114	20	2104
27.56	2107	2110	-3	2100
27.58	2089	2105	-16	2096
27.6	2079	2101	-22	2091
27.62	2088	2097	-9	2087
27.64	2117	2093	24	2083
27.66	2109	2089	20	2079
27.68	2120	2084	36	2075
27.7	2107	2080	27	2070
27.72	2103	2076	27	2066
27.74	2155	2072	83	2062
27.76	2067	2068	-1	2058
27.78	2081	2064	17	2054
27.8	2117	2060	57	2050
27.82	2074	2056	18	2046
27.84	2070	2052	18	2041
27.86	2121	2048	73	2037
27.88	2104	2044	60	2033
27.9	2039	2040	-1	2029
27.92	2092	2036	56	2025
27.94	2044	2032	12	2021
27.96	2006	2028	-22	2017
27.98	1998	2024	-26	2013
28.0	2016	2021	-5	2009
28.02	2049	2017	32	2005
28.04	2004	2013	-9	2002
28.06	2018	2009	9	1998
28.08	2050	2006	44	1994
28.1	2051	2002	49	1990
28.12	2077	1999	78	1986
28.14	2066	1995	71	1982
28.16	2020	1992	28	1978
28.18	2015	1988	27	1975
28.2	2059	1985	74	1971
28.22	2048	1982	66	1967
28.24	2027	1979	48	1963
28.26	2019	1977	42	1960
28.28	2020	1975	45	1956
28.3	2017	1973	44	1952
28.32	1993	1971	22	1948
28.34	2074	1971	103	1945
28.36	2033	1971	62	1941
28.38	1993	1971	22	1937
28.4	2030	1972	58	1934
28.42	2036	1974	62	1930
28.44	2065	1976	89	1927
28.46	2078	1977	101	1923
28.48	2042	1979	63	1919
28.5	2024	1979	45	1916
28.52	1994	1978	16	1912
28.54	2018	1976	42	1909
28.56	2031	1972	59	1905
28.58	1965	1966	-1	1902
28.6	1966	1960	6	1898
28.62	1979	1952	27	1895
28.64	1930	1945	-15	1891
28.66	1946	1937	9	1888
28.68	2002	1930	72	1884
28.7	1998	1924	74	1881
28.72	1995	1917	78	1878
28.74	1983	1912	71	1874
28.76	1919	1906	13	1871
28.78	1877	1901	-24	1868
28.8	1929	1896	33	1864
28.82	1984	1892	92	1861
28.84	1945	1887	58	1858
28.86	1902	1882	20	1854
28.88	1918	1877	41	1851
28.9	1899	1873	26	1848
28.92	1897	1868	29	1845
28.94	1921	1863	58	1841
28.96	1963	1859	104	1838
28.98	1975	1854	121	1835
29.0	1932	1850	82	1832
29.02	1869	1845	24	1828
29.04	1901	1841	60	1825
29.06	1905	1837	68	1822
29.08	1902	1834	68	1819
29.1	1875	1830	45	1816
29.12	1844	1826	18	1813
29.14	1861	1823	38	1810
29.16	1838	1819	19	1807
29.18	1881	1816	65	1804
29.2	1838	1813	25	1801
29.22	1813	1809	4	1797
29.24	1855	1806	49	1794
29.26	1837	1802	35	1791
29.28	1831	1799	32	1788
29.3	1869	1796	73	1785
29.32	1876	1794	82	1782
29.34	1877	1791	86	1780
29.36	1870	1788	82	1777
29.38	1875	1785	90	1774
29.4	1823	1782	41	1771
29.42	1815	1779	36	1768
29.44	1831	1776	55	1765
29.46	1816	1773	43	1762
29.48	1854	1770	84	1759
29.5	1834	1767	67	1756
29.52	1785	1764	21	1753
29.54	1788	1762	26	1751
29.56	1783	1759	24	1748
29.58	1809	1756	53	1745
29.6	1834	1753	81	1742
29.62	1860	1751	109	1739
29.64	1855	1748	107	1737
29.66	1830	1745	85	1734
29.68	1831	1742	89	1731
29.7	1851	1740	111	1728
29.72	1815	1737	78	1726
29.74	1809	1734	75	1723
29.76	1805	1731	74	1720
29.78	1735	1729	6	1718
29.8	1765	1727	38	1715
29.82	1790	1724	66	1712
29.84	1778	1722	56	1710
29.86	1793	1720	73	1707
29.88	1796	1717	79	1705
29.9	1758	1714	44	1702
29.92	1707	1712	-5	1699
29.94	1744	1709	35	1697
29.96	1773	1707	66	1694
29.98	1759	1704	55	1692
30.0	1755	1702	53	1689
30.02	1753	1699	54	1687
30.04	1739	1697	42	1684
30.06	1774	1694	80	1682
30.08	1767	1692	75	1679
30.1	1763	1689	74	1677
30.12	1780	1687	93	1674
30.14	1770	1684	86	1672
30.16	1754	1682	72	1669
30.18	1745	1679	66	1667
30.2	1731	1677	54	1664
30.22	1721	1675	46	1662
30.24	1728	1672	56	1659
30.26	1727	1670	57	1657
30.28	1725	1668	57	1655
30.3	1684	1666	18	1652
30.32	1642	1664	-22	1650
30.34	1710	1661	49	1648
30.36	1718	1659	59	1645
30.38	1721	1657	64	1643
30.4	1747	1655	92	1641
30.42	1708	1652	56	1638
30.44	1667	1650	17	1636
30.46	1676	1648	28	1634
30.48	1658	1646	12	1631
30.5	1648	1644	4	1629
30.52	1698	1641	57	1627
30.54	1692	1639	53	1625
30.56	1688	1637	51	1623
30.58	1683	1635	48	1620
30.6	1708	1633	75	1618
30.62	1704	1631	73	1616
30.64	1670	1629	41	1614
30.66	1671	1626	45	1612
30.68	1637	1624	13	1609
30.7	1611	1622	-11	1607
30.72	1643	1620	23	1605
30.74	1683	1618	65	1603
30.76	1686	1617	69	1601
30.78	1679	1615	64	1599
30.8	1652	1613	39	1597
30.82	1653	1611	42	1595
30.84	1675	1609	66	1592
30.86	1670	1607	63	1590
30.88	1654	1605	49	1588
30.9	1646	1603	43	1586
30.92	1670	1602	68	1584
30.94	1671	1600	71	1582
30.96	1663	1598	65	1580
30.98	1672	1596	76	1578
31.0	1688	1594	94	1576
31.02	1705	1593	112	1574
31.04	1677	1591	86	1572
31.06	1631	1589	42	1570
31.08	1605	1588	17	1568
31.1	1615	1586	29	1566
31.12	1625	1585	40	1564
31.14	1621	1584	37	1562
31.16	1651	1582	69	1560
31.18	1655	1581	74	1559
31.2	1621	1580	41	1557
31.22	1598	1579	19	1555
31.24	1610	1578	32	1553
31.26	1639	1578	61	1551
31.28	1651	1578	73	1549
31.3	1647	1578	69	1547
31.32	1653	1579	74	1545
31.34	1634	1580	54	1543
31.36	1617	1581	36	1542
31.38	1651	1584	67	1540
31.4	1667	1587	80	1538
31.42	1632	1591	41	1536
31.44	1621	1596	25	1534
31.46	1641	1601	40	1533
31.48	1632	1607	25	1531
31.5	1638	1614	24	1529
31.52	1666	1621	45	1527
31.54	1682	1628	54	1526
31.56	1669	1634	35	1524
31.58	1622	1639	-17	1522
31.6	1604	1642	-38	1520
31.62	1634	1643	-9	1519
31.64	1643	1642	1	1517
31.66	1660	1638	22	1515
31.68	1625	1633	-8	1513
31.7	1629	1625	4	1512
31.72	1622	1617	5	1510
31.74	1572	1607	-35	1508
31.76	1625	1597	28	1507
31.78	1637	1588	49	1505
31.8	1597	1578	19	1503
31.82	1567	1569	-2	1502
31.84	1582	1561	21	1500
31.86	1565	1553	12	1498
31.88	1541	1546	-5	1497
31.9	1550	1540	10	1495
31.92	1584	1535	49	1494
31.94	1569	1530	39	1492
31.96	1532	1526	6	1490
31.98	1552	1522	30	1489
32.0	1582	1518	64	1487
32.02	1578	1515	63	1486
32.04	1556	1512	44	1484
32.06	1526	1510	16	1483
32.08	1507	1507	0	1481
32.1	1500	1505	-5	1480
32.12	1539	1503	36	1478
32.14	1545	1501	44	1476
32.16	1517	1499	18	1475
32.18	1463	1497	-34	1473
32.2	1444	1495	-51	1472
32.22	1465	1493	-28	1470
32.24	1517	1492	25	1469
32.26	1503	1490	13	1467
32.28	1458	1488	-30	1466
32.3	1470	1487	-17	1465
32.32	1478	1485	-7	1463
32.34	1474	1484	-10	1462
32.36	1500	1482	18	1460
32.38	1489	1481	8	1459
32.4	1460	1479	-19	1457
32.42	1450	1478	-28	1456
32.44	1497	1476	21	1454
32.46	1479	1475	4	1453
32.48	1476	1473	3	1452
32.5	1494	1472	22	1450
32.52	1515	1470	45	1449
32.54	1519	1469	50	1447
32.56	1504	1468	36	1446
32.58	1503	1466	37	1445
32.6	1497	1465	32	1443
32.62	1466	1464	2	1442
32.64	1448	1463	-15	1441
32.66	1506	1461	45	1439
32.68	1528	1460	68	1438
32.7	1485	1459	26	1437
32.72	1441	1458	-17	1435
32.74	1438	1457	-19	1434
32.76	1460	1456	4	1433
32.78	1494	1455	39	1431
32.8	1481	1454	27	1430
32.82	1484	1453	31	1429
32.84	1470	1452	18	1427
32.86	1499	1450	49	1426
32.88	1549	1449	100	1425
32.9	1515	1448	67	1423
32.92	1489	1447	42	1422
32.94	1528	1446	82	1421
32.96	1464	1446	18	1420
32.98	1425	1444	-19	1418
33.0	1438	1443	-5	1417
33.02	1469	1443	26	1416
33.04	1508	1442	66	1415
33.06	1496	1441	55	1413
33.08	1451	1440	11	1412
33.1	1433	1440	-7	1411
33.12	1430	1439	-9	1410
33.14	1430	1438	-8	1408
33.16	1459	1437	22	1407
33.18	1475	1437	38	1406
33.2	1462	1436	26	1405
33.22	1438	1435	3	1404
33.24	1406	1435	-29	1402
33.26	1401	1435	-34	1401
33.28	1423	1435	-12	1400
33.3	1421	1435	-14	1399
33.32	1420	1434	-14	1398
33.34	1425	1434	-9	1397
33.36	1417	1434	-17	1395
33.38	1434	1434	0	1394
33.4	1471	1434	37	1393
33.42	1462	1434	28	1392
33.44	1415	1434	-19	1391
33.46	1405	1434	-29	1390
33.48	1405	1435	-30	1388
33.5	1445	1435	10	1387
33.52	1463	1436	27	1386
33.54	1374	1437	-63	1385
33.56	1369	1438	-69	1384
33.58	1423	1440	-17	1383
33.6	1476	1441	35	1382
33.62	1468	1443	25	1381
33.64	1479	1446	33	1379
33.66	1436	1449	-13	1378
33.68	1448	1453	-5	1377
33.7	1419	1458	-39	1376
33.72	1446	1464	-18	1375
33.74	1424	1472	-48	1374
33.76	1445	1482	-37	1373
33.78	1478	1495	-17	1372
33.8	1452	1512	-60	1371
33.82	1490	1533	-43	1370
33.84	1544	1560	-16	1369
33.86	1563	1593	-30	1367
33.88	1611	1633	-22	1366
33.9	1669	1681	-12	1365
33.92	1768	1736	32	1364
33.94	1945	1798	147	1363
33.96	2033	1863	170	1362
33.98	2182	1930	252	1361
34.0	2274	1991	283	1360
34.02	2337	2041	296	1359
34.04	2446	2075	371	1358
34.06	2411	2091	320	1357
34.08	2256	2089	167	1356
34.1	2169	2071	98	1355
34.12	2056	2041	15	1354
34.14	2003	2001	2	1353
34.16	1813	1954	-141	1352
34.18	1725	1904	-179	1351
34.2	1704	1854	-150	1350
34.22	1606	1805	-199	1349
34.24	1558	1760	-202	1348
34.26	1573	1718	-145	1347
34.28	1542	1680	-138	1346
34.3	1508	1645	-137	1345
34.32	1550	1614	-64	1344
34.34	1498	1585	-87	1343
34.36	1462	1560	-98	1342
34.38	1485	1537	-52	1341
34.4	1494	1517	-23	1340
34.42	1470	1499	-29	1339
34.44	1399	1483	-84	1338
34.46	1394	1468	-74	1337
34.48	1361	1456	-95	1336
34.5	1403	1445	-42	1335
34.52	1366	1436	-70	1334
34.54	1353	1427	-74	1333
34.56	1308	1420	-112	1332
34.58	1331	1414	-83	1331
34.6	1336	1408	-72	1330
34.62	1317	1404	-87	1329
34.64	1361	1399	-38	1328
34.66	1344	1396	-52	1327
34.68	1376	1392	-16	1326
34.7	1342	1389	-47	1325
34.72	1309	1387	-78	1324
34.74	1370	1384	-14	1323
34.76	1331	1382	-51	1322
34.78	1353	1380	-27	1321
34.8	1411	1378	33	1320
34.82	1330	1376	-46	1319
34.84	1331	1374	-43	1318
34.86	1345	1373	-28	1317
34.88	1348	1371	-23	1316
34.9	1337	1370	-33	1315
34.92	1323	1369	-46	1314
34.94	1350	1367	-17	1314
34.96	1311	1366	-55	1313
34.98	1327	1365	-38	1312
35.0	1334	1364	-30	1311
35.02	1357	1363	-6	1310
35.04	1368	1362	6	1309
35.06	1349	1361	-12	1308
35.08	1324	1360	-36	1307
35.1	1343	1359	-16	1306
35.12	1317	1358	-41	1305
35.14	1297	1357	-60	1304
35.16	1365	1356	9	1303
35.18	1292	1356	-64	1302
35.2	1378	1355	23	1301
35.22	1333	1354	-21	1300
35.24	1304	1354	-50	1299
35.26	1324	1354	-30	1298
35.28	1330	1353	-23	1297
35.3	1328	1352	-24	1297
35.32	1283	1352	-69	1296
35.34	1278	1351	-73	1295
35.36	1324	1351	-27	1294
35.38	1253	1350	-97	1293
35.4	1323	1350	-27	1292
35.42	1332	1349	-17	1291
35.44	1318	1349	-31	1290
35.46	1292	1348	-56	1289
35.48	1319	1348	-29	1288
35.5	1259	1348	-89	1287
35.52	1315	1348	-33	1286
35.54	1313	1348	-35	1285
35.56	1286	1347	-61	1284
35.58	1262	1347	-85	1283
35.6	1298	1347	-49	1282
35.62	1330	1347	-17	1281
35.64	1312	1347	-35	1281
35.66	1331	1348	-17	1280
35.68	1351	1348	3	1279
35.7	1256	1348	-92	1278
35.72	1255	1348	-93	1277
35.74	1267	1348	-81	1276
35.76	1319	1349	-30	1275
35.78	1313	1349	-36	1274
35.8	1324	1349	-25	1273
35.82	1352	1350	2	1272
35.84	1302	1350	-48	1271
35.86	1318	1351	-33	1270
35.88	1379	1352	27	1269
35.9	1387	1353	34	1268
35.92	1307	1354	-47	1267
35.94	1337	1355	-18	1266
35.96	1334	1357	-23	1266
35.98	1382	1358	24	1265
36.0	1367	1360	7	1264
36.02	1299	1362	-63	1263
36.04	1329	1364	-35	1262
36.06	1335	1366	-31	1261
36.08	1321	1368	-47	1260
36.1	1308	1371	-63	1259
36.12	1321	1374	-53	1258
36.14	1307	1377	-70	1257
36.16	1345	1381	-36	1256
36.18	1264	1385	-121	1255
36.2	1289	1390	-101	1254
36.22	1351	1395	-44	1253
36.24	1338	1401	-63	1252
36.26	1287	1408	-121	1251
36.28	1356	1416	-60	1250
36.3	1378	1425	-47	1250
36.32	1384	1437	-53	1249
36.34	1341	1450	-109	1248
36.36	1365	1466	-101	1247
36.38	1365	1485	-120	1246
36.4	1453	1507	-54	1245
36.42	1388	1533	-145	1244
36.44	1461	1564	-103	1243
36.46	1451	1599	-148	1242
36.48	1499	1640	-141	1241
36.5	1537	1685	-148	1240
36.52	1570	1736	-166	1239
36.54	1574	1792	-218	1238
36.56	1632	1851	-219	1237
36.58	1765	1913	-148	1236
36.6	1805	1975	-170	1236
36.62	1878	2034	-156	1235
36.64	2011	2088	-77	1234
36.66	2050	2132	-82	1233
36.68	2128	2167	-39	1232
36.7	2206	2192	14	1231
36.72	2219	2209	10	1230
36.74	2152	2219	-67	1229
36.76	2263	2228	35	1228
36.78	2181	2240	-59	1227
36.8	2147	2260	-113	1226
36.82	2268	2295	-27	1225
36.84	2309	2350	-41	1224
36.86	2386	2433	-47	1223
36.88	2592	2546	46	1222
36.9	2736	2694	42	1222
36.92	3018	2877	141	1221
36.94	3267	3091	176	1220
36.96	3620	3327	293	1219
36.98	4087	3571	516	1218
37.0	4258	3797	461	1217
37.02	4565	3977	588	1216
37.04	4646	4085	561	1215
37.06	4607	4116	491	1214
37.08	4340	4072	268	1213
37.1	4259	3964	295	1212
37.12	3928	3803	125	1211
37.14	3620	3599	21	1210
37.16	3378	3365	13	1209
37.18	3062	3119	-57	1208
37.2	2776	2874	-98	1208
37.22	2536	2644	-108	1207
37.24	2397	2438	-41	1206
37.26	2409	2257	152	1205
37.28	2305	2104	201	1204
37.3	2141	1977	164	1203
37.32	2113	1873	240	1202
37.34	2075	1789	286	1201
37.36	1976	1722	254	1200
37.38	1833	1669	164	1199
37.4	1752	1627	125	1198
37.42	1729	1593	136	1197
37.44	1697	1566	131	1196
37.46	1625	1544	81	1196
37.48	1544	1527	17	1195
37.5	1527	1512	15	1194
37.52	1519	1500	19	1193
37.54	1514	1490	24	1192
37.56	1496	1481	15	1191
37.58	1517	1474	43	1190
37.6	1496	1468	28	1189
37.62	1395	1464	-69	1188
37.64	1448	1460	-12	1187
37.66	1427	1457	-30	1186
37.68	1475	1455	20	1185
37.7	1448	1453	-5	1184
37.72	1449	1453	-4	1184
37.74	1398	1453	-55	1183
37.76	1491	1453	38	1182
37.78	1454	1454	0	1181
37.8	1510	1455	55	1180
37.82	1521	1457	64	1179
37.84	1458	1460	-2	1178
37.86	1477	1463	14	1177
37.88	1507	1466	41	1176
37.9	1538	1471	67	1175
37.92	1509	1475	34	1174
37.94	1475	1481	-6	1173
37.96	1468	1487	-19	1172
37.98	1497	1493	4	1172
38.0	1545	1501	44	1171
38.02	1605	1508	97	1170
38.04	1603	1517	86	1169
38.06	1602	1526	76	1168
38.08	1690	1537	153	1167
38.1	1743	1548	195	1166
38.12	1759	1560	199	1165
38.14	1756	1573	183	1164
38.16	1849	1587	262	1163
38.18	1859	1602	257	1162
38.2	1909	1619	290	1161
38.22	2022	1637	385	1161
38.24	2076	1656	420	1160
38.26	2133	1677	456	1159
38.28	2177	1700	477	1158
38.3	2209	1725	484	1157
38.32	2215	1752	463	1156
38.34	2270	1781	489	1155
38.36	2293	1814	479	1154
38.38	2287	1849	438	1153
38.4	2425	1888	537	1152
38.42	2400	1931	469	1151
38.44	2457	1979	478	1151
38.46	2502	2032	470	1150
38.48	2497	2091	406	1149
38.5	2588	2159	429	1148
38.52	2546	2235	311	1147
38.54	2648	2324	324	1146
38.56	2610	2427	183	1145
38.58	2710	2549	161	1144
38.6	2749	2693	56	1143
38.62	2863	2865	-2	1142
38.64	2976	3072	-96	1141
38.66	3110	3322	-212	1141
38.68	3163	3622	-459	1140
38.7	3312	3984	-672	1139
38.72	3555	4415	-860	1138
38.74	3866	4926	-1060	1137
38.76	4226	5527	-1301	1136
38.78	4779	6222	-1443	1135
38.8	5436	7018	-1582	1134
38.82	6390	7915	-1525	1133
38.84	7480	8906	-1426	1132
38.86	8752	9977	-1225	1132
38.88	10225	11104	-879	1131
38.9	11792	12246	-454	1130
38.92	13436	13348	88	1129
38.94	15149	14343	806	1128
38.96	16552	15155	1397	1127
38.98	17097	15723	1374	1126
39.0	17476	16016	1460	1125
39.02	17318	16033	1285	1124
39.04	16347	15784	563	1123
39.06	15467	15295	172	1123
39.08	14350	14598	-248	1122
39.1	12999	13737	-738	1121
39.12	11709	12764	-1055	1120
39.14	10431	11726	-1295	1119
39.16	9164	10670	-1506	1118
39.18	8262	9636	-1374	1117
39.2	7494	8655	-1161	1116
39.22	6864	7748	-884	1115
39.24	6267	6926	-659	1114
39.26	5769	6195	-426	1114
39.28	5213	5556	-343	1113
39.3	4822	5006	-184	1112
39.32	4310	4539	-229	1111
39.34	4076	4147	-71	1110
39.36	3632	3825	-193	1109
39.38	3411	3562	-151	1108
39.4	3074	3352	-278	1107
39.42	2910	3185	-275	1106
39.44	2829	3055	-226	1106
39.46	2698	2952	-254	1105
39.48	2649	2867	-218	1104
39.5	2590	2793	-203	1103
39.52	2520	2722	-202	1102
39.54	2447	2652	-205	1101
39.56	2337	2583	-246	1100
39.58	2288	2514	-226	1099
39.6	2169	2446	-277	1098
39.62	2052	2378	-326	1098
39.64	1978	2313	-335	1097
39.66	1953	2252	-299	1096
39.68	1970	2196	-226	1095
39.7	1877	2147	-270	1094
39.72	1847	2106	-259	1093
39.74	1905	2075	-170	1092
39.76	1930	2053	-123	1091
39.78	1839	2040	-201	1091
39.8	1876	2038	-162	1090
39.82	1895	2047	-152	1089
39.84	1858	2069	-211	1088
39.86	1888	2107	-219	1087
39.88	1919	2163	-244	1086
39.9	1928	2244	-316	1085
39.92	1978	2355	-377	1084
39.94	2137	2504	-367	1084
39.96	2276	2697	-421	1083
39.98	2466	2944	-478	1082
40.0	2803	3250	-447	1081
40.02	3256	3619	-363	1080
40.04	3854	4051	-197	1079
40.06	4542	4538	4	1078
40.08	5282	5059	223	1077
40.1	6150	5581	569	1077
40.12	6874	6050	824	1076
40.14	7472	6408	1064	1075
40.16	7770	6610	1160	1074
40.18	7578	6656	922	1073
40.2	7295	6564	731	1072
40.22	6805	6360	445	1071
40.24	6283	6063	220	1070
40.26	5910	5687	223	1070
40.28	5347	5254	93	1069
40.3	4811	4793	19	1068
40.32	4333	4332	1	1067
40.34	3897	3898	-1	1066
40.36	3520	3507	13	1065
40.38	3271	3168	103	1064
40.4	3098	2881	217	1064
40.42	2975	2646	329	1063
40.44	2826	2456	370	1062
40.46	2686	2306	380	1061
40.48	2459	2190	269	1060
40.5	2268	2103	165	1059
40.52	2167	2040	127	1058
40.54	2096	1996	100	1058
40.56	1946	1969	-23	1057
40.58	1877	1957	-80	1056
40.6	1854	1959	-105	1055
40.62	1853	1976	-123	1054
40.64	1778	2010	-232	1053
40.66	1795	2064	-269	1052
40.68	1820	2142	-322	1052
40.7	1896	2250	-354	1051
40.72	2001	2397	-396	1050
40.74	2098	2591	-493	1049
40.76	2241	2840	-599	1048
40.78	2499	3153	-654	1047
40.8	2917	3534	-617	1046
40.82	3425	3985	-560	1046
40.84	4000	4499	-499	1045
40.86	4743	5061	-318	1044
40.88	5524	5635	-111	1043
40.9	6149	6171	-22	1042
40.92	6680	6601	79	1041
40.94	6969	6870	99	1041
40.96	6873	6964	-91	1040
40.98	6720	6902	-182	1039
41.0	6412	6712	-300	1038
41.02	6030	6420	-390	1037
41.04	5607	6039	-432	1036
41.06	5131	5586	-455	1035
41.08	4675	5090	-415	1035
41.1	4296	4583	-287	1034
41.12	3966	4095	-129	1033
41.14	3589	3647	-58	1032
41.16	3319	3252	67	1031
41.18	3089	2913	176	1030
41.2	2821	2628	193	1030
41.22	2550	2393	157	1029
41.24	2340	2202	138	1028
41.26	2148	2047	101	1027
41.28	1994	1923	71	1026
41.3	1907	1823	84	1025
41.32	1724	1743	-19	1025
41.34	1646	1678	-32	1024
41.36	1583	1624	-41	1023
41.38	1459	1579	-120	1022
41.4	1417	1542	-125	1021
41.42	1394	1510	-116	1020
41.44	1366	1482	-116	1020
41.46	1349	1459	-110	1019
41.48	1328	1438	-110	1018
41.5	1318	1421	-103	1017
41.52	1305	1405	-100	1016
41.54	1302	1392	-90	1015
41.56	1269	1381	-112	1015
41.58	1281	1373	-92	1014
41.6	1299	1365	-66	1013
41.62	1262	1360	-98	1012
41.64	1282	1357	-75	1011
41.66	1311	1357	-46	1011
41.68	1364	1358	6	1010
41.7	1318	1362	-44	1009
41.72	1346	1369	-23	1008
41.74	1301	1381	-80	1007
41.76	1352	1398	-46	1006
41.78	1383	1423	-40	1006
41.8	1412	1456	-44	1005
41.82	1429	1502	-73	1004
41.84	1537	1561	-24	1003
41.86	1595	1637	-42	1002
41.88	1659	1732	-73	1002
41.9	1725	1846	-121	1001
41.92	1875	1981	-106	1000
41.94	1998	2132	-134	999
41.96	2125	2294	-169	998
41.98	2330	2455	-125	998
42.0	2472	2598	-126	997
42.02	2572	2704	-132	996
42.04	2590	2759	-169	995
42.06	2562	2766	-204	994
42.08	2544	2733	-189	994
42.1	2473	2668	-195	993
42.12	2383	2578	-195	992
42.14	2272	2463	-191	991
42.16	2118	2331	-213	990
42.18	2062	2190	-128	990
42.2	2055	2047	8	989
42.22	1970	1912	58	988
42.24	1868	1790	78	987
42.26	1800	1683	117	986
42.28	1761	1592	169	986
42.3	1701	1517	184	985
42.32	1612	1455	157	984
42.34	1567	1405	162	983
42.36	1496	1366	130	982
42.38	1472	1335	137	982
42.4	1455	1310	145	981
42.42	1422	1291	131	980
42.44	1341	1276	65	979
42.46	1297	1264	33	978
42.48	1284	1255	29	978
42.5	1262	1248	14	977
42.52	1272	1242	30	976
42.54	1296	1238	58	975
42.56	1278	1236	42	975
42.58	1271	1234	37	974
42.6	1271	1234	37	973
42.62	1247	1234	13	972
42.64	1243	1236	7	971
42.66	1288	1238	50	971
42.68	1390	1242	148	970
42.7	1399	1247	152	969
42.72	1403	1253	150	968
42.74	1467	1260	207	968
42.76	1466	1269	197	967
42.78	1548	1279	269	966
42.8	1602	1292	310	965
42.82	1684	1306	378	964
42.84	1804	1323	481	964
42.86	1907	1343	564	963
42.88	2034	1367	667	962
42.9	2121	1396	725	961
42.92	2199	1431	768	961
42.94	2328	1474	854	960
42.96	2385	1525	860	959
42.98	2472	1587	885	958
43.0	2618	1662	956	958
43.02	2658	1752	906	957
43.04	2764	1859	905	956
43.06	2843	1986	857	955
43.08	3003	2135	868	954
43.1	3061	2306	755	954
43.12	3158	2502	656	953
43.14	3365	2720	645	952
43.16	3545	2961	584	951
43.18	3814	3219	595	951
43.2	4202	3489	713	950
43.22	4462	3759	703	949
43.24	4701	4016	685	948
43.26	5064	4243	821	948
43.28	5297	4424	873	947
43.3	5393	4544	849	946
43.32	5278	4602	676	945
43.34	5209	4599	610	945
43.36	5050	4539	511	944
43.38	4809	4426	383	943
43.4	4462	4267	195	942
43.42	4152	4070	82	942
43.44	3937	3847	90	941
43.46	3679	3606	73	940
43.48	3323	3358	-35	939
43.5	2977	3113	-136	939
43.52	2744	2877	-133	938
43.54	2549	2656	-107	937
43.56	2399	2453	-54	937
43.58	2264	2271	-7	936
43.6	2150	2108	42	935
43.62	2023	1966	57	934
43.64	1857	1843	14	934
43.66	1767	1737	30	933
43.68	1699	1646	53	932
43.7	1670	1569	101	931
43.72	1638	1503	135	931
43.74	1556	1448	108	930
43.76	1486	1401	85	929
43.78	1422	1362	60	928
43.8	1396	1329	67	928
43.82	1355	1300	55	927
43.84	1327	1275	52	926
43.86	1303	1254	49	926
43.88	1265	1235	30	925
43.9	1246	1218	28	924
43.92	1264	1204	60	923
43.94	1325	1191	134	923
43.96	1313	1179	134	922
43.98	1247	1169	79	921
44.0	1265	1159	106	921
44.02	1205	1150	55	920
44.04	1224	1142	82	919
44.06	1229	1135	94	918
44.08	1206	1129	77	918
44.1	1231	1123	108	917
44.12	1186	1118	68	916
44.14	1183	1113	70	916
44.16	1184	1109	75	915
44.18	1204	1105	99	914
44.2	1191	1102	89	913
44.22	1196	1099	97	913
44.24	1220	1097	123	912
44.26	1230	1094	136	911
44.28	1257	1093	164	911
44.3	1262	1092	170	910
44.32	1213	1091	122	909
44.34	1186	1091	95	909
44.36	1212	1091	121	908
44.38	1269	1092	177	907
44.4	1296	1093	203	906
44.42	1337	1094	243	906
44.44	1324	1097	227	905
44.46	1249	1100	149	904
44.48	1266	1104	162	904
44.5	1307	1108	199	903
44.52	1325	1113	212	902
44.54	1348	1119	229	902
44.56	1348	1126	222	901
44.58	1369	1134	235	900
44.6	1352	1144	208	900
44.62	1375	1156	219	899
44.64	1394	1169	225	898
44.66	1449	1186	263	898
44.68	1463	1206	257	897
44.7	1449	1231	218	896
44.72	1489	1262	227	895
44.74	1480	1301	179	895
44.76	1516	1352	164	894
44.78	1553	1417	136	893
44.8	1623	1500	123	893
44.82	1704	1606	98	892
44.84	1795	1737	58	891
44.86	1983	1898	85	891
44.88	2155	2088	67	890
44.9	2447	2307	140	889
44.92	2792	2548	244	889
44.94	3091	2797	294	888
44.96	3333	3033	300	887
44.98	3505	3226	279	887
45.0	3602	3353	249	886
45.02	3560	3412	148	885
45.04	3408	3415	-7	885
45.06	3335	3381	-46	884
45.08	3218	3320	-102	883
45.1	3050	3238	-188	883
45.12	2935	3135	-200	882
45.14	2829	3020	-191	882
45.16	2686	2902	-216	881
45.18	2615	2795	-180	880
45.2	2536	2708	-172	880
45.22	2490	2646	-156	879
45.24	2407	2608	-201	878
45.26	2397	2590	-193	878
45.28	2342	2585	-243	877
45.3	2362	2584	-222	876
45.32	2289	2578	-289	876
45.34	2234	2563	-329	875
45.36	2183	2535	-352	874
45.38	2113	2494	-381	874
45.4	2034	2440	-406	873
45.42	1967	2372	-405	873
45.44	1915	2292	-377	872
45.46	1822	2202	-380	871
45.48	1754	2106	-352	871
45.5	1654	2005	-351	870
45.52	1546	1904	-358	869
45.54	1478	1805	-327	869
45.56	1481	1711	-230	868
45.58	1479	1623	-144	867
45.6	1426	1543	-117	867
45.62	1413	1471	-58	866
45.64	1372	1406	-34	866
45.66	1298	1350	-52	865
45.68	1251	1300	-49	864
45.7	1249	1258	-9	864
45.72	1241	1221	20	863
45.74	1167	1189	-22	862
45.76	1157	1162	-5	862
45.78	1129	1139	-10	861
45.8	1150	1119	31	861
45.82	1109	1102	7	860
45.84	1087	1087	0	859
45.86	1047	1075	-28	859
45.88	1054	1064	-10	858
45.9	1056	1055	1	858
45.92	1076	1046	30	857
45.94	1068	1039	29	856
45.96	1056	1033	23	856
45.98	1068	1027	41	855
46.0	1070	1022	48	855
46.02	1061	1018	43	854
46.04	1062	1014	48	853
46.06	1044	1011	33	853
46.08	1067	1008	59	852
46.1	1084	1005	79	852
46.12	1052	1003	49	851
46.14	1074	1002	72	850
46.16	1074	1000	74	850
46.18	1021	1000	21	849
46.2	1047	999	48	849
46.22	1065	1000	65	848
46.24	1036	1000	36	847
46.26	1062	1001	61	847
46.28	1072	1003	69	846
46.3	1055	1005	50	846
46.32	1047	1008	39	845
46.34	1056	1012	44	845
46.36	1056	1017	39	844
46.38	1055	1022	33	843
46.4	1076	1030	46	843
46.42	1069	1039	30	842
46.44	1113	1051	62	842
46.46	1093	1067	26	841
46.48	1117	1087	30	841
46.5	1131	1113	18	840
46.52	1148	1147	1	839
46.54	1194	1190	4	839
46.56	1258	1244	14	838
46.58	1325	1310	15	838
46.6	1437	1390	47	837
46.62	1538	1481	57	837
46.64	1621	1581	40	836
46.66	1772	1685	87	835
46.68	1865	1783	82	835
46.7	1893	1861	32	834
46.72	2004	1909	95	834
46.74	2011	1926	85	833
46.76	1978	1919	59	833
46.78	1983	1895	88	832
46.8	1870	1860	10	832
46.82	1848	1816	32	831
46.84	1740	1764	-24	831
46.86	1722	1704	18	830
46.88	1685	1642	43	829
46.9	1629	1583	46	829
46.92	1642	1532	110	828
46.94	1593	1492	101	828
46.96	1539	1467	72	827
46.98	1518	1457	61	827
47.0	1498	1462	36	826
47.02	1512	1484	28	826
47.04	1539	1523	16	825
47.06	1524	1579	-55	825
47.08	1565	1652	-87	824
47.1	1634	1741	-107	824
47.12	1679	1847	-168	823
47.14	1820	1968	-148	822
47.16	1992	2103	-111	822
47.18	2213	2249	-36	821
47.2	2363	2400	-37	821
47.22	2532	2550	-18	820
47.24	2820	2690	130	820
47.26	3096	2812	284	819
47.28	3316	2904	412	819
47.3	3454	2962	492	818
47.32	3545	2986	559	818
47.34	3541	2978	563	817
47.36	3548	2940	608	817
47.38	3593	2875	718	816
47.4	3460	2786	674	816
47.42	3337	2676	661	815
47.44	3250	2551	699	815
47.46	3095	2415	680	814
47.48	2918	2275	643	814
47.5	2754	2134	620	813
47.52	2638	1997	641	813
47.54	2511	1868	643	812
47.56	2410	1748	662	812
47.58	2327	1640	687	811
47.6	2189	1542	647	811
47.62	2154	1456	698	810
47.64	2076	1380	696	810
47.66	2014	1314	700	809
47.68	1913	1258	655	809
47.7	1830	1209	621	808
47.72	1747	1167	580	808
47.74	1690	1132	558	807
47.76	1669	1101	568	807
47.78	1620	1075	545	806
47.8	1561	1052	509	806
47.82	1551	1033	518	805
47.84	1528	1016	512	805
47.86	1461	1002	459	805
47.88	1431	989	442	804
47.9	1380	977	403	804
47.92	1367	967	400	803
47.94	1379	958	421	803
47.96	1363	950	413	802
47.98	1299	942	357	802
48.0	1298	935	363	801
48.02	1273	928	345	801
48.04	1251	922	329	800
48.06	1215	917	298	800
48.08	1166	912	254	799
48.1	1148	907	241	799
48.12	1102	902	200	798
48.14	1102	898	204	798
48.16	1095	894	201	798
48.18	1053	891	162	797
48.2	998	887	111	797
48.22	997	884	113	796
48.24	978	881	97	796
48.26	959	878	81	795
48.28	941	875	66	795
48.3	955	872	83	794
48.32	977	869	108	794
48.34	967	867	100	794
48.36	896	864	32	793
48.38	919	862	57	793
48.4	925	860	65	792
48.42	940	858	82	792
48.44	944	856	88	791
48.46	894	854	40	791
48.48	863	852	11	791
48.5	868	850	18	790
48.52	877	848	29	790
48.54	888	846	42	789
48.56	908	844	64	789
48.58	891	843	48	788
48.6	874	841	33	788
48.62	838	840	-2	788
48.64	857	838	19	787
48.66	862	837	25	787
48.68	899	835	64	786
48.7	886	834	52	786
48.72	854	833	21	786
48.74	830	831	-1	785
48.76	858	830	28	785
48.78	834	829	5	784
48.8	848	827	21	784
48.82	872	826	46	784
48.84	846	825	21	783
48.86	841	824	17	783
48.88	839	823	16	782
48.9	843	822	21	782
48.92	871	821	50	782
48.94	828	820	8	781
48.96	824	820	4	781
48.98	845	819	26	780
49.0	846	818	28	780
49.02	836	817	19	780
49.04	848	816	32	779
49.06	848	815	33	779
49.08	901	815	86	778
49.1	861	814	47	778
49.12	807	813	-6	778
49.14	804	812	-8	777
49.16	799	812	-13	777
49.18	805	811	-6	777
49.2	826	810	16	776
49.22	841	808	33	776
49.24	790	807	-17	776
49.26	785	806	-21	775
49.28	784	806	-22	775
49.3	820	805	15	774
49.32	841	804	37	774
49.34	850	804	46	774
49.36	834	803	31	773
49.38	811	803	8	773
49.4	819	803	16	773
49.42	802	802	0	772
49.44	808	801	7	772
49.46	828	800	28	772
49.48	835	800	35	771
49.5	801	800	1	771
49.52	841	799	42	771
49.54	838	799	39	770
49.56	806	798	8	770
49.58	827	797	30	770
49.6	796	797	-1	769
49.62	807	796	11	769
49.64	809	796	13	769
49.66	775	795	-20	768
49.68	802	795	7	768
49.7	815	795	20	768
49.72	810	794	16	767
49.74	827	794	33	767
49.76	778	794	-16	767
49.78	759	793	-34	766
49.8	790	793	-3	766
49.82	764	793	-29	766
49.84	777	792	-15	765
49.86	776	792	-16	765
49.88	813	792	21	765
49.9	812	792	20	764
49.92	804	791	13	764
49.94	812	791	21	764
49.96	815	791	24	763
49.98	791	791	0	763
50.0	813	791	22	763
50.02	821	791	30	763
50.04	835	791	44	762
50.06	806	791	15	762
50.08	788	791	-3	762
50.1	819	790	29	761
50.12	792	790	2	761
50.14	829	790	39	761
50.16	785	790	-5	760
50.18	780	790	-10	760
50.2	784	791	-7	760
50.22	815	791	24	760
50.24	821	791	30	759
50.26	797	791	6	759
50.28	812	791	21	759
50.3	833	792	41	758
50.32	813	792	21	758
50.34	797	793	4	758
50.36	812	792	20	758
50.38	823	793	30	757
50.4	808	794	14	757
50.42	770	794	-24	757
50.44	821	795	26	757
50.46	839	796	43	756
50.48	838	797	41	756
50.5	788	798	-10	756
50.52	815	800	15	756
50.54	823	801	22	755
50.56	845	803	42	755
50.58	817	805	12	755
50.6	805	807	-2	755
50.62	808	809	-1	754
50.64	807	811	-4	754
50.66	816	814	2	754
50.68	847	818	29	754
50.7	799	822	-23	753
50.72	804	827	-23	753
50.74	852	832	20	753
50.76	861	839	22	753
50.78	853	847	6	752
50.8	890	855	35	752
50.82	853	866	-13	752
50.84	844	878	-34	752
50.86	900	891	9	751
50.88	873	908	-35	751
50.9	893	926	-33	751
50.92	922	948	-26	751
50.94	906	974	-68	750
50.96	935	1005	-70	750
50.98	963	1041	-78	750
51.0	1019	1086	-67	750
51.02	1069	1139	-70	750
51.04	1102	1202	-100	749
51.06	1211	1278	-67	749
51.08	1301	1366	-65	749
51.1	1418	1468	-50	749
51.12	1459	1578	-119	748
51.14	1588	1692	-104	748
51.16	1667	1795	-128	748
51.18	1750	1870	-120	748
51.2	1724	1905	-181	748
51.22	1731	1902	-171	747
51.24	1679	1870	-191	747
51.26	1622	1821	-199	747
51.28	1613	1765	-152	747
51.3	1509	1704	-195	747
51.32	1476	1635	-159	746
51.34	1486	1556	-70	746
51.36	1356	1470	-114	746
51.38	1338	1380	-42	746
51.4	1304	1293	11	746
51.42	1234	1213	21	745
51.44	1185	1141	44	745
51.46	1135	1080	55	745
51.48	1055	1028	27	745
51.5	1069	985	84	745
51.52	1021	950	71	744
51.54	967	921	46	744
51.56	931	898	33	744
51.58	945	880	65	744
51.6	892	865	27	744
51.62	901	853	48	743
51.64	898	843	55	743
51.66	846	835	11	743
51.68	873	827	46	743
51.7	796	821	-25	743
51.72	843	816	27	743
51.74	818	811	7	742
51.76	818	807	11	742
51.78	778	803	-25	742
51.8	788	800	-12	742
51.82	753	797	-44	742
51.84	823	794	29	742
51.86	772	791	-19	741
51.88	770	789	-19	741
51.9	800	787	13	741
51.92	788	785	3	741
51.94	771	784	-13	741
51.96	748	782	-34	741
51.98	754	781	-27	740
52.0	755	779	-24	740
52.02	777	778	-1	740
52.04	807	777	30	740
52.06	760	775	-15	740
52.08	764	775	-11	740
52.1	804	774	30	740
52.12	822	773	49	739
52.14	816	772	44	739
52.16	821	771	50	739
52.18	796	771	25	739
52.2	766	770	-4	739
52.22	764	770	-6	739
52.24	751	769	-18	739
52.26	758	770	-12	738
52.28	719	769	-50	738
52.3	748	769	-21	738
52.32	770	769	1	738
52.34	730	769	-39	738
52.36	775	769	6	738
52.38	775	769	6	738
52.4	790	769	21	737
52.42	779	769	10	737
52.44	745	769	-24	737
52.46	783	769	14	737
52.48	779	770	9	737
52.5	811	771	40	737
52.52	809	772	37	737
52.54	746	773	-27	737
52.56	759	774	-15	736
52.58	764	776	-12	736
52.6	750	778	-28	736
52.62	805	781	24	736
52.64	801	784	17	736
52.66	783	787	-4	736
52.68	804	791	13	736
52.7	856	795	61	736
52.72	772	800	-28	736
52.74	793	805	-12	735
52.76	843	811	32	735
52.78	828	816	12	735
52.8	785	822	-37	735
52.82	832	828	4	735
52.84	853	833	20	735
52.86	824	838	-14	735
52.88	853	844	9	735
52.9	848	851	-3	735
52.92	814	859	-45	735
52.94	743	870	-127	734
52.96	814	884	-70	734
52.98	883	902	-19	734
53.0	932	924	8	734
53.02	975	953	22	734
53.04	1024	986	38	734
53.06	1068	1024	44	734
53.08	1128	1064	64	734
53.1	1194	1100	94	734
53.12	1265	1128	137	734
53.14	1202	1140	62	734
53.16	1143	1138	5	733
53.18	1191	1126	65	733
53.2	1119	1109	10	733
53.22	1108	1091	17	733
53.24	1028	1072	-44	733
53.26	1088	1051	37	733
53.28	1057	1026	31	733
53.3	1067	998	69	733
53.32	1021	967	54	733
53.34	998	937	61	733
53.36	889	909	-20	733
53.38	900	883	17	733
53.4	840	861	-21	732
53.42	895	843	52	732
53.44	885	827	58	732
53.46	845	815	30	732
53.48	818	804	14	732
53.5	818	796	22	732
53.52	808	790	18	732
53.54	791	784	7	732
53.56	757	780	-23	732
53.58	793	777	16	732
53.6	801	774	27	732
53.62	788	771	17	732
53.64	764	769	-5	732
53.66	757	768	-11	732
53.68	811	766	45	732
53.7	779	765	14	731
53.72	757	764	-7	731
53.74	804	763	41	731
53.76	769	762	7	731
53.78	811	762	49	731
53.8	793	761	32	731
53.82	756	760	-4	731
53.84	743	760	-17	731
53.86	805	760	45	731
53.88	756	760	-4	731
53.9	750	760	-10	731
53.92	752	760	-8	731
53.94	760	761	-1	731
53.96	734	761	-27	731
53.98	730	762	-32	731
54.0	821	762	59	731
54.02	763	764	-1	731
54.04	824	766	58	731
54.06	781	768	13	731
54.08	770	772	-2	731
54.1	781	776	5	731
54.12	744	782	-38	730
54.14	791	789	2	730
54.16	791	799	-8	730
54.18	837	810	27	730
54.2	812	822	-10	730
54.22	820	836	-16	730
54.24	809	849	-40	730
54.26	831	860	-29	730
54.28	834	867	-33	730
54.3	834	869	-35	730
54.32	808	869	-61	730
54.34	861	867	-6	730
54.36	818	865	-47	730
54.38	878	864	14	730
54.4	781	863	-82	730
54.42	823	862	-39	730
54.44	852	860	-8	730
54.46	868	858	10	730
54.48	859	856	3	730
54.5	799	854	-55	730
54.52	829	853	-24	730
54.54	807	854	-47	730
54.56	812	854	-42	730
54.58	840	855	-15	730
54.6	834	855	-21	730
54.62	859	855	4	730
54.64	886	854	32	730
54.66	867	851	16	730
54.68	825	848	-23	730
54.7	865	845	20	730
54.72	835	840	-5	730
54.74	847	836	11	730
54.76	868	830	38	730
54.78	815	824	-9	730
54.8	860	817	43	730
54.82	849	811	38	730
54.84	812	804	8	730
54.86	860	798	62	730
54.88	808	792	16	730
54.9	796	787	9	730
54.92	793	781	12	730
54.94	783	777	6	730
54.96	813	773	40	730
54.98	814	769	45	730
55.0	794	766	28	730
55.02	749	764	-15	730
55.04	764	762	2	730
55.06	753	760	-7	730
55.08	755	758	-3	730
55.1	763	756	7	730
55.12	787	755	32	730
55.14	761	754	7	730
55.16	787	753	34	730
55.18	820	752	68	730
55.2	804	752	52	730
55.22	749	751	-2	730
55.24	798	750	48	730
55.26	791	751	40	730
55.28	749	750	-1	730
55.3	785	750	35	730
55.32	735	750	-15	730
55.34	763	749	14	730
55.36	777	749	28	730
55.38	751	749	2	730
55.4	766	749	17	730
55.42	813	748	65	730
55.44	754	748	6	730
55.46	760	748	12	730
55.48	751	748	3	730
55.5	762	748	14	730
55.52	769	748	21	730
55.54	749	748	1	730
55.56	749	748	1	730
55.58	745	748	-3	730
55.6	741	748	-7	730
55.62	758	748	10	730
55.64	758	749	9	730
55.66	754	749	5	730
55.68	799	749	50	730
55.7	736	749	-13	730
55.72	750	750	0	730
55.74	779	750	29	730
55.76	754	750	4	730
55.78	753	751	2	730
55.8	737	751	-14	730
55.82	775	752	23	730
55.84	767	752	15	730
55.86	789	752	37	730
55.88	770	753	17	730
55.9	766	754	12	730
55.92	823	756	67	730
55.94	730	757	-27	730
55.96	784	759	25	730
55.98	768	761	7	730
56.0	719	763	-44	730
56.02	763	766	-3	730
56.04	773	770	3	730
56.06	769	774	-5	730
56.08	750	779	-29	730
56.1	794	785	9	730
56.12	764	791	-27	730
56.14	790	799	-9	730
56.16	763	807	-44	731
56.18	729	816	-87	731
56.2	814	826	-12	731
56.22	798	837	-39	731
56.24	795	848	-53	731
56.26	824	860	-36	731
56.28	803	870	-67	731
56.3	822	878	-56	731
56.32	798	885	-87	731
56.34	817	889	-72	731
56.36	814	891	-77	731
56.38	758	891	-133	731
56.4	793	890	-97	731
56.42	818	887	-69	731
56.44	795	882	-87	731
56.46	775	877	-102	731
56.48	775	870	-95	731
56.5	838	862	-24	731
56.52	768	853	-85	731
56.54	804	844	-40	731
56.56	839	835	4	731
56.58	794	826	-32	731
56.6	781	818	-37	731
56.62	747	810	-63	731
56.64	802	803	-1	731
56.66	763	796	-33	732
56.68	784	790	-6	732
56.7	731	784	-53	732
56.72	776	780	-4	732
56.74	766	775	-9	732
56.76	770	771	-1	732
56.78	717	768	-51	732
56.8	764	765	-1	732
56.82	782	763	19	732
56.84	774	761	13	732
56.86	724	760	-36	732
56.88	752	758	-6	732
56.9	737	757	-20	732
56.92	771	756	15	732
56.94	797	756	41	732
56.96	762	755	7	732
56.98	744	755	-11	732
57.0	706	754	-48	732
57.02	763	754	9	732
57.04	733	753	-20	732
57.06	728	753	-25	733
57.08	753	753	0	733
57.1	757	753	4	733
57.12	768	752	16	733
57.14	817	753	64	733
57.16	780	753	27	733
57.18	729	753	-24	733
57.2	744	753	-9	733
57.22	751	753	-2	733
57.24	782	753	29	733
57.26	747	753	-6	733
57.28	745	753	-8	733
57.3	731	753	-22	733
57.32	778	753	25	733
57.34	753	753	0	733
57.36	766	754	12	733
57.38	750	754	-4	733
57.4	749	754	-5	733
57.42	768	754	14	734
57.44	758	755	3	734
57.46	757	755	2	734
57.48	755	755	0	734
57.5	775	756	19	734
57.52	755	757	-2	734
57.54	773	758	15	734
57.56	791	759	32	734
57.58	775	760	15	734
57.6	807	761	46	734
57.62	739	763	-24	734
57.64	790	764	26	734
57.66	771	766	5	734
57.68	738	769	-31	734
57.7	774	772	2	734
57.72	765	775	-10	734
57.74	803	779	24	735
57.76	810	784	26	735
57.78	786	790	-4	735
57.8	764	796	-32	735
57.82	796	804	-8	735
57.84	772	812	-40	735
57.86	788	821	-33	735
57.88	791	831	-40	735
57.9	810	842	-32	735
57.92	861	853	8	735
57.94	847	865	-18	735
57.96	832	875	-43	735
57.98	860	885	-25	735
58.0	849	893	-44	735
58.02	888	898	-10	736
58.04	821	902	-81	736
58.06	898	903	-5	736
58.08	858	902	-44	736
58.1	879	900	-21	736
58.12	877	896	-19	736
58.14	901	891	10	736
58.16	842	885	-43	736
58.18	822	878	-56	736
58.2	832	870	-38	736
58.22	848	861	-13	736
58.24	836	852	-16	736
58.26	835	842	-7	736
58.28	850	833	17	737
58.3	839	824	15	737
58.32	793	816	-23	737
58.34	767	808	-41	737
58.36	853	802	51	737
58.38	813	796	17	737
58.4	800	790	10	737
58.42	796	786	10	737
58.44	838	781	57	737
58.46	770	778	-8	737
58.48	779	775	4	737
58.5	794	772	22	737
58.52	766	770	-4	737
58.54	756	768	-12	738
58.56	766	767	-1	738
58.58	780	765	15	738
58.6	755	763	-8	738
58.62	789	762	27	738
58.64	804	762	42	738
58.66	775	761	14	738
58.68	762	761	1	738
58.7	753	760	-7	738
58.72	739	760	-21	738
58.74	749	760	-11	738
58.76	753	760	-7	739
58.78	758	760	-2	739
58.8	764	760	4	739
58.82	761	762	-1	739
58.84	780	763	17	739
58.86	753	764	-11	739
58.88	721	765	-44	739
58.9	760	768	-8	739
58.92	833	771	62	739
58.94	816	775	41	739
58.96	784	780	4	740
58.98	845	786	59	740
59.0	796	792	4	740
59.02	791	799	-8	740
59.04	808	806	2	740
59.06	826	810	16	740
59.08	810	811	-1	740
59.1	795	810	-15	740
59.12	819	808	11	740
59.14	828	805	23	740
59.16	838	802	36	741
59.18	820	800	20	741
59.2	834	798	36	741
59.22	813	796	17	741
59.24	800	794	6	741
59.26	804	790	14	741
59.28	784	786	-2	741
59.3	777	783	-6	741
59.32	790	779	11	741
59.34	810	776	34	741
59.36	792	774	18	742
59.38	793	773	20	742
59.4	780	771	9	742
59.42	774	771	3	742
59.44	785	771	14	742
59.46	706	771	-65	742
59.48	803	772	31	742
59.5	777	774	3	742
59.52	761	775	-14	742
59.54	778	777	1	743
59.56	758	779	-21	743
59.58	765	781	-16	743
59.6	785	783	2	743
59.62	771	786	-15	743
59.64	822	788	34	743
59.66	783	789	-6	743
59.68	793	790	3	743
59.7	797	791	6	744
59.72	797	791	6	744
59.74	798	791	7	744
59.76	822	790	32	744
59.78	793	790	3	744
59.8	806	789	17	744
59.82	788	787	1	744
59.84	743	786	-43	744
59.86	750	784	-34	745
59.88	780	782	-2	745
59.9	837	780	57	745
59.92	833	779	54	745
59.94	807	777	30	745
59.96	768	775	-7	745
59.98	756	773	-17	745
60.0	768	771	-3	745
60.02	802	770	32	746
60.04	767	768	-1	746
60.06	783	767	16	746
60.08	775	766	9	746
60.1	780	766	14	746
60.12	762	765	-3	746
60.14	777	764	13	746
60.16	784	764	20	746
60.18	763	764	-1	747
60.2	767	763	4	747
60.22	763	763	0	747
60.24	760	763	-3	747
60.26	785	763	22	747
60.28	744	763	-19	747
60.3	769	763	6	747
60.32	718	764	-46	748
60.34	740	764	-24	748
60.36	756	764	-8	748
60.38	736	764	-28	748
60.4	772	764	8	748
60.42	774	765	9	748
60.44	752	765	-13	748
60.46	771	765	6	749
60.48	778	766	12	749
60.5	817	766	51	749
60.52	770	767	3	749
60.54	748	767	-19	749
60.56	757	768	-11	749
60.58	807	769	38	749
60.6	762	770	-8	750
60.62	729	771	-42	750
60.64	776	772	4	750
60.66	758	772	-14	750
60.68	729	774	-45	750
60.7	741	775	-34	750
60.72	798	778	20	751
60.74	775	780	-5	751
60.76	796	784	12	751
60.78	804	789	15	751
60.8	805	796	9	751
60.82	847	804	43	751
60.84	844	815	29	751
60.86	894	828	66	752
60.88	926	843	83	752
60.9	976	859	117	752
60.92	967	874	93	752
60.94	953	885	68	752
60.96	944	890	54	752
60.98	982	888	94	753
61.0	948	884	64	753
61.02	925	877	48	753
61.04	919	872	47	753
61.06	870	868	2	753
61.08	911	866	45	753
61.1	913	863	50	754
61.12	906	860	46	754
61.14	914	855	59	754
61.16	940	848	92	754
61.18	924	842	82	754
61.2	864	836	28	755
61.22	860	830	30	755
61.24	849	826	23	755
61.26	783	823	-40	755
61.28	823	820	3	755
61.3	803	818	-15	755
61.32	827	816	11	756
61.34	802	814	-12	756
61.36	818	812	6	756
61.38	800	811	-11	756
61.4	751	810	-59	756
61.42	738	808	-70	756
61.44	771	807	-36	757
61.46	798	806	-8	757
61.48	766	804	-38	757
61.5	792	802	-10	757
61.52	787	801	-14	757
61.54	800	799	1	758
61.56	774	798	-24	758
61.58	783	796	-13	758
61.6	773	795	-22	758
61.62	794	794	0	758
61.64	739	793	-54	759
61.66	739	792	-53	759
61.68	776	791	-15	759
61.7	767	790	-23	759
61.72	768	790	-22	759
61.74	775	790	-15	760
61.76	810	789	21	760
61.78	797	789	8	760
61.8	789	790	-1	760
61.82	761	791	-30	760
61.84	781	791	-10	761
61.86	767	792	-25	761
61.88	778	793	-15	761
61.9	784	795	-11	761
61.92	765	796	-31	761
61.94	767	798	-31	762
61.96	795	800	-5	762
61.98	760	802	-42	762
62.0	768	804	-36	762
62.02	786	804	-18	762
62.04	800	805	-5	763
62.06	784	805	-21	763
62.08	764	805	-41	763
62.1	772	806	-34	763
62.12	755	806	-51	763
62.14	753	807	-54	764
62.16	781	808	-27	764
62.18	799	808	-9	764
62.2	805	809	-4	764
62.22	801	809	-8	764
62.24	792	810	-18	765
62.26	784	811	-27	765
62.28	760	812	-52	765
62.3	806	814	-8	765
62.32	818	816	2	765
62.34	798	818	-20	766
62.36	851	820	31	766
62.38	829	823	6	766
62.4	804	826	-22	766
62.42	828	830	-2	767
62.44	834	833	1	767
62.46	840	838	2	767
62.48	858	843	15	767
62.5	902	848	54	767
62.52	841	855	-14	768
62.54	897	862	35	768
62.56	880	871	9	768
62.58	879	881	-2	768
62.6	906	893	13	768
62.62	936	907	29	769
62.64	926	925	1	769
62.66	936	945	-9	769
62.68	938	969	-31	769
62.7	1028	998	30	770
62.72	1068	1034	34	770
62.74	1113	1080	33	770
62.76	1223	1139	84	770
62.78	1375	1212	163	770
62.8	1476	1305	171	771
62.82	1610	1418	192	771
62.84	1802	1553	249	771
62.86	2053	1704	349	771
62.88	2231	1862	369	772
62.9	2370	2005	365	772
62.92	2434	2102	332	772
62.94	2460	2132	328	772
62.96	2409	2106	303	772
62.98	2357	2045	312	773
63.0	2192	1974	218	773
63.02	2126	1907	219	773
63.04	2152	1855	297	773
63.06	2184	1815	369	774
63.08	2087	1778	309	774
63.1	2088	1729	359	774
63.12	2014	1661	353	774
63.14	1923	1578	345	774
63.16	1785	1486	299	775
63.18	1579	1395	184	775
63.2	1497	1310	187	775
63.22	1371	1234	137	775
63.24	1257	1169	88	776
63.26	1211	1113	98	776
63.28	1162	1066	96	776
63.3	1072	1028	44	776
63.32	1040	997	43	776
63.34	1041	972	69	777
63.36	1024	951	73	777
63.38	982	935	47	777
63.4	927	920	7	777
63.42	888	908	-20	778
63.44	858	898	-40	778
63.46	849	890	-41	778
63.48	861	882	-21	778
63.5	873	876	-3	778
63.52	841	870	-29	779
63.54	826	865	-39	779
63.56	774	861	-87	779
63.58	776	857	-81	779
63.6	781	855	-74	780
63.62	793	852	-59	780
63.64	784	850	-66	780
63.66	760	848	-88	780
63.68	807	846	-39	780
63.7	841	844	-3	781
63.72	776	842	-66	781
63.74	744	841	-97	781
63.76	758	840	-82	781
63.78	759	839	-80	782
63.8	777	838	-61	782
63.82	782	837	-55	782
63.84	790	837	-47	782
63.86	765	836	-71	782
63.88	779	836	-57	783
63.9	791	836	-45	783
63.92	767	836	-69	783
63.94	816	836	-20	783
63.96	790	836	-46	784
63.98	770	836	-66	784
64.0	787	837	-50	784
64.02	753	837	-84	784
64.04	764	838	-74	784
64.06	783	839	-56	785
64.08	808	839	-31	785
64.1	802	841	-39	785
64.12	776	842	-66	785
64.14	808	844	-36	785
64.16	818	846	-28	786
64.18	783	848	-65	786
64.2	799	851	-52	786
64.22	813	854	-41	786
64.24	815	858	-43	787
64.26	797	862	-65	787
64.28	792	867	-75	787
64.3	798	872	-74	787
64.32	841	878	-37	787
64.34	859	885	-26	788
64.36	839	892	-53	788
64.38	872	900	-28	788
64.4	858	908	-50	788
64.42	835	916	-81	788
64.44	856	924	-68	789
64.46	873	931	-58	789
64.48	854	938	-84	789
64.5	878	943	-65	789
64.52	908	947	-39	790
64.54	851	950	-99	790
64.56	854	952	-98	790
64.58	896	954	-58	790
64.6	892	955	-63	790
64.62	885	957	-72	791
64.64	909	958	-49	791
64.66	931	959	-28	791
64.68	919	959	-40	791
64.7	908	960	-52	791
64.72	893	962	-69	792
64.74	927	964	-37	792
64.76	935	968	-33	792
64.78	903	972	-69	792
64.8	931	980	-49	792
64.82	956	989	-33	793
64.84	972	1003	-31	793
64.86	980	1021	-41	793
64.88	1034	1047	-13	793
64.9	1099	1084	15	793
64.92	1186	1135	51	794
64.94	1305	1207	98	794
64.96	1453	1304	149	794
64.98	1608	1432	176	794
65.0	1803	1595	208	794
65.02	2068	1790	278	795
65.04	2267	2006	261	795
65.06	2443	2215	228	795
65.08	2546	2373	173	795
65.1	2538	2433	105	795
65.12	2472	2402	70	795
65.14	2442	2310	132	796
65.16	2363	2195	168	796
65.18	2329	2089	240	796
65.2	2247	2011	236	796
65.22	2156	1963	193	796
65.24	2158	1937	221	797
65.26	2155	1909	246	797
65.28	2118	1857	261	797
65.3	2081	1775	306	797
65.32	1985	1673	312	797
65.34	1883	1562	321	797
65.36	1697	1453	244	798
65.38	1507	1355	152	798
65.4	1397	1271	126	798
65.42	1290	1200	90	798
65.44	1194	1144	50	798
65.46	1163	1099	64	799
65.48	1164	1064	100	799
65.5	1131	1038	93	799
65.52	1091	1019	72	799
65.54	1063	1004	59	799
65.56	1038	994	44	799
65.58	1025	987	38	800
65.6	1018	982	36	800
65.62	1048	980	68	800
65.64	1074	980	94	800
65.66	1068	981	87	800
65.68	1085	985	100	800
65.7	1136	991	145	801
65.72	1169	999	170	801
65.74	1199	1010	189	801
65.76	1214	1024	190	801
65.78	1269	1041	228	801
65.8	1354	1062	292	801
65.82	1354	1086	268	801
65.84	1362	1115	247	802
65.86	1402	1147	255	802
65.88	1444	1185	259	802
65.9	1454	1227	227	802
65.92	1540	1273	267	802
65.94	1642	1322	320	802
65.96	1737	1374	363	803
65.98	1806	1426	380	803
66.0	1853	1476	377	803
66.02	1863	1521	343	803
66.04	1847	1557	290	803
66.06	1843	1582	261	803
66.08	1837	1597	240	803
66.1	1765	1603	162	804
66.12	1672	1602	70	804
66.14	1666	1594	72	804
66.16	1646	1581	65	804
66.18	1587	1564	23	804
66.2	1531	1542	-11	804
66.22	1595	1516	79	804
66.24	1613	1485	128	804
66.26	1496	1450	46	805
66.28	1436	1412	24	805
66.3	1374	1373	1	805
66.32	1285	1332	-47	805
66.34	1226	1291	-65	805
66.36	1138	1251	-113	805
66.38	1074	1214	-140	805
66.4	1044	1178	-134	805
66.42	994	1145	-151	806
66.44	971	1115	-144	806
66.46	946	1088	-142	806
66.48	927	1064	-137	806
66.5	920	1042	-122	806
66.52	896	1023	-127	806
66.54	871	1007	-136	806
66.56	863	992	-129	806
66.58	878	980	-102	806
66.6	891	970	-79	807
66.62	885	960	-75	807
66.64	873	953	-80	807
66.66	827	946	-119	807
66.68	829	941	-112	807
66.7	874	936	-62	807
66.72	861	932	-71	807
66.74	807	929	-122	807
66.76	814	927	-113	807
66.78	817	924	-107	807
66.8	802	923	-121	808
66.82	822	921	-99	808
66.84	829	920	-91	808
66.86	862	920	-58	808
66.88	867	920	-53	808
66.9	845	920	-75	808
66.92	848	920	-72	808
66.94	835	921	-86	808
66.96	829	922	-93	808
66.98	819	924	-105	808
67.0	859	926	-67	808
67.02	864	928	-64	808
67.04	866	931	-65	809
67.06	843	935	-92	809
67.08	847	939	-92	809
67.1	882	943	-61	809
67.12	889	948	-59	809
67.14	900	955	-55	809
67.16	909	963	-54	809
67.18	887	971	-84	809
67.2	883	981	-98	809
67.22	883	993	-110	809
67.24	895	1007	-112	809
67.26	905	1024	-119	809
67.28	950	1044	-94	809
67.3	986	1067	-81	809
67.32	1000	1094	-94	809
67.34	1000	1125	-125	809
67.36	1016	1162	-146	809
67.38	1081	1204	-123	810
67.4	1137	1252	-115	810
67.42	1189	1305	-116	810
67.44	1221	1365	-144	810
67.46	1331	1430	-99	810
67.48	1452	1500	-48	810
67.5	1556	1573	-17	810
67.52	1691	1647	44	810
67.54	1908	1718	190	810
67.56	2103	1784	319	810
67.58	2204	1838	366	810
67.6	2319	1877	442	810
67.62	2499	1901	598	810
67.64	2591	1912	679	810
67.66	2580	1913	667	810
67.68	2605	1904	701	810
67.7	2633	1888	745	810
67.72	2685	1866	819	810
67.74	2679	1839	840	810
67.76	2638	1807	831	810
67.78	2625	1771	854	810
67.8	2602	1728	874	810
67.82	2608	1681	927	810
67.84	2584	1633	951	810
67.86	2512	1583	929	810
67.88	2472	1532	940	810
67.9	2378	1484	894	810
67.92	2249	1437	812	810
67.94	2157	1395	762	810
67.96	2129	1356	773	810
67.98	2050	1321	729	810
68.0	1936	1291	645	810
68.02	1858	1266	592	810
68.04	1777	1248	529	810
68.06	1753	1235	518	810
68.08	1777	1229	548	810
68.1	1754	1229	525	810
68.12	1710	1240	470	810
68.14	1701	1264	437	810
68.16	1765	1305	460	810
68.18	1843	1370	473	810
68.2	1951	1466	485	810
68.22	2148	1602	546	810
68.24	2313	1784	529	810
68.26	2505	2012	493	810
68.28	2676	2276	400	810
68.3	2810	2546	264	810
68.32	2951	2761	190	810
68.34	3036	2847	189	810
68.36	2998	2802	196	810
68.38	2914	2669	245	810
68.4	2855	2502	353	810
68.42	2855	2346	509	810
68.44	2794	2229	565	810
68.46	2661	2162	499	810
68.48	2646	2139	507	810
68.5	2676	2141	535	810
68.52	2658	2133	525	810
68.54	2599	2081	518	810
68.56	2481	1991	490	810
68.58	2380	1877	503	810
68.6	2295	1759	536	810
68.62	2113	1649	464	810
68.64	1925	1554	371	810
68.66	1827	1470	357	810
68.68	1713	1394	319	810
68.7	1615	1323	292	810
68.72	1564	1261	303	810
68.74	1518	1209	309	810
68.76	1439	1167	272	810
68.78	1352	1134	218	810
68.8	1310	1111	199	810
68.82	1271	1094	177	810
68.84	1206	1082	124	809
68.86	1150	1070	80	809
68.88	1121	1056	65	809
68.9	1133	1040	93	809
68.92	1086	1024	62	809
68.94	1042	1008	34	809
68.96	1067	993	74	809
68.98	1062	980	82	809
69.0	1029	970	59	809
69.02	1018	961	57	809
69.04	998	953	45	809
69.06	973	946	27	809
69.08	993	941	52	809
69.1	995	937	58	809
69.12	980	934	46	809
69.14	969	931	38	809
69.16	972	929	43	809
69.18	987	927	60	809
69.2	983	925	58	808
69.22	1010	924	86	808
69.24	1003	923	80	808
69.26	972	923	49	808
69.28	971	922	49	808
69.3	1001	922	79	808
69.32	993	922	71	808
69.34	1007	922	85	808
69.36	1058	922	136	808
69.38	1074	923	151	808
69.4	1089	924	165	808
69.42	1087	925	162	808
69.44	1092	927	165	808
69.46	1111	929	182	808
69.48	1151	931	220	807
69.5	1177	933	244	807
69.52	1164	936	228	807
69.54	1190	939	251	807
69.56	1251	942	309	807
69.58	1297	946	351	807
69.6	1291	951	340	807
69.62	1292	957	335	807
69.64	1315	962	353	807
69.66	1343	969	374	807
69.68	1393	977	416	807
69.7	1445	985	460	807
69.72	1471	995	476	806
69.74	1486	1008	478	806
69.76	1493	1024	469	806
69.78	1563	1044	519	806
69.8	1634	1071	563	806
69.82	1673	1107	566	806
69.84	1763	1157	606	806
69.86	1826	1223	603	806
69.88	1903	1310	593	806
69.9	2077	1418	659	806
69.92	2205	1544	661	806
69.94	2295	1674	621	805
69.96	2334	1781	553	805
69.98	2320	1830	490	805
70.0	2355	1818	537	805
70.02	2357	1767	590	805
70.04	2308	1701	607	805
70.06	2249	1642	607	805
70.08	2240	1600	640	805
70.1	2285	1583	702	805
70.12	2292	1589	703	804
70.14	2303	1611	692	804
70.16	2285	1634	651	804
70.18	2228	1641	587	804
70.2	2186	1630	556	804
70.22	2141	1608	533	804
70.24	2132	1583	549	804
70.26	2092	1566	526	804
70.28	2024	1561	463	804
70.3	2035	1570	465	803
70.32	2073	1597	476	803
70.34	2091	1641	450	803
70.36	2120	1704	416	803
70.38	2175	1787	388	803
70.4	2252	1889	363	803
70.42	2414	2011	403	803
70.44	2530	2153	377	803
70.46	2571	2315	256	803
70.48	2731	2496	235	802
70.5	2915	2695	220	802
70.52	3094	2908	186	802
70.54	3353	3131	222	802
70.56	3546	3357	189	802
70.58	3723	3573	150	802
70.6	3927	3769	158	802
70.62	3975	3930	45	802
70.64	4029	4045	-16	801
70.66	4112	4111	1	801
70.68	4164	4140	24	801
70.7	4156	4136	20	801
70.72	4149	4104	45	801
70.74	4089	4052	37	801
70.76	4052	3983	69	801
70.78	3940	3901	39	800
70.8	3814	3804	10	800
70.82	3734	3693	41	800
70.84	3647	3566	81	800
70.86	3562	3422	140	800
70.88	3421	3268	153	800
70.9	3204	3108	96	800
70.92	2985	2945	40	800
70.94	2853	2781	72	799
70.96	2746	2622	124	799
70.98	2556	2467	89	799
71.0	2377	2322	55	799
71.02	2265	2186	79	799
71.04	2143	2061	82	799
71.06	1999	1947	52	799
71.08	1909	1844	65	798
71.1	1847	1751	96	798
71.12	1771	1667	104	798
71.14	1721	1593	128	798
71.16	1646	1528	118	798
71.18	1584	1471	113	798
71.2	1560	1420	140	798
71.22	1512	1376	136	797
71.24	1458	1339	119	797
71.26	1427	1306	121	797
71.28	1404	1278	126	797
71.3	1376	1255	121	797
71.32	1371	1236	135	797
71.34	1367	1220	147	796
71.36	1354	1208	146	796
71.38	1312	1199	113	796
71.4	1318	1194	124	796
71.42	1347	1193	154	796
71.44	1355	1195	160	796
71.46	1342	1203	139	796
71.48	1334	1217	117	795
71.5	1342	1239	103	795
71.52	1378	1274	104	795
71.54	1573	1326	247	795
71.56	1774	1405	369	795
71.58	1907	1519	388	795
71.6	2090	1677	413	794
71.62	2384	1886	498	794
71.64	2724	2143	581	794
71.66	2959	2431	528	794
71.68	3123	2695	428	794
71.7	3149	2852	297	794
71.72	3031	2847	184	794
71.74	2859	2727	132	793
71.76	2659	2546	113	793
71.78	2448	2364	84	793
71.8	2387	2216	171	793
71.82	2430	2123	307	793
71.84	2485	2090	395	793
71.86	2648	2109	539	792
71.88	2743	2154	589	792
71.9	2746	2186	560	792
71.92	2724	2166	558	792
71.94	2578	2099	479	792
71.96	2319	2002	317	792
71.98	2150	1898	252	791
72.0	2085	1803	282	791
72.02	2024	1725	299	791
72.04	1981	1666	315	791
72.06	1972	1626	346	791
72.08	2028	1600	428	791
72.1	2121	1584	537	790
72.12	2158	1573	585	790
72.14	2176	1562	614	790
72.16	2178	1550	628	790
72.18	2140	1536	604	790
72.2	2059	1519	540	789
72.22	2026	1501	525	789
72.24	2038	1482	556	789
72.26	2007	1461	546	789
72.28	1912	1439	473	789
72.3	1908	1416	492	789
72.32	1927	1392	535	788
72.34	1854	1366	488	788
72.36	1816	1337	479	788
72.38	1792	1307	485	788
72.4	1764	1277	487	788
72.42	1727	1246	481	788
72.44	1580	1215	365	787
72.46	1498	1186	312	787
72.48	1487	1157	330	787
72.5	1398	1129	269	787
72.52	1298	1104	194	787
72.54	1282	1080	202	786
72.56	1251	1058	193	786
72.58	1165	1038	127	786
72.6	1093	1020	73	786
72.62	1085	1004	81	786
72.64	1053	989	64	786
72.66	978	976	2	785
72.68	1006	964	42	785
72.7	1016	953	63	785
72.72	977	943	34	785
72.74	964	935	29	785
72.76	955	927	28	784
72.78	924	921	3	784
72.8	875	915	-40	784
72.82	884	909	-25	784
72.84	899	904	-5	784
72.86	864	900	-36	784
72.88	853	896	-43	783
72.9	847	893	-46	783
72.92	841	889	-48	783
72.94	855	887	-32	783
72.96	830	884	-54	783
72.98	830	882	-52	782
73.0	842	880	-38	782
73.02	843	878	-35	782
73.04	846	877	-31	782
73.06	823	876	-53	782
73.08	812	875	-63	782
73.1	824	874	-50	781
73.12	828	874	-46	781
73.14	826	874	-48	781
73.16	811	874	-63	781
73.18	823	875	-52	781
73.2	827	876	-49	780
73.22	812	878	-66	780
73.24	819	880	-61	780
73.26	835	883	-48	780
73.28	842	886	-44	780
73.3	848	891	-43	779
73.32	849	896	-47	779
73.34	854	903	-49	779
73.36	847	911	-64	779
73.38	865	920	-55	779
73.4	892	931	-39	778
73.42	873	944	-71	778
73.44	906	958	-52	778
73.46	933	974	-41	778
73.48	932	992	-60	778
73.5	973	1011	-38	778
73.52	992	1032	-40	777
73.54	1003	1053	-50	777
73.56	1038	1072	-34	777
73.58	1065	1090	-25	777
73.6	1105	1105	0	777
73.62	1159	1116	43	776
73.64	1142	1122	20	776
73.66	1179	1125	54	776
73.68	1210	1124	86	776
73.7	1201	1121	80	776
73.72	1206	1116	90	775
73.74	1215	1110	105	775
73.76	1239	1102	137	775
73.78	1251	1093	158	775
73.8	1210	1084	126	775
73.82	1174	1073	101	774
73.84	1168	1060	108	774
73.86	1154	1046	108	774
73.88	1159	1032	127	774
73.9	1165	1016	149	774
73.92	1137	1001	136	773
73.94	1095	985	110	773
73.96	1060	970	90	773
73.98	1059	956	103	773
74.0	1038	943	95	773
74.02	985	930	55	773
74.04	967	918	49	772
74.06	976	907	69	772
74.08	976	897	79	772
74.1	953	888	65	772
74.12	961	880	81	772
74.14	947	872	75	771
74.16	917	865	52	771
74.18	922	859	63	771
74.2	906	853	53	771
74.22	916	849	67	771
74.24	918	844	74	770
74.26	911	840	71	770
74.28	887	836	51	770
74.3	873	833	40	770
74.32	894	830	64	770
74.34	916	828	88	769
74.36	907	825	82	769
74.38	878	823	55	769
74.4	870	821	49	769
74.42	843	820	23	769
74.44	820	818	2	768
74.46	803	817	-14	768
74.48	816	816	0	768
74.5	825	815	10	768
74.52	804	814	-10	768
74.54	795	813	-18	767
74.56	812	812	0	767
74.58	809	811	-2	767
74.6	785	811	-26	767
74.62	800	810	-10	767
74.64	822	810	12	766
74.66	805	810	-5	766
74.68	773	809	-36	766
74.7	774	809	-35	766
74.72	784	809	-25	766
74.74	773	808	-35	766
74.76	782	808	-26	765
74.78	769	808	-39	765
74.8	769	808	-39	765
74.82	779	808	-29	765
74.84	778	809	-31	765
74.86	779	809	-30	764
74.88	788	810	-22	764
74.9	773	811	-38	764
74.92	797	812	-15	764
74.94	776	814	-38	764
74.96	794	817	-23	763
74.98	797	821	-24	763
75.0	794	828	-34	763
75.02	831	837	-6	763
75.04	817	849	-32	763
75.06	825	865	-40	762
75.08	818	883	-65	762
75.1	821	901	-80	762
75.12	833	912	-79	762
75.14	862	913	-51	762
75.16	869	906	-37	762
75.18	850	894	-44	761
75.2	811	883	-72	761
75.22	834	873	-39	761
75.24	834	867	-33	761
75.26	811	866	-55	761
75.28	805	869	-64	760
75.3	824	875	-51	760
75.32	846	883	-37	760
75.34	904	889	15	760
75.36	900	893	7	760
75.38	895	896	-1	759
75.4	899	901	-2	759
75.42	902	912	-10	759
75.44	954	932	22	759
75.46	1008	963	45	759
75.48	1037	1009	28	758
75.5	1048	1068	-20	758
75.52	1062	1134	-72	758
75.54	1110	1191	-81	758
75.56	1120	1216	-96	758
75.58	1110	1202	-92	758
75.6	1099	1163	-64	757
75.62	1049	1114	-65	757
75.64	1025	1068	-43	757
75.66	1040	1031	9	757
75.68	1069	1008	61	757
75.7	1050	1000	50	756
75.72	1040	1005	35	756
75.74	1026	1019	7	756
75.76	1027	1033	-6	756
75.78	1047	1036	11	756
75.8	1043	1024	19	755
75.82	966	1001	-35	755
75.84	954	973	-19	755
75.86	950	945	5	755
75.88	935	921	14	755
75.9	894	901	-7	755
75.92	887	887	0	754
75.94	925	877	48	754
75.96	940	873	67	754
75.98	887	873	14	754
76.0	865	878	-13	754
76.02	901	887	14	753
76.04	922	899	23	753
76.06	961	910	51	753
76.08	952	915	37	753
76.1	918	914	4	753
76.12	908	908	0	752
76.14	897	901	-4	752
76.16	913	896	17	752
76.18	899	894	5	752
76.2	890	895	-5	752
76.22	877	901	-24	752
76.24	911	910	1	751
76.26	960	923	37	751
76.28	964	938	26	751
76.3	953	954	-1	751
76.32	963	967	-4	751
76.34	1009	982	27	750
76.36	1038	998	40	750
76.38	1030	1017	13	750
76.4	1045	1039	6	750
76.42	1075	1064	11	750
76.44	1164	1092	72	750
76.46	1152	1122	30	749
76.48	1131	1153	-22	749
76.5	1179	1183	-4	749
76.52	1244	1211	33	749
76.54	1263	1234	29	749
76.56	1229	1251	-22	748
76.58	1222	1260	-38	748
76.6	1223	1264	-41	748
76.62	1242	1263	-21	748
76.64	1219	1258	-39	748
76.66	1251	1251	0	747
76.68	1260	1242	18	747
76.7	1202	1231	-29	747
76.72	1195	1219	-24	747
76.74	1172	1205	-33	747
76.76	1157	1190	-33	747
76.78	1145	1172	-27	746
76.8	1100	1153	-53	746
76.82	1088	1132	-44	746
76.84	1108	1109	-1	746
76.86	1073	1086	-13	746
76.88	1044	1063	-19	745
76.9	1015	1040	-25	745
76.92	984	1018	-34	745
76.94	975	996	-21	745
76.96	949	976	-27	745
76.98	901	957	-56	745
77.0	924	938	-14	744
77.02	891	922	-31	744
77.04	882	907	-25	744
77.06	854	893	-39	744
77.08	854	881	-27	744
77.1	822	870	-48	743
77.12	824	860	-36	743
77.14	831	850	-19	743
77.16	834	842	-8	743
77.18	833	835	-2	743
77.2	803	828	-25	743
77.22	783	823	-40	742
77.24	748	817	-69	742
77.26	753	813	-60	742
77.28	778	809	-31	742
77.3	772	805	-33	742
77.32	787	802	-15	741
77.34	760	799	-39	741
77.36	736	796	-60	741
77.38	779	794	-15	741
77.4	771	791	-20	741
77.42	755	789	-34	741
77.44	749	786	-37	740
77.46	749	785	-36	740
77.48	760	783	-23	740
77.5	763	781	-18	740
77.52	742	780	-38	740
77.54	723	779	-56	739
77.56	740	777	-37	739
77.58	727	776	-49	739
77.6	732	775	-43	739
77.62	741	774	-33	739
77.64	768	773	-5	739
77.66	757	772	-15	738
77.68	748	771	-23	738
77.7	720	771	-51	738
77.72	729	770	-41	738
77.74	760	769	-9	738
77.76	736	768	-32	738
77.78	715	768	-53	737
77.8	724	767	-43	737
77.82	719	767	-48	737
77.84	768	766	2	737
77.86	728	766	-38	737
77.88	739	765	-26	736
77.9	731	765	-34	736
77.92	724	764	-40	736
77.94	738	764	-26	736
77.96	751	763	-12	736
77.98	747	763	-16	736
78.0	726	763	-37	735
78.02	747	763	-16	735
78.04	750	764	-14	735
78.06	750	764	-14	735
78.08	745	763	-18	735
78.1	782	763	19	734
78.12	762	763	-1	734
78.14	731	763	-32	734
78.16	744	763	-19	734
78.18	753	763	-10	734
78.2	739	763	-24	734
78.22	763	763	0	733
78.24	719	764	-45	733
78.26	699	764	-65	733
78.28	716	764	-48	733
78.3	737	765	-28	733
78.32	733	765	-32	732
78.34	741	765	-24	732
78.36	736	767	-31	732
78.38	759	768	-9	732
78.4	766	768	-2	732
78.42	770	769	1	732
78.44	756	771	-15	731
78.46	730	772	-42	731
78.48	741	773	-32	731
78.5	768	775	-7	731
78.52	755	778	-23	731
78.54	777	780	-3	731
78.56	809	783	26	730
78.58	776	787	-11	730
78.6	777	791	-14	730
78.62	824	795	29	730
78.64	844	801	43	730
78.66	853	807	46	729
78.68	886	816	70	729
78.7	947	826	121	729
78.72	959	840	119	729
78.74	1039	857	182	729
78.76	1105	881	224	729
78.78	1124	916	208	728
78.8	1214	969	245	728
78.82	1269	1046	223	728
78.84	1365	1157	208	728
78.86	1474	1307	167	728
78.88	1528	1491	37	727
78.9	1537	1683	-146	727
78.92	1554	1818	-264	727
78.94	1619	1828	-209	727
78.96	1579	1742	-163	727
78.98	1616	1606	10	727
79.0	1633	1464	169	726
79.02	1544	1343	201	726
79.04	1501	1257	244	726
79.06	1541	1210	331	726
79.08	1537	1202	335	726
79.1	1487	1231	256	726
79.12	1495	1286	209	725
79.14	1468	1346	122	725
79.16	1403	1376	27	725
79.18	1400	1355	45	725
79.2	1354	1299	55	725
79.22	1332	1227	105	724
79.24	1259	1156	103	724
79.26	1217	1094	123	724
79.28	1170	1045	125	724
79.3	1138	1009	129	724
79.32	1090	985	105	724
79.34	1082	970	112	723
79.36	1065	963	102	723
79.38	1070	961	109	723
79.4	1020	962	58	723
79.42	1033	964	69	723
79.44	1022	967	55	723
79.46	1028	967	61	722
79.48	983	966	17	722
79.5	970	964	6	722
79.52	962	960	2	722
79.54	978	956	22	722
79.56	929	951	-22	721
79.58	953	946	7	721
79.6	957	940	17	721
79.62	965	934	31	721
79.64	961	927	34	721
79.66	917	921	-4	721
79.68	913	915	-2	720
79.7	908	907	1	720
79.72	881	898	-17	720
79.74	857	890	-33	720
79.76	930	881	49	720
79.78	875	871	4	719
79.8	837	862	-25	719
79.82	823	853	-30	719
79.84	810	844	-34	719
79.86	818	836	-18	719
79.88	833	828	5	719
79.9	842	820	22	718
79.92	795	813	-18	718
79.94	759	807	-48	718
79.96	759	801	-42	718
79.98	761	796	-35	718
80.0	761	792	-31	718
