0476_HM_ScPd2Au
Wavelength = 1.54059Ċ, !20.05°/129.846°/0.10027°/1(s), I(p)=6970.0/429.0, Cu(45kV,40mA), Monday, December 08, 2025, 12:07 PM
Angle	I(o)	I(c)	I(d)	I(b)
20.05013	667.0	469.8	197.2	668.6
20.1504	660.0	469.7	190.3	666.5
20.25068	668.0	469.4	198.6	664.4
20.35094	619.0	469.2	149.8	662.2
20.45121	772.0	468.9	303.1	660.1
20.55149	777.0	468.8	308.2	658.0
20.65175	791.0	468.7	322.3	655.9
20.75203	697.0	468.7	228.3	653.7
20.85229	625.0	468.6	156.4	651.6
20.95256	605.0	468.6	136.4	649.5
21.05284	658.0	468.6	189.4	647.4
21.1531	624.0	469.1	154.9	645.2
21.25337	628.0	469.2	158.8	643.1
21.35365	643.0	469.3	173.7	641.0
21.45391	649.0	469.9	179.1	638.9
21.55418	574.0	470.1	103.9	636.8
21.65446	668.0	470.3	197.7	634.7
21.75472	659.0	470.5	188.5	632.6
21.85499	597.0	470.8	126.2	630.5
21.95527	644.0	471.1	172.9	628.4
22.05553	648.0	471.6	176.4	626.3
22.15581	678.0	472.0	206.0	624.2
22.25607	666.0	472.6	193.4	622.1
22.35634	656.0	473.3	182.7	620.0
22.45662	634.0	474.6	159.4	618.0
22.55688	627.0	475.6	151.4	615.9
22.65715	592.0	476.7	115.3	613.8
22.75743	593.0	478.1	114.9	611.8
22.85769	559.0	479.8	79.2	609.7
22.95796	558.0	481.9	76.1	607.7
23.05824	631.0	484.5	146.5	605.6
23.1585	580.0	487.7	92.3	603.6
23.25877	596.0	492.0	104.0	601.6
23.35905	602.0	497.6	104.4	599.5
23.45931	609.0	505.2	103.8	597.5
23.55959	625.0	515.8	109.2	595.5
23.65985	609.0	531.4	77.6	593.5
23.76012	642.0	553.0	89.0	591.5
23.8604	638.0	582.7	55.3	589.5
23.96066	610.0	617.8	-7.8	587.6
24.06093	559.0	645.2	-86.2	585.6
24.16121	547.0	642.9	-95.9	583.6
24.26147	631.0	616.2	14.8	581.7
24.36174	614.0	601.4	12.6	579.7
24.46202	608.0	607.8	0.2	577.8
24.56228	604.0	631.7	-27.7	575.9
24.66256	643.0	660.6	-17.6	574.0
24.76283	606.0	670.0	-64.0	572.1
24.86309	641.0	633.6	7.4	570.2
24.96337	606.0	581.6	24.4	568.3
25.06363	614.0	545.4	68.6	566.4
25.1639	569.0	523.9	45.1	564.5
25.26418	584.0	511.7	72.3	562.7
25.36444	611.0	504.8	106.2	560.8
25.46471	577.0	501.4	75.6	559.0
25.56499	582.0	500.5	81.5	557.2
25.66525	642.0	501.9	140.1	555.4
25.76552	607.0	505.6	101.4	553.6
25.8658	596.0	512.4	83.6	551.8
25.96606	634.0	523.2	110.8	550.0
26.06634	675.0	539.8	135.2	548.2
26.1666	670.0	562.9	107.1	546.5
26.26687	753.0	588.4	164.6	544.7
26.36715	901.0	602.1	298.9	543.0
26.46741	844.0	585.0	259.0	541.3
26.56768	736.0	549.5	186.5	539.6
26.66796	687.0	523.3	163.7	537.9
26.76822	669.0	507.8	161.2	536.2
26.86849	619.0	498.0	121.0	534.6
26.96877	610.0	492.0	118.0	532.9
27.06903	596.0	488.2	107.8	531.3
27.16931	569.0	485.1	83.9	529.7
27.26958	545.0	483.0	62.0	528.0
27.36984	497.0	481.8	15.2	526.5
27.47012	588.0	481.1	106.9	524.9
27.57038	586.0	480.6	105.4	523.3
27.67065	527.0	480.3	46.7	521.8
27.77093	577.0	480.1	96.9	520.2
27.87119	554.0	480.0	74.0	518.7
27.97146	530.0	480.0	50.0	517.2
28.07174	563.0	480.1	82.9	515.7
28.172	569.0	480.0	89.0	514.3
28.27227	531.0	480.2	50.8	512.8
28.37255	538.0	480.5	57.5	511.4
28.47281	570.0	480.3	89.7	509.9
28.57309	532.0	480.7	51.3	508.5
28.67336	528.0	481.1	46.9	507.2
28.77362	504.0	481.5	22.5	505.8
28.8739	554.0	483.0	71.0	504.4
28.97416	532.0	483.5	48.5	503.1
29.07443	540.0	484.1	55.9	501.8
29.17471	521.0	484.8	36.2	500.5
29.27497	477.0	485.0	-8.0	499.2
29.37524	538.0	486.1	51.9	497.9
29.47552	480.0	486.9	-6.9	496.7
29.57578	570.0	489.0	81.0	495.5
29.67606	503.0	491.0	12.0	494.3
29.77633	499.0	492.5	6.5	493.1
29.87659	508.0	494.2	13.8	491.9
29.97687	506.0	496.2	9.8	490.7
30.07714	492.0	498.6	-6.6	489.6
30.1774	501.0	501.8	-0.8	488.5
30.27768	513.0	505.9	7.1	487.4
30.37794	527.0	511.5	15.5	486.3
30.47821	504.0	519.4	-15.4	485.3
30.57849	516.0	530.3	-14.3	484.3
30.67875	528.0	544.3	-16.3	483.3
30.77902	475.0	558.2	-83.2	482.3
30.8793	503.0	563.8	-60.8	481.3
30.97956	469.0	553.1	-84.1	480.4
31.07984	496.0	537.9	-41.9	479.4
31.18011	563.0	529.4	33.6	478.5
31.28037	567.0	527.7	39.3	477.7
31.38065	586.0	529.5	56.5	476.8
31.48092	619.0	535.4	83.6	476.0
31.58118	682.0	544.6	137.4	475.2
31.68146	842.0	554.4	287.6	474.4
31.78172	864.0	558.0	306.0	473.7
31.88199	749.0	548.6	200.4	472.9
31.98227	634.0	533.9	100.1	472.2
32.08253	604.0	524.5	79.5	471.6
32.1828	540.0	519.4	20.6	470.9
32.28307	526.0	515.9	10.1	470.3
32.38335	504.0	514.8	-10.8	469.8
32.48362	487.0	514.5	-27.5	469.2
32.58389	482.0	514.7	-32.7	468.7
32.68415	502.0	515.3	-13.3	468.2
32.78442	509.0	516.0	-7.0	467.8
32.8847	480.0	517.0	-37.0	467.4
32.98497	530.0	518.1	11.9	467.0
33.08524	505.0	519.3	-14.3	466.7
33.1855	440.0	520.6	-80.6	466.4
33.28577	478.0	522.0	-44.0	466.1
33.38604	517.0	523.5	-6.5	465.9
33.48632	475.0	525.1	-50.1	465.7
33.58659	530.0	526.9	3.1	465.6
33.68686	492.0	528.5	-36.5	465.5
33.78712	522.0	530.4	-8.4	465.5
33.88739	517.0	532.5	-15.5	465.4
33.98766	555.0	534.8	20.2	465.5
34.08794	618.0	537.2	80.8	465.6
34.18821	602.0	539.8	62.2	465.7
34.28848	541.0	542.3	-1.3	465.9
34.38874	512.0	545.3	-33.3	466.1
34.48901	502.0	548.6	-46.6	466.3
34.58929	508.0	552.2	-44.2	466.6
34.68956	504.0	556.2	-52.2	467.0
34.78983	515.0	560.5	-45.5	467.4
34.89009	509.0	565.4	-56.4	467.9
34.99036	480.0	570.8	-90.8	468.4
35.09063	473.0	577.0	-104.0	469.0
35.19091	481.0	584.1	-103.1	469.6
35.29118	506.0	592.3	-86.3	470.2
35.39145	476.0	601.8	-125.8	471.0
35.49171	513.0	613.1	-100.1	471.7
35.59198	501.0	626.8	-125.8	472.6
35.69226	444.0	643.4	-199.4	473.5
35.79253	467.0	664.2	-197.2	474.4
35.8928	488.0	690.6	-202.6	475.4
35.99306	534.0	725.0	-191.0	476.5
36.09333	510.0	771.0	-261.0	477.6
36.1936	553.0	834.2	-281.2	478.7
36.29388	542.0	923.2	-381.2	479.9
36.39415	608.0	1050.9	-442.9	481.2
36.49442	687.0	1232.4	-545.4	482.4
36.59468	750.0	1471.7	-721.7	483.7
36.69495	884.0	1722.4	-838.4	485.1
36.79523	919.0	1850.1	-931.1	486.4
36.8955	854.0	1695.0	-841.0	487.8
36.99577	812.0	1368.8	-556.8	489.2
37.09604	764.0	1100.9	-336.9	490.7
37.1963	775.0	943.5	-168.5	492.1
37.29657	738.0	859.1	-121.1	493.6
37.39685	833.0	816.7	16.3	495.0
37.49712	817.0	800.1	16.9	496.5
37.59739	946.0	801.8	144.2	498.0
37.69765	1130.0	819.3	310.7	499.5
37.79792	1466.0	853.9	612.1	501.0
37.89819	1930.0	908.3	1021.7	502.4
37.99847	2356.0	990.6	1365.4	503.9
38.09874	2764.0	1113.1	1650.9	505.4
38.19901	2778.0	1293.3	1484.7	506.8
38.29927	2608.0	1546.0	1062.0	508.3
38.39954	2739.0	1850.2	888.8	509.7
38.49982	3173.0	2091.1	1081.9	511.1
38.60009	3427.0	2043.0	1384.0	512.4
38.70036	3202.0	1675.7	1526.3	513.8
38.80062	2554.0	1296.3	1257.7	515.1
38.90089	2031.0	1055.0	976.0	516.4
39.00116	1692.0	918.0	774.0	517.6
39.10144	1643.0	839.5	803.5	518.8
39.20171	1794.0	793.5	1000.5	520.0
39.30198	1688.0	766.6	921.4	521.1
39.40224	1377.0	751.8	625.2	522.2
39.50251	1089.0	745.4	343.6	523.2
39.60279	858.0	745.4	112.6	524.2
39.70306	810.0	751.0	59.0	525.1
39.80333	761.0	762.1	-1.1	525.9
39.90359	745.0	778.8	-33.8	526.7
40.00386	776.0	801.5	-25.5	527.4
40.10413	684.0	828.9	-144.9	528.1
40.20441	734.0	856.6	-122.6	528.7
40.30468	716.0	878.8	-162.8	529.3
40.40495	822.0	902.7	-80.7	529.8
40.50521	1027.0	938.3	88.7	530.3
40.60548	1136.0	990.0	146.0	530.7
40.70576	1300.0	1060.2	239.8	531.0
40.80603	1280.0	1153.8	126.2	531.3
40.9063	1344.0	1279.3	64.7	531.6
41.00657	1237.0	1450.1	-213.1	531.8
41.10683	1430.0	1687.4	-257.4	532.0
41.2071	1919.0	2024.3	-105.3	532.1
41.30738	2511.0	2510.6	0.4	532.1
41.40765	3509.0	3208.9	300.1	532.2
41.50792	4700.0	4152.8	547.2	532.1
41.60818	5864.0	5209.6	654.4	532.1
41.70845	6970.0	5905.2	1064.9	531.9
41.80872	6743.0	5485.4	1257.6	531.8
41.909	4574.0	4141.3	432.7	531.6
42.00927	2562.0	2849.0	-287.0	531.4
42.10954	1774.0	2027.9	-253.9	531.1
42.2098	1304.0	1554.0	-250.0	530.8
42.31007	1148.0	1272.3	-124.3	530.4
42.41035	1003.0	1096.0	-93.0	530.0
42.51062	804.0	980.2	-176.2	529.6
42.61089	760.0	901.0	-141.0	529.1
42.71115	686.0	845.3	-159.3	528.7
42.81142	704.0	804.9	-100.9	528.1
42.91169	673.0	773.9	-100.9	527.6
43.01197	685.0	747.6	-62.6	527.0
43.11224	703.0	725.5	-22.5	526.4
43.21251	682.0	707.9	-25.9	525.7
43.31277	655.0	694.2	-39.2	525.0
43.41304	565.0	683.4	-118.4	524.3
43.51332	619.0	674.8	-55.8	523.6
43.61359	621.0	667.2	-46.2	522.8
43.71386	574.0	660.5	-86.5	522.0
43.81413	580.0	657.0	-77.0	521.2
43.91439	555.0	653.4	-98.4	520.4
44.01466	633.0	651.7	-18.7	519.5
44.11494	594.0	649.6	-55.6	518.6
44.21521	597.0	649.1	-52.1	517.7
44.31548	624.0	648.5	-24.5	516.8
44.41574	627.0	648.8	-21.8	515.9
44.51601	625.0	650.1	-25.1	514.9
44.61629	697.0	652.4	44.6	513.9
44.71656	678.0	656.2	21.8	512.9
44.81683	658.0	658.1	-0.1	511.9
44.9171	767.0	656.6	110.4	510.9
45.01736	781.0	653.3	127.7	509.9
45.11763	808.0	651.0	157.0	508.8
45.21791	923.0	650.7	272.3	507.7
45.31818	997.0	652.0	345.0	506.7
45.41845	1053.0	654.8	398.2	505.6
45.51871	1037.0	658.0	379.0	504.5
45.61898	935.0	665.2	269.8	503.4
45.71925	817.0	675.1	141.9	502.3
45.81953	756.0	687.1	68.9	501.1
45.9198	630.0	697.6	-67.6	500.0
46.02007	647.0	698.6	-51.6	498.9
46.12033	671.0	686.8	-15.8	497.7
46.2206	601.0	672.3	-71.3	496.6
46.32088	671.0	662.6	8.4	495.5
46.42115	693.0	657.3	35.7	494.3
46.52142	734.0	654.7	79.3	493.2
46.62169	720.0	653.5	66.5	492.0
46.72195	862.0	653.1	208.9	490.9
46.82222	904.0	653.2	250.8	489.7
46.9225	1152.0	653.6	498.4	488.6
47.02277	1440.0	653.4	786.6	487.4
47.12304	1762.0	654.3	1107.7	486.3
47.2233	1849.0	655.3	1193.7	485.2
47.32357	1925.0	655.5	1269.5	484.0
47.42385	1709.0	656.7	1052.3	482.9
47.52412	1210.0	657.9	552.1	481.8
47.62439	891.0	659.2	231.8	480.7
47.72466	732.0	660.2	71.8	479.6
47.82492	599.0	661.5	-62.5	478.5
47.92519	583.0	662.8	-79.8	477.5
48.02547	528.0	664.1	-136.1	476.4
48.12574	537.0	667.6	-130.6	475.3
48.22601	520.0	669.1	-149.1	474.3
48.32627	497.0	670.6	-173.6	473.3
48.42654	487.0	672.2	-185.2	472.3
48.52682	468.0	673.9	-205.9	471.3
48.62709	503.0	676.1	-173.1	470.3
48.72736	444.0	678.6	-234.6	469.4
48.82763	476.0	679.2	-203.2	468.5
48.92789	467.0	681.8	-214.8	467.5
49.02816	429.0	684.7	-255.7	466.6
49.12844	474.0	688.2	-214.2	465.8
49.22871	456.0	692.0	-236.0	464.9
49.32898	478.0	695.2	-217.2	464.1
49.42924	450.0	696.2	-246.2	463.3
49.52951	480.0	696.2	-216.2	462.5
49.62979	471.0	695.6	-224.6	461.8
49.73006	448.0	696.0	-248.0	461.0
49.83033	456.0	697.3	-241.3	460.3
49.9306	436.0	699.1	-263.1	459.7
50.03086	512.0	701.4	-189.4	459.0
50.13113	491.0	705.6	-214.6	458.4
50.23141	563.0	708.8	-145.8	457.9
50.33168	610.0	713.1	-103.1	457.3
50.43195	644.0	718.2	-74.2	456.8
50.53222	717.0	726.1	-9.1	456.3
50.63248	678.0	734.0	-56.0	455.9
50.73275	699.0	741.0	-42.0	455.5
50.83303	634.0	743.0	-109.0	455.1
50.9333	576.0	738.9	-162.9	454.8
51.03357	516.0	733.6	-217.6	454.5
51.13383	503.0	730.6	-227.6	454.2
51.2341	494.0	731.1	-237.1	454.0
51.33438	488.0	732.3	-244.3	453.8
51.43465	446.0	734.5	-288.5	453.7
51.53492	458.0	737.5	-279.5	453.6
51.63519	459.0	739.7	-280.7	453.5
51.73545	470.0	745.4	-275.4	453.5
51.83572	465.0	751.3	-286.3	453.6
51.936	445.0	758.4	-313.4	453.6
52.03627	470.0	767.2	-297.2	453.8
52.13654	461.0	776.1	-315.1	454.0
52.2368	518.0	783.8	-265.8	454.2
52.33707	501.0	790.2	-289.2	454.5
52.43735	543.0	795.6	-252.6	454.8
52.53762	648.0	800.1	-152.1	455.2
52.63789	796.0	799.8	-3.8	455.6
52.73816	708.0	798.6	-90.6	456.1
52.83842	569.0	800.0	-231.0	456.7
52.93869	545.0	806.1	-261.1	457.3
53.03897	592.0	816.5	-224.5	458.0
53.13924	609.0	830.6	-221.6	458.7
53.23951	699.0	847.7	-148.7	459.5
53.33978	789.0	865.9	-76.9	460.4
53.44004	742.0	879.8	-137.8	461.4
53.54032	676.0	894.5	-218.5	462.4
53.64059	638.0	916.1	-278.1	463.5
53.74086	545.0	952.3	-407.3	464.6
53.84113	552.0	1006.5	-454.5	465.9
53.94139	606.0	1086.3	-480.3	467.2
54.04166	719.0	1199.0	-480.0	468.5
54.14194	693.0	1346.2	-653.2	470.0
54.24221	713.0	1501.2	-788.2	471.6
54.34248	739.0	1593.6	-854.6	473.2
54.44275	726.0	1505.9	-779.9	474.9
54.54301	670.0	1313.2	-643.2	476.7
54.64328	581.0	1119.5	-538.5	478.6
54.74356	552.0	993.0	-441.0	480.5
54.84383	482.0	921.5	-439.5	482.6
54.9441	508.0	880.5	-372.5	484.7
55.04436	504.0	855.8	-351.8	487.0
55.14463	513.0	841.3	-328.3	489.3
55.24491	487.0	831.6	-344.6	491.7
55.34518	499.0	826.7	-327.7	494.2
55.44545	489.0	823.1	-334.1	496.9
55.54572	464.0	822.3	-358.3	499.6
55.64598	501.0	822.3	-321.3	502.4
55.74625	546.0	823.7	-277.7	505.3
55.84653	540.0	826.4	-286.4	508.4
55.9468	572.0	830.8	-258.8	511.5
56.04707	635.0	834.1	-199.1	514.7
56.14734	573.0	835.5	-262.5	518.1
56.2476	627.0	836.9	-209.9	521.5
56.34788	625.0	839.2	-214.2	525.1
56.44815	607.0	843.0	-236.0	528.8
56.54842	700.0	845.7	-145.7	532.5
56.64869	695.0	848.2	-153.2	536.4
56.74895	684.0	853.6	-169.6	540.3
56.84922	703.0	859.4	-156.4	544.3
56.9495	605.0	861.5	-256.5	548.5
57.04977	603.0	856.3	-253.3	552.7
57.15004	557.0	848.8	-291.8	557.0
57.25031	578.0	842.2	-264.2	561.4
57.35057	630.0	839.8	-209.8	565.8
57.45085	623.0	839.0	-216.0	570.4
57.55112	607.0	839.3	-232.3	575.0
57.65139	675.0	840.4	-165.4	579.7
57.75166	634.0	841.8	-207.8	584.5
57.85192	643.0	842.7	-199.7	589.4
57.95219	696.0	843.8	-147.8	594.3
58.05247	699.0	845.9	-146.9	599.3
58.15274	737.0	847.5	-110.5	604.4
58.25301	676.0	848.7	-172.7	609.5
58.35328	675.0	850.9	-175.9	614.7
58.45354	675.0	853.1	-178.1	620.0
58.55382	612.0	855.3	-243.3	625.3
58.65409	655.0	857.6	-202.6	630.7
58.75436	656.0	859.8	-203.8	636.1
58.85463	627.0	862.1	-235.1	641.6
58.9549	669.0	864.3	-195.3	647.2
59.05516	643.0	866.6	-223.6	652.8
59.15544	654.0	868.9	-214.9	658.5
59.25571	777.0	871.1	-94.1	664.2
59.35598	726.0	873.4	-147.4	669.9
59.45625	681.0	875.7	-194.7	675.7
59.55651	675.0	878.6	-203.6	681.5
59.65678	729.0	881.2	-152.2	687.4
59.75706	701.0	883.5	-182.5	693.3
59.85733	693.0	885.9	-192.9	699.3
59.9576	785.0	888.3	-103.3	705.3
60.05787	789.0	890.6	-101.6	711.3
60.15813	790.0	893.0	-103.0	717.4
60.25841	815.0	896.0	-81.0	723.5
60.35868	804.0	898.5	-94.5	729.6
60.45895	781.0	901.0	-120.0	735.7
60.55922	767.0	903.5	-136.5	741.9
60.65948	807.0	906.1	-99.1	748.0
60.75975	762.0	908.8	-146.8	754.2
60.86003	802.0	912.5	-110.5	760.4
60.9603	908.0	916.5	-8.5	766.6
61.06057	800.0	919.7	-119.7	772.9
61.16084	849.0	923.7	-74.7	779.1
61.2611	914.0	927.6	-13.6	785.3
61.36138	899.0	932.1	-33.1	791.6
61.46165	937.0	937.7	-0.7	797.8
61.56192	975.0	944.8	30.2	804.0
61.66219	1046.0	951.8	94.2	810.3
61.76245	1038.0	959.4	78.6	816.5
61.86272	1141.0	964.9	176.1	822.7
61.963	1210.0	968.1	241.9	828.9
62.06327	1351.0	972.1	378.9	835.0
62.16354	1525.0	978.4	546.6	841.2
62.26381	1503.0	987.6	515.4	847.3
62.36407	1513.0	998.2	514.8	853.5
62.46435	1798.0	1006.4	791.6	859.5
62.56462	2157.0	1010.9	1146.1	865.6
62.66489	1945.0	1005.6	939.4	871.6
62.76516	1798.0	996.2	801.8	877.6
62.86543	1379.0	986.9	392.1	883.6
62.96569	1267.0	981.5	285.5	889.5
63.06597	1108.0	979.6	128.4	895.4
63.16624	1056.0	979.5	76.5	901.2
63.26651	1018.0	980.7	37.3	907.0
63.36678	1030.0	983.0	47.0	912.8
63.46704	1062.0	985.3	76.7	918.5
63.56731	1078.0	988.0	90.0	924.1
63.66759	1007.0	992.0	15.0	929.7
63.76786	1051.0	996.3	54.7	935.2
63.86813	1057.0	1000.9	56.1	940.7
63.9684	1052.0	1007.0	45.0	946.1
64.06866	1187.0	1014.6	172.4	951.4
64.16894	1235.0	1021.9	213.1	956.7
64.2692	1231.0	1028.5	202.5	961.9
64.36948	1280.0	1034.0	246.0	967.1
64.46975	1250.0	1038.3	211.7	972.2
64.57001	1264.0	1043.1	220.9	977.2
64.67029	1411.0	1050.0	361.0	982.2
64.77055	1500.0	1058.1	441.9	987.1
64.87083	1544.0	1066.5	477.5	992.0
64.9711	1499.0	1077.9	421.1	996.8
65.07137	1301.0	1089.6	211.5	1001.6
65.17164	1324.0	1102.2	221.8	1006.4
65.2719	1267.0	1117.8	149.2	1011.1
65.37218	1245.0	1137.9	107.1	1015.7
65.47244	1325.0	1165.5	159.5	1020.3
65.57272	1292.0	1200.0	92.0	1024.9
65.67299	1478.0	1248.3	229.7	1029.4
65.77325	1531.0	1314.1	216.9	1033.9
65.87353	1565.0	1404.5	160.5	1038.4
65.97379	1895.0	1525.9	369.1	1042.8
66.07407	2093.0	1676.6	416.4	1047.2
66.17434	2257.0	1827.0	430.0	1051.5
66.2746	2474.0	1909.0	565.0	1055.9
66.37488	2423.0	1839.9	583.1	1060.2
66.47514	2242.0	1686.4	555.6	1064.5
66.57542	1871.0	1502.8	368.2	1068.7
66.67569	1538.0	1355.5	182.5	1073.0
66.77596	1355.0	1257.8	97.2	1077.2
66.87623	1359.0	1198.9	160.1	1081.4
66.97649	1343.0	1163.3	179.7	1085.6
67.07677	1148.0	1140.7	7.3	1089.8
67.17703	1210.0	1126.9	83.1	1094.0
67.27731	1245.0	1118.4	126.6	1098.1
67.37758	1272.0	1113.3	158.7	1102.3
67.47784	1161.0	1109.0	52.0	1106.4
67.57812	1134.0	1107.8	26.2	1110.5
67.67838	1144.0	1107.6	36.4	1114.7
67.77866	1226.0	1108.1	117.9	1118.8
67.87893	1106.0	1109.1	-3.1	1122.9
67.97919	1193.0	1110.6	82.4	1127.1
68.07947	1194.0	1112.4	81.6	1131.2
68.17973	1277.0	1114.4	162.6	1135.4
68.28001	1160.0	1116.7	43.3	1139.5
68.38028	1179.0	1119.3	59.7	1143.7
68.48055	1171.0	1122.0	49.0	1147.8
68.58082	1261.0	1124.8	136.2	1152.0
68.68108	1313.0	1127.9	185.2	1156.2
68.78136	1118.0	1131.0	-13.0	1160.4
68.88163	1285.0	1134.4	150.6	1164.6
68.9819	1209.0	1137.9	71.1	1168.9
69.08217	1311.0	1142.1	168.9	1173.1
69.18243	1249.0	1146.0	103.0	1177.4
69.28271	1296.0	1150.1	145.9	1181.7
69.38297	1288.0	1154.4	133.6	1186.0
69.48325	1292.0	1159.0	133.0	1190.3
69.58352	1315.0	1163.9	151.1	1194.6
69.68378	1289.0	1169.7	119.3	1199.0
69.78406	1269.0	1175.5	93.5	1203.3
69.88432	1341.0	1182.0	159.0	1207.6
69.9846	1513.0	1189.1	323.9	1212.0
70.08487	1385.0	1197.2	187.8	1216.4
70.18513	1430.0	1206.3	223.7	1220.7
70.28541	1449.0	1216.0	233.0	1225.1
70.38567	1511.0	1227.0	284.0	1229.5
70.48595	1583.0	1237.4	345.6	1233.8
70.58622	1541.0	1247.4	293.6	1238.2
70.68649	1511.0	1259.4	251.6	1242.6
70.78676	1553.0	1274.1	278.9	1247.0
70.88702	1614.0	1293.2	320.8	1251.3
70.9873	1536.0	1319.1	216.9	1255.7
71.08756	1525.0	1351.6	173.4	1260.1
71.18784	1587.0	1393.4	193.6	1264.4
71.28811	1816.0	1448.2	367.8	1268.8
71.38837	1782.0	1523.5	258.5	1273.1
71.48865	1844.0	1625.9	218.1	1277.5
71.58891	1932.0	1764.5	167.5	1281.8
71.68919	2081.0	1937.1	143.9	1286.1
71.78946	2242.0	2120.8	121.2	1290.5
71.88972	2310.0	2251.9	58.1	1294.8
71.99	2424.0	2185.5	238.5	1299.0
72.09026	2206.0	1982.9	223.1	1303.3
72.19054	2021.0	1772.6	248.4	1307.6
72.29081	1799.0	1570.6	228.4	1311.8
72.39108	1709.0	1447.4	261.6	1316.1
72.49135	1666.0	1380.5	285.5	1320.3
72.59161	1615.0	1343.6	271.4	1324.5
72.69189	1532.0	1322.4	209.6	1328.7
72.79216	1570.0	1308.2	261.8	1332.8
72.89243	1514.0	1295.9	218.1	1337.0
72.9927	1464.0	1287.1	176.9	1341.1
73.09296	1487.0	1280.0	207.0	1345.2
73.19324	1416.0	1275.6	140.4	1349.3
73.2935	1390.0	1273.4	116.6	1353.3
73.39378	1459.0	1272.5	186.5	1357.3
73.49405	1515.0	1271.3	243.7	1361.3
73.59431	1349.0	1272.4	76.6	1365.3
73.69459	1404.0	1275.0	129.0	1369.3
73.79485	1424.0	1277.4	146.6	1373.2
73.89513	1372.0	1279.7	92.3	1377.1
73.9954	1459.0	1282.0	177.0	1380.9
74.09566	1361.0	1284.5	76.5	1384.7
74.19594	1348.0	1287.6	60.4	1388.5
74.2962	1366.0	1290.9	75.1	1392.3
74.39648	1510.0	1295.2	214.8	1396.0
74.49675	1386.0	1299.1	86.9	1399.7
74.59702	1378.0	1302.4	75.6	1403.3
74.69729	1391.0	1305.8	85.2	1407.0
74.79755	1488.0	1309.3	178.7	1410.6
74.89783	1377.0	1313.0	64.0	1414.1
74.99809	1421.0	1316.9	104.1	1417.7
75.09837	1454.0	1320.3	133.7	1421.2
75.19864	1516.0	1325.0	191.0	1424.6
75.2989	1470.0	1330.1	139.9	1428.1
75.39918	1438.0	1336.1	101.9	1431.5
75.49944	1426.0	1342.4	83.6	1434.9
75.59972	1594.0	1349.6	244.4	1438.2
75.69999	1582.0	1355.9	226.1	1441.6
75.80025	1599.0	1360.1	238.9	1444.9
75.90053	1518.0	1361.3	156.7	1448.1
76.00079	1594.0	1362.8	231.2	1451.4
76.10107	1593.0	1362.4	230.6	1454.6
76.20134	1587.0	1364.8	222.2	1457.8
76.30161	1645.0	1368.4	276.6	1461.0
76.40188	1621.0	1372.7	248.3	1464.1
76.50214	1711.0	1376.7	334.3	1467.2
76.60242	1700.0	1383.4	316.6	1470.3
76.70269	1801.0	1389.3	411.7	1473.4
76.80296	1680.0	1395.6	284.4	1476.5
76.90323	1645.0	1402.5	242.5	1479.5
77.00349	1754.0	1409.7	344.3	1482.5
77.10377	1697.0	1417.6	279.4	1485.5
77.20403	1788.0	1426.2	361.8	1488.5
77.30431	1886.0	1435.8	450.2	1491.4
77.40458	2076.0	1446.6	629.4	1494.3
77.50484	2041.0	1459.1	581.9	1497.2
77.60512	2181.0	1473.8	707.2	1500.1
77.70538	2159.0	1491.4	667.6	1503.0
77.80566	2537.0	1513.0	1024.0	1505.8
77.90593	2675.0	1539.4	1135.6	1508.7
78.0062	2497.0	1571.1	925.9	1511.5
78.10647	2350.0	1606.9	743.1	1514.3
78.20673	2274.0	1642.5	631.5	1517.1
78.30701	2315.0	1668.1	646.9	1519.8
78.40728	2310.0	1686.3	623.7	1522.6
78.50755	2399.0	1692.4	706.6	1525.3
78.60782	2508.0	1710.4	797.6	1528.0
78.70808	2655.0	1740.7	914.3	1530.7
78.80836	2714.0	1794.9	919.1	1533.4
78.90862	2932.0	1878.6	1053.4	1536.1
79.0089	3210.0	1995.7	1214.3	1538.7
79.10917	3695.0	2146.2	1548.8	1541.4
79.20943	4236.0	2315.0	1921.0	1544.0
79.30971	4290.0	2462.3	1827.7	1546.7
79.40997	4351.0	2483.2	1867.8	1549.3
79.51025	4101.0	2363.0	1738.0	1551.9
79.61052	3981.0	2187.5	1793.5	1554.5
79.71078	3126.0	1995.2	1130.8	1557.0
79.81106	2762.0	1835.3	926.7	1559.6
79.91132	2380.0	1731.3	648.7	1562.2
80.0116	2229.0	1676.4	552.6	1564.7
80.11187	2216.0	1650.6	565.4	1567.3
80.21214	2022.0	1638.6	383.4	1569.8
80.31241	2048.0	1639.3	408.7	1572.3
80.41267	2022.0	1646.6	375.4	1574.8
80.51295	2188.0	1660.3	527.7	1577.4
80.61322	2038.0	1682.3	355.7	1579.9
80.71349	2062.0	1711.4	350.6	1582.4
80.81376	2166.0	1745.4	420.6	1584.9
80.91402	2320.0	1791.0	529.0	1587.4
81.0143	2296.0	1855.0	441.0	1589.8
81.11456	2327.0	1938.7	388.3	1592.3
81.21484	2461.0	2041.3	419.7	1594.8
81.31511	2500.0	2148.3	351.7	1597.3
81.41537	2478.0	2217.4	260.6	1599.8
81.51565	2404.0	2222.9	181.1	1602.2
81.61591	2383.0	2138.8	244.2	1604.7
81.71619	2306.0	2003.2	302.8	1607.2
81.81646	2386.0	1897.0	489.0	1609.6
81.91673	2188.0	1794.0	394.0	1612.1
82.017	2205.0	1729.8	475.2	1614.6
82.11726	2250.0	1700.8	549.2	1617.0
82.21754	2355.0	1693.9	661.1	1619.5
82.31781	2341.0	1701.5	639.5	1622.0
82.41808	2363.0	1718.4	644.6	1624.4
82.51835	2264.0	1737.8	526.2	1626.9
82.61861	2220.0	1749.2	470.8	1629.4
82.71889	2220.0	1727.5	492.5	1631.8
82.81915	2028.0	1697.1	330.9	1634.3
82.91943	2018.0	1673.1	344.9	1636.8
83.0197	1986.0	1645.3	340.7	1639.3
83.11996	2014.0	1627.0	387.0	1641.8
83.22024	1877.0	1617.6	259.4	1644.3
83.3205	1969.0	1613.2	355.8	1646.8
83.42078	1801.0	1611.6	189.4	1649.3
83.52105	1953.0	1610.6	342.4	1651.8
83.62132	1799.0	1611.2	187.8	1654.3
83.72159	1821.0	1612.9	208.1	1656.8
83.82185	1901.0	1615.1	285.9	1659.4
83.92213	1874.0	1617.6	256.4	1661.9
84.0224	1972.0	1620.3	351.7	1664.5
84.12267	1951.0	1622.7	328.3	1667.0
84.22294	1933.0	1625.8	307.2	1669.6
84.3232	1935.0	1628.0	307.0	1672.2
84.42348	2063.0	1631.4	431.6	1674.8
84.52375	1844.0	1634.8	209.2	1677.4
84.62402	1932.0	1638.3	293.7	1680.0
84.72429	1911.0	1641.8	269.2	1682.6
84.82455	2022.0	1644.9	377.1	1685.2
84.92483	2012.0	1648.5	363.5	1687.9
85.02509	2017.0	1651.2	365.8	1690.6
85.12537	2087.0	1654.9	432.1	1693.2
85.22564	2142.0	1658.7	483.3	1695.9
85.3259	2186.0	1662.4	523.6	1698.6
85.42618	2120.0	1666.2	453.8	1701.3
85.52644	2063.0	1670.0	393.0	1704.1
85.62672	1938.0	1673.8	264.2	1706.8
85.72699	1979.0	1677.7	301.3	1709.6
85.82726	1807.0	1681.3	125.7	1712.4
85.92753	1756.0	1685.1	70.9	1715.2
86.02779	1756.0	1689.0	67.0	1718.0
86.12807	1811.0	1692.9	118.1	1720.8
86.22834	1772.0	1696.8	75.2	1723.6
86.32861	1788.0	1700.6	87.4	1726.5
86.42888	1777.0	1704.5	72.5	1729.4
86.52914	1831.0	1708.5	122.5	1732.3
86.62942	1896.0	1713.7	182.3	1735.2
86.72968	1766.0	1717.9	48.1	1738.2
86.82996	1790.0	1722.1	67.9	1741.1
86.93023	1794.0	1727.5	66.5	1744.1
87.03049	1874.0	1732.0	142.0	1747.1
87.13077	1858.0	1736.7	121.3	1750.2
87.23103	1735.0	1742.6	-7.6	1753.2
87.33131	1740.0	1748.9	-8.9	1756.3
87.43158	1765.0	1754.6	10.4	1759.4
87.53185	1887.0	1760.2	126.8	1762.5
87.63212	1940.0	1765.5	174.5	1765.7
87.73238	1793.0	1768.8	24.2	1768.8
87.83266	1961.0	1771.6	189.4	1772.0
87.93293	1936.0	1775.0	161.0	1775.3
88.0332	1801.0	1780.0	21.0	1778.5
88.13347	1901.0	1784.7	116.3	1781.8
88.23373	1824.0	1789.3	34.7	1785.1
88.33401	1868.0	1796.4	71.6	1788.4
88.43428	1818.0	1803.0	15.0	1791.8
88.53455	1842.0	1809.2	32.8	1795.2
88.63482	1845.0	1813.7	31.3	1798.6
88.73508	1852.0	1816.3	35.7	1802.1
88.83536	1907.0	1821.5	85.5	1805.6
88.93562	1851.0	1825.6	25.4	1809.1
89.0359	1794.0	1830.5	-36.5	1812.7
89.13617	1867.0	1836.0	31.0	1816.3
89.23643	1780.0	1841.5	-61.5	1819.9
89.33671	1830.0	1846.7	-16.7	1823.6
89.43697	1914.0	1853.1	60.9	1827.3
89.53725	1922.0	1860.8	61.2	1831.0
89.63752	1898.0	1867.0	31.0	1834.8
89.73779	1986.0	1874.6	111.4	1838.6
89.83806	1905.0	1883.1	21.9	1842.5
89.93832	1894.0	1893.9	0.1	1846.4
90.0386	1896.0	1904.4	-8.4	1850.3
90.13887	1931.0	1914.7	16.3	1854.3
90.23914	1951.0	1928.4	22.6	1858.3
90.33941	1964.0	1946.0	18.0	1862.4
90.43967	1939.0	1967.6	-28.6	1866.5
90.53995	2062.0	1993.2	68.8	1870.6
90.64021	2014.0	2022.7	-8.7	1874.8
90.74049	2080.0	2051.0	29.0	1879.1
90.84076	2005.0	2064.4	-59.4	1883.3
90.94102	2159.0	2064.0	95.0	1887.7
91.0413	2053.0	2039.4	13.6	1892.0
91.14156	1905.0	2011.9	-106.9	1896.5
91.24184	1991.0	1991.6	-0.6	1900.9
91.34211	1967.0	1968.2	-1.2	1905.4
91.44238	1966.0	1953.9	12.1	1910.0
91.54265	1987.0	1946.2	40.8	1914.6
91.64291	1938.0	1943.1	-5.1	1919.3
91.74319	1944.0	1942.8	1.2	1924.0
91.84346	1912.0	1944.1	-32.1	1928.8
91.94373	1934.0	1947.6	-13.6	1933.6
92.044	1972.0	1951.7	20.3	1938.5
92.14426	1946.0	1956.8	-10.8	1943.4
92.24454	1992.0	1962.1	29.9	1948.4
92.34481	2086.0	1968.0	118.0	1953.3
92.44508	2105.0	1974.0	131.0	1958.4
92.54535	2014.0	1980.1	33.9	1963.4
92.64561	2171.0	1988.0	183.0	1968.5
92.74589	2173.0	1994.2	178.8	1973.6
92.84615	2090.0	2000.9	89.1	1978.7
92.94643	2139.0	2007.8	131.2	1983.9
93.0467	2078.0	2014.2	63.8	1989.0
93.14697	2166.0	2021.7	144.3	1994.2
93.24724	2137.0	2031.2	105.8	1999.3
93.3475	2100.0	2042.2	57.8	2004.5
93.44778	2132.0	2055.7	76.3	2009.6
93.54805	2077.0	2073.2	3.8	2014.8
93.64832	2113.0	2095.5	17.5	2019.9
93.74859	2073.0	2121.8	-48.8	2025.0
93.84885	2082.0	2150.6	-68.6	2030.1
93.94913	2248.0	2178.1	69.9	2035.2
94.0494	2199.0	2197.7	1.3	2040.2
94.14967	2180.0	2185.9	-5.9	2045.2
94.24994	2170.0	2154.8	15.2	2050.2
94.3502	2170.0	2135.9	34.1	2055.1
94.45048	2231.0	2116.2	114.8	2060.0
94.55075	2194.0	2092.9	101.1	2064.9
94.65102	2139.0	2079.2	59.8	2069.7
94.75129	2216.0	2073.1	142.9	2074.4
94.85155	2154.0	2071.4	82.6	2079.1
94.95183	2087.0	2071.9	15.1	2083.7
95.05209	2109.0	2073.7	35.3	2088.2
95.15237	2240.0	2077.4	162.6	2092.7
95.25264	2077.0	2080.7	-3.7	2097.1
95.35291	2195.0	2084.4	110.6	2101.5
95.45318	2145.0	2088.4	56.6	2105.7
95.55344	2155.0	2092.7	62.3	2109.9
95.65372	2180.0	2096.8	83.2	2113.9
95.75399	2171.0	2100.7	70.3	2117.9
95.85426	2165.0	2105.6	59.4	2121.8
95.95453	2138.0	2111.2	26.8	2125.6
96.05479	2099.0	2116.8	-17.8	2129.3
96.15507	2128.0	2122.2	5.8	2132.8
96.25534	2173.0	2126.4	46.6	2136.3
96.35561	2239.0	2129.1	109.9	2139.6
96.45588	2037.0	2132.4	-95.4	2142.8
96.55614	2136.0	2136.0	0.0	2145.9
96.65642	2240.0	2139.7	100.3	2148.9
96.75668	2279.0	2143.3	135.7	2151.8
96.85696	2267.0	2147.6	119.4	2154.5
96.95723	2303.0	2152.8	150.2	2157.2
97.0575	2333.0	2157.9	175.1	2159.8
97.15777	2342.0	2163.2	178.8	2162.3
97.25803	2389.0	2168.7	220.3	2164.7
97.35831	2350.0	2174.8	175.2	2167.1
97.45858	2380.0	2181.3	198.7	2169.4
97.55885	2501.0	2187.3	313.7	2171.6
97.65912	2491.0	2194.1	296.9	2173.8
97.75938	2473.0	2199.4	273.6	2175.9
97.85966	2458.0	2204.2	253.8	2178.1
97.95993	2544.0	2208.5	335.5	2180.1
98.0602	2496.0	2212.1	283.9	2182.2
98.16047	2400.0	2214.0	186.0	2184.3
98.26073	2375.0	2215.9	159.1	2186.3
98.36101	2384.0	2219.4	164.6	2188.4
98.46128	2424.0	2222.3	201.7	2190.4
98.56155	2379.0	2225.3	153.7	2192.5
98.66182	2331.0	2229.5	101.5	2194.6
98.76208	2297.0	2234.0	63.0	2196.7
98.86236	2269.0	2239.8	29.2	2198.8
98.96262	2163.0	2244.5	-81.5	2201.0
99.0629	2318.0	2249.2	68.8	2203.2
99.16317	2213.0	2254.0	-41.0	2205.5
99.26344	2241.0	2258.8	-17.8	2207.9
99.36371	2273.0	2263.5	9.5	2210.3
99.46397	2222.0	2268.3	-46.3	2212.8
99.56425	2233.0	2273.1	-40.1	2215.4
99.66452	2265.0	2277.9	-12.9	2218.1
99.76479	2215.0	2282.7	-67.7	2220.8
99.86506	2282.0	2287.5	-5.5	2223.7
99.96532	2239.0	2292.3	-53.3	2226.7
100.0656	2257.0	2297.1	-40.1	2229.8
100.1659	2325.0	2302.0	23.0	2233.0
100.2661	2235.0	2306.8	-71.8	2236.3
100.3664	2321.0	2311.7	9.3	2239.8
100.4667	2186.0	2316.6	-130.6	2243.4
100.5669	2288.0	2321.4	-33.4	2247.2
100.6672	2230.0	2327.3	-97.3	2251.1
100.7675	2276.0	2332.4	-56.4	2255.2
100.8678	2293.0	2337.5	-44.5	2259.4
100.968	2239.0	2342.7	-103.7	2263.7
101.0683	2328.0	2348.0	-20.0	2268.2
101.1686	2346.0	2353.3	-7.3	2272.7
101.2688	2303.0	2359.4	-56.4	2277.4
101.3691	2316.0	2366.1	-50.1	2282.2
101.4694	2373.0	2372.9	0.1	2287.1
101.5696	2298.0	2379.0	-81.0	2292.0
101.6699	2427.0	2384.9	42.1	2297.1
101.7702	2382.0	2390.6	-8.6	2302.2
101.8705	2355.0	2394.9	-39.9	2307.4
101.9707	2292.0	2398.5	-106.5	2312.7
102.071	2380.0	2402.7	-22.7	2318.1
102.1713	2317.0	2407.2	-90.2	2323.5
102.2715	2266.0	2410.5	-144.5	2328.9
102.3718	2458.0	2415.0	43.0	2334.4
102.4721	2325.0	2419.2	-94.2	2340.0
102.5723	2430.0	2424.5	5.5	2345.5
102.6726	2394.0	2429.8	-35.8	2351.1
102.7729	2399.0	2435.2	-36.2	2356.7
102.8732	2360.0	2440.6	-80.6	2362.4
102.9734	2413.0	2446.0	-33.0	2368.0
103.0737	2347.0	2451.5	-104.5	2373.7
103.174	2458.0	2457.1	0.9	2379.3
103.2742	2471.0	2462.7	8.3	2385.0
103.3745	2506.0	2468.4	37.6	2390.6
103.4748	2515.0	2474.1	40.9	2396.2
103.5751	2495.0	2479.9	15.1	2401.8
103.6753	2471.0	2485.8	-14.8	2407.4
103.7756	2487.0	2491.8	-4.8	2412.9
103.8759	2516.0	2497.9	18.1	2418.4
103.9761	2461.0	2505.2	-44.2	2423.8
104.0764	2540.0	2512.9	27.1	2429.2
104.1767	2499.0	2519.8	-20.8	2434.5
104.2769	2409.0	2527.0	-118.0	2439.7
104.3772	2468.0	2534.5	-66.5	2444.9
104.4775	2519.0	2542.3	-23.3	2450.0
104.5777	2475.0	2550.6	-75.6	2455.0
104.678	2544.0	2561.4	-17.4	2460.0
104.7783	2576.0	2570.9	5.1	2464.9
104.8786	2532.0	2582.1	-50.1	2469.7
104.9788	2574.0	2593.3	-19.3	2474.4
105.0791	2602.0	2603.6	-1.6	2479.1
105.1794	2660.0	2614.4	45.6	2483.8
105.2796	2708.0	2626.5	81.5	2488.5
105.3799	2859.0	2639.5	219.5	2493.1
105.4802	2941.0	2652.1	288.9	2497.7
105.5804	2977.0	2667.0	310.0	2502.2
105.6807	2919.0	2684.6	234.4	2506.8
105.781	2885.0	2706.6	178.4	2511.4
105.8813	2921.0	2730.3	190.7	2516.0
105.9815	2956.0	2759.4	196.6	2520.6
106.0818	3022.0	2792.1	229.9	2525.2
106.1821	2934.0	2830.6	103.4	2529.9
106.2823	2927.0	2877.4	49.6	2534.6
106.3826	2941.0	2927.3	13.7	2539.3
106.4829	2948.0	2976.2	-28.2	2544.1
106.5831	2961.0	3021.4	-60.4	2549.0
106.6834	3099.0	3035.1	63.9	2553.9
106.7837	3072.0	3023.6	48.4	2558.9
106.884	3043.0	2963.0	80.0	2564.0
106.9842	2971.0	2902.0	69.0	2569.1
107.0845	2874.0	2858.3	15.7	2574.4
107.1848	3024.0	2825.3	198.7	2579.8
107.285	2899.0	2778.5	120.5	2585.2
107.3853	2945.0	2742.2	202.8	2590.8
107.4856	2882.0	2722.7	159.3	2596.5
107.5858	2800.0	2713.3	86.7	2602.4
107.6861	2807.0	2709.5	97.5	2608.4
107.7864	2815.0	2708.9	106.1	2614.5
107.8867	2629.0	2710.2	-81.2	2620.8
107.9869	2754.0	2712.7	41.3	2627.2
108.0872	2780.0	2717.7	62.3	2633.8
108.1875	2757.0	2721.8	35.2	2640.6
108.2877	2647.0	2726.8	-79.8	2647.6
108.388	2616.0	2731.7	-115.7	2654.7
108.4883	2782.0	2736.7	45.3	2662.1
108.5885	2678.0	2741.7	-63.7	2669.6
108.6888	2731.0	2746.2	-15.2	2677.4
108.7891	2537.0	2750.3	-213.3	2685.4
108.8894	2716.0	2754.8	-38.8	2693.6
108.9896	2843.0	2759.5	83.5	2702.0
109.0899	2738.0	2764.4	-26.4	2710.6
109.1902	2730.0	2767.9	-37.9	2719.4
109.2904	2698.0	2772.7	-74.7	2728.4
109.3907	2742.0	2778.9	-36.9	2737.6
109.491	2771.0	2784.7	-13.7	2746.9
109.5912	2762.0	2790.9	-28.9	2756.4
109.6915	2707.0	2797.2	-90.2	2766.0
109.7918	2829.0	2803.6	25.4	2775.8
109.8921	2803.0	2813.8	-10.8	2785.7
109.9923	2770.0	2821.2	-51.2	2795.7
110.0926	2706.0	2829.4	-123.4	2805.8
110.1929	2851.0	2838.4	12.6	2816.0
110.2931	2763.0	2846.9	-83.9	2826.2
110.3934	2857.0	2855.4	1.6	2836.6
110.4937	2677.0	2862.6	-185.6	2847.0
110.5939	2879.0	2868.5	10.5	2857.5
110.6942	2762.0	2873.8	-111.8	2868.0
110.7945	2826.0	2878.7	-52.7	2878.5
110.8948	2766.0	2883.5	-117.5	2889.1
110.995	2673.0	2888.1	-215.1	2899.7
111.0953	2876.0	2893.8	-17.8	2910.2
111.1956	2809.0	2899.0	-90.0	2920.8
111.2958	2853.0	2905.5	-52.5	2931.4
111.3961	2720.0	2913.7	-193.7	2941.9
111.4964	2968.0	2920.8	47.2	2952.4
111.5966	2831.0	2928.8	-97.8	2962.8
111.6969	2910.0	2937.2	-27.2	2973.2
111.7972	2802.0	2946.0	-144.0	2983.5
111.8975	2841.0	2955.2	-114.2	2993.8
111.9977	3012.0	2965.0	47.0	3003.9
112.098	2920.0	2975.9	-55.9	3014.0
112.1983	2995.0	2987.1	7.9	3023.9
112.2985	3022.0	2999.2	22.8	3033.7
112.3988	2955.0	3012.4	-57.4	3043.4
112.4991	3031.0	3026.9	4.1	3053.0
112.5993	3009.0	3042.8	-33.8	3062.4
112.6996	2977.0	3061.2	-84.2	3071.6
112.7999	3010.0	3080.0	-70.0	3080.7
112.9002	3126.0	3099.6	26.4	3089.6
113.0004	3076.0	3120.2	-44.2	3098.3
113.1007	3000.0	3139.0	-139.0	3106.8
113.201	3120.0	3149.5	-29.5	3115.1
113.3012	3255.0	3152.3	102.7	3123.2
113.4015	3086.0	3149.4	-63.4	3131.1
113.5018	3155.0	3150.2	4.8	3138.8
113.6021	3149.0	3145.3	3.7	3146.3
113.7023	3224.0	3137.3	86.7	3153.6
113.8026	3390.0	3132.8	257.2	3160.7
113.9029	3590.0	3132.9	457.1	3167.6
114.0031	3444.0	3134.6	309.4	3174.4
114.1034	3550.0	3135.8	414.2	3180.9
114.2037	3513.0	3139.3	373.7	3187.3
114.3039	3520.0	3148.2	371.8	3193.4
114.4042	3563.0	3157.0	406.0	3199.4
114.5045	3474.0	3167.8	306.2	3205.3
114.6047	3606.0	3179.2	426.8	3210.9
114.705	3416.0	3191.9	224.1	3216.4
114.8053	3449.0	3206.9	242.1	3221.7
114.9056	3501.0	3223.0	278.0	3226.9
115.0058	3474.0	3242.1	231.9	3231.8
115.1061	3322.0	3262.1	59.9	3236.7
115.2064	3507.0	3286.2	220.8	3241.3
115.3066	3407.0	3314.3	92.7	3245.8
115.4069	3512.0	3343.8	168.2	3250.2
115.5072	3494.0	3375.9	118.1	3254.4
115.6074	3618.0	3412.6	205.4	3258.5
115.7077	3490.0	3454.1	35.9	3262.4
115.808	3347.0	3500.5	-153.5	3266.2
115.9083	3597.0	3552.0	45.0	3269.8
116.0085	3654.0	3609.6	44.4	3273.3
116.1088	3656.0	3672.7	-16.7	3276.7
116.2091	3730.0	3742.0	-12.0	3279.9
116.3093	3874.0	3815.3	58.7	3283.0
116.4096	3889.0	3889.8	-0.8	3286.0
116.5099	4108.0	3960.0	148.0	3288.9
116.6101	4278.0	4000.9	277.1	3291.6
116.7104	4162.0	3990.4	171.6	3294.2
116.8107	4475.0	3943.3	531.7	3296.7
116.911	4218.0	3908.3	309.7	3299.1
117.0112	3965.0	3876.1	88.9	3301.4
117.1115	3971.0	3808.1	162.9	3303.6
117.2118	4137.0	3757.9	379.1	3305.7
117.312	4134.0	3723.4	410.6	3307.6
117.4123	4037.0	3716.3	320.7	3309.5
117.5126	4074.0	3712.1	361.9	3311.3
117.6128	4065.0	3715.5	349.5	3312.9
117.7131	3979.0	3734.8	244.2	3314.5
117.8134	4011.0	3761.4	249.6	3316.0
117.9137	4098.0	3787.7	310.3	3317.4
118.0139	4016.0	3788.3	227.7	3318.7
118.1142	4138.0	3720.1	417.9	3320.0
118.2145	3976.0	3641.1	334.9	3321.1
118.3147	3845.0	3580.0	265.0	3322.2
118.415	3799.0	3548.9	250.1	3323.2
118.5153	3804.0	3517.8	286.2	3324.2
118.6155	3684.0	3471.5	212.5	3325.0
118.7158	3616.0	3427.3	188.7	3325.8
118.8161	3530.0	3396.2	133.8	3326.6
118.9164	3517.0	3379.9	137.1	3327.2
119.0166	3479.0	3371.6	107.4	3327.9
119.1169	3379.0	3367.4	11.6	3328.4
119.2172	3294.0	3368.2	-74.2	3328.9
119.3174	3240.0	3370.0	-130.0	3329.4
119.4177	3415.0	3374.1	40.9	3329.8
119.518	3337.0	3378.0	-41.0	3330.2
119.6182	3305.0	3383.6	-78.6	3330.5
119.7185	3296.0	3389.5	-93.5	3330.8
119.8188	3439.0	3395.6	43.4	3331.0
119.9191	3341.0	3401.5	-60.5	3331.2
120.0193	3349.0	3406.1	-57.1	3331.4
120.1196	3338.0	3411.4	-73.4	3331.6
120.2199	3303.0	3417.4	-114.4	3331.7
120.3201	3402.0	3423.8	-21.8	3331.8
120.4204	3384.0	3429.8	-45.8	3331.9
120.5207	3377.0	3436.2	-59.2	3331.9
120.6209	3408.0	3441.9	-33.9	3331.9
120.7212	3498.0	3448.4	49.6	3332.0
120.8215	3395.0	3455.6	-60.6	3332.0
120.9218	3407.0	3462.5	-55.5	3332.0
121.022	3449.0	3470.6	-21.6	3332.0
121.1223	3522.0	3478.4	43.6	3332.0
121.2226	3378.0	3486.9	-108.9	3332.0
121.3228	3576.0	3495.7	80.3	3332.0
121.4231	3406.0	3504.6	-98.6	3332.0
121.5234	3368.0	3515.0	-147.0	3332.0
121.6236	3453.0	3524.5	-71.5	3332.0
121.7239	3466.0	3536.6	-70.6	3332.0
121.8242	3444.0	3546.9	-102.9	3332.0
121.9245	3384.0	3557.6	-173.6	3332.1
122.0247	3601.0	3569.3	31.7	3332.2
122.125	3398.0	3581.1	-183.1	3332.3
122.2253	3437.0	3593.3	-156.3	3332.4
122.3255	3417.0	3607.4	-190.4	3332.5
122.4258	3381.0	3621.6	-240.6	3332.7
122.5261	3390.0	3636.2	-246.2	3332.9
122.6264	3316.0	3651.8	-335.8	3333.2
122.7266	3324.0	3668.4	-344.4	3333.4
122.8269	3406.0	3686.2	-280.2	3333.8
122.9272	3392.0	3705.4	-313.4	3334.1
123.0274	3542.0	3725.9	-183.9	3334.5
123.1277	3388.0	3748.0	-360.0	3334.9
123.228	3338.0	3771.6	-433.6	3335.4
123.3282	3554.0	3796.8	-242.8	3335.9
123.4285	3380.0	3824.0	-444.0	3336.4
123.5288	3528.0	3851.8	-323.8	3337.0
123.6291	3469.0	3880.3	-411.3	3337.6
123.7293	3558.0	3909.2	-351.2	3338.2
123.8296	3512.0	3936.5	-424.5	3338.9
123.9299	3625.0	3961.8	-336.8	3339.6
124.0301	3807.0	3983.7	-176.7	3340.3
124.1304	3710.0	4001.0	-291.0	3341.1
124.2307	3622.0	3976.2	-354.2	3341.9
124.3309	3782.0	3909.2	-127.2	3342.7
124.4312	3665.0	3868.0	-203.0	3343.5
124.5315	3413.0	3850.4	-437.4	3344.4
124.6317	3697.0	3843.7	-146.7	3345.3
124.732	3687.0	3836.4	-149.4	3346.2
124.8323	3638.0	3807.5	-169.5	3347.2
124.9326	3594.0	3781.9	-187.9	3348.2
125.0328	3403.0	3769.4	-366.4	3349.2
125.1331	3543.0	3767.0	-224.0	3350.2
125.2334	3516.0	3768.3	-252.3	3351.3
125.3336	3493.0	3772.5	-279.5	3352.3
125.4339	3355.0	3778.3	-423.3	3353.5
125.5342	3340.0	3785.3	-445.3	3354.6
125.6344	3459.0	3793.0	-334.0	3355.7
125.7347	3357.0	3801.6	-444.6	3356.9
125.835	3395.0	3811.1	-416.1	3358.1
125.9353	3513.0	3821.0	-308.0	3359.3
126.0355	3440.0	3831.8	-391.8	3360.5
126.1358	3322.0	3842.9	-520.9	3361.8
126.2361	3411.0	3854.6	-443.6	3363.1
126.3363	3444.0	3866.6	-422.6	3364.4
126.4366	3474.0	3879.5	-405.5	3365.7
126.5369	3490.0	3891.0	-401.0	3367.0
126.6371	3579.0	3904.1	-325.1	3368.4
126.7374	3635.0	3919.7	-284.7	3369.7
126.8377	3662.0	3934.6	-272.6	3371.1
126.938	3486.0	3949.8	-463.8	3372.5
127.0382	3611.0	3965.0	-354.0	3373.9
127.1385	3592.0	3979.5	-387.5	3375.3
127.2388	3605.0	3993.6	-388.6	3376.8
127.339	3652.0	4007.8	-355.8	3378.2
127.4393	3626.0	4021.0	-395.0	3379.7
127.5396	3713.0	4034.3	-321.3	3381.2
127.6398	3613.0	4046.2	-433.2	3382.7
127.7401	3639.0	4045.2	-406.2	3384.2
127.8404	3656.0	4038.0	-382.0	3385.7
127.9407	3576.0	4024.7	-448.7	3387.2
128.0409	3555.0	4017.8	-462.8	3388.7
128.1412	3699.0	4010.9	-311.9	3390.3
128.2415	3659.0	3998.6	-339.6	3391.8
128.3417	3657.0	3988.1	-331.1	3393.4
128.442	3586.0	3981.0	-395.0	3395.0
128.5423	3596.0	3974.5	-378.5	3396.5
128.6425	3670.0	3972.5	-302.5	3398.1
128.7428	3600.0	3970.8	-370.8	3399.7
128.8431	3583.0	3968.5	-385.5	3401.3
128.9434	3468.0	3968.5	-500.5	3402.9
129.0436	3669.0	3972.2	-303.2	3404.5
129.1439	3654.0	3976.5	-322.4	3406.1
129.2442	3554.0	3981.8	-427.8	3407.7
129.3444	3469.0	3988.7	-519.7	3409.3
129.4447	3558.0	3994.2	-436.2	3411.0
129.545	3610.0	4001.9	-391.9	3412.6
129.6452	3551.0	4008.8	-457.8	3414.2
129.7455	3532.0	4016.8	-484.8	3415.8
129.8458	3471.0	4024.8	-553.8	3417.4
