0483_HM_La5Al3Cu2
Wavelength = 1.54059Ĺ, !20.05°/119.916°/0.13369°/1(s), I(p)=9754.0/2702.0, Cu(45kV,40mA), Monday, December 08, 2025, 12:07 PM
Angle	I(o)	I(c)	I(d)	I(b)
20.04984	2855.0	2711.6	143.4	2901.0
20.18353	2906.0	2724.2	181.8	2898.5
20.31722	2931.0	2737.9	193.1	2895.9
20.45091	2851.0	2751.8	99.2	2893.4
20.5846	3038.0	2765.6	272.4	2891.0
20.71829	2789.0	2778.9	10.1	2888.6
20.85198	2855.0	2791.6	63.4	2886.2
20.98567	3013.0	2803.8	209.2	2883.9
21.11937	2980.0	2813.9	166.1	2881.7
21.25306	3034.0	2814.8	219.2	2879.7
21.38675	3305.0	2806.2	498.8	2877.7
21.52044	3646.0	2791.0	855.0	2875.9
21.65413	3426.0	2772.6	653.4	2874.2
21.78782	3123.0	2754.5	368.5	2872.6
21.9215	3105.0	2739.2	365.8	2871.3
22.05519	3125.0	2728.3	396.7	2870.1
22.18888	3147.0	2722.6	424.4	2869.1
22.32257	3007.0	2721.6	285.4	2868.3
22.45626	2917.0	2724.7	192.3	2867.7
22.58995	2872.0	2731.0	141.0	2867.3
22.72364	2875.0	2739.1	135.9	2867.2
22.85733	2926.0	2745.0	181.0	2867.4
22.99102	2872.0	2747.9	124.1	2867.8
23.12471	2901.0	2748.8	152.2	2868.5
23.2584	2764.0	2749.2	14.8	2869.5
23.3921	2906.0	2750.8	155.2	2870.9
23.52579	2940.0	2755.2	184.8	2872.5
23.65948	3026.0	2763.0	263.0	2874.5
23.79317	2861.0	2774.3	86.7	2876.8
23.92686	2702.0	2789.6	-87.6	2879.5
24.06054	2937.0	2808.4	128.6	2882.5
24.19423	3139.0	2829.9	309.1	2885.9
24.32792	3397.0	2854.1	542.9	2889.6
24.46161	3451.0	2880.3	570.7	2893.7
24.5953	3375.0	2908.4	466.6	2898.1
24.72899	3649.0	2938.0	711.0	2902.7
24.86268	3507.0	2969.1	537.9	2907.6
24.99637	3235.0	3001.6	233.4	2912.8
25.13006	3132.0	3035.3	96.7	2918.2
25.26375	2930.0	3069.9	-139.9	2923.8
25.39745	2851.0	3105.4	-254.4	2929.7
25.53114	2882.0	3141.6	-259.6	2935.7
25.66483	2904.0	3178.2	-274.2	2941.9
25.79852	2902.0	3215.1	-313.1	2948.2
25.93221	2814.0	3252.2	-438.2	2954.6
26.0659	2877.0	3289.1	-412.1	2961.2
26.19958	2954.0	3325.7	-371.7	2967.9
26.33327	2974.0	3361.8	-387.8	2974.6
26.46696	3000.0	3397.2	-397.2	2981.4
26.60065	3381.0	3431.8	-50.8	2988.3
26.73434	3663.0	3465.2	197.8	2995.1
26.86803	3531.0	3497.7	33.3	3002.0
27.00172	3284.0	3528.8	-244.8	3008.9
27.13541	3282.0	3558.6	-276.6	3015.8
27.2691	3439.0	3587.0	-148.0	3022.6
27.40279	3799.0	3613.5	185.5	3029.3
27.53648	3668.0	3622.3	45.7	3036.0
27.67018	3918.0	3604.9	313.1	3042.6
27.80387	5066.0	3567.7	1498.4	3049.1
27.93756	5038.0	3519.3	1518.7	3055.4
28.07125	3882.0	3469.5	412.5	3061.6
28.20494	3496.0	3426.0	70.0	3067.7
28.33862	3255.0	3394.3	-139.3	3073.5
28.47231	3258.0	3377.2	-119.2	3079.2
28.606	3355.0	3374.4	-19.4	3084.7
28.73969	3294.0	3384.4	-90.4	3089.9
28.87338	3144.0	3404.5	-260.5	3094.9
29.00707	2924.0	3431.9	-507.9	3099.6
29.14076	3143.0	3464.2	-321.2	3104.0
29.27445	3203.0	3499.4	-296.4	3108.1
29.40814	3138.0	3536.1	-398.1	3112.0
29.54183	3244.0	3573.4	-329.4	3115.6
29.67553	3378.0	3610.1	-232.1	3119.0
29.80922	3448.0	3644.4	-196.4	3122.1
29.94291	3368.0	3676.0	-308.0	3125.0
30.0766	3457.0	3705.8	-248.8	3127.7
30.21029	3708.0	3734.6	-26.6	3130.1
30.34398	3802.0	3763.3	38.7	3132.3
30.47766	3764.0	3792.7	-28.7	3134.3
30.61135	3433.0	3815.5	-382.5	3136.1
30.74504	3379.0	3817.4	-438.4	3137.7
30.87873	3192.0	3801.8	-609.8	3139.1
31.01242	3233.0	3776.4	-543.4	3140.3
31.14611	3277.0	3749.8	-472.8	3141.3
31.2798	3502.0	3729.8	-227.8	3142.2
31.41349	3707.0	3722.3	-15.3	3142.9
31.54718	3705.0	3730.6	-25.6	3143.5
31.68087	4034.0	3755.2	278.8	3143.9
31.81456	4269.0	3795.3	473.7	3144.2
31.94826	3852.0	3848.2	3.8	3144.4
32.08194	3895.0	3910.9	-15.9	3144.4
32.21563	3853.0	3980.8	-127.8	3144.3
32.34932	4266.0	4055.2	210.8	3144.1
32.48301	5639.0	4132.1	1506.9	3143.8
32.6167	8589.0	4209.8	4379.2	3143.4
32.75039	8963.0	4287.1	4676.0	3142.9
32.88409	6451.0	4362.2	2088.8	3142.4
33.01778	6216.0	4434.9	1781.1	3141.7
33.15147	5418.0	4504.0	914.0	3141.0
33.28516	4769.0	4568.3	200.7	3140.3
33.41885	4154.0	4627.2	-473.2	3139.5
33.55254	3842.0	4671.8	-829.8	3138.6
33.68623	4252.0	4693.5	-441.5	3137.7
33.81992	4850.0	4694.8	155.2	3136.8
33.95361	4198.0	4681.0	-483.0	3135.8
34.0873	3674.0	4657.6	-983.5	3134.9
34.22099	3618.0	4626.1	-1008.1	3133.9
34.35468	4163.0	4575.7	-412.7	3132.9
34.48837	5131.0	4491.1	639.9	3132.0
34.62206	4710.0	4379.8	330.2	3131.0
34.75574	4031.0	4254.6	-223.6	3130.1
34.88943	3813.0	4128.7	-315.7	3129.2
35.02312	3832.0	4013.0	-181.0	3128.3
35.15681	4246.0	3915.4	330.6	3127.5
35.2905	4836.0	3839.7	996.3	3126.7
35.42419	5795.0	3786.1	2008.9	3126.0
35.55788	4520.0	3752.0	768.0	3125.3
35.69157	3612.0	3733.3	-121.3	3124.7
35.82526	3187.0	3724.3	-537.3	3124.2
35.95895	3141.0	3716.6	-575.6	3123.8
36.09264	3093.0	3706.7	-613.7	3123.5
36.22633	3055.0	3690.4	-635.4	3123.3
36.36002	3188.0	3666.7	-478.7	3123.2
36.49371	3247.0	3638.1	-391.1	3123.1
36.6274	3460.0	3608.7	-148.6	3123.2
36.76109	3805.0	3581.7	223.3	3123.4
36.89478	4367.0	3560.0	807.0	3123.7
37.02847	3774.0	3544.9	229.1	3124.1
37.16216	3580.0	3536.5	43.5	3124.6
37.29586	3539.0	3534.3	4.7	3125.2
37.42955	3567.0	3537.0	30.0	3125.8
37.56324	3598.0	3543.3	54.7	3126.6
37.69693	3586.0	3552.0	34.0	3127.5
37.83062	3483.0	3562.0	-79.0	3128.4
37.96431	3683.0	3572.4	110.6	3129.4
38.098	3648.0	3582.7	65.3	3130.5
38.23169	4176.0	3592.4	583.6	3131.7
38.36538	4460.0	3600.9	859.1	3132.9
38.49907	4012.0	3608.1	403.9	3134.3
38.63276	3359.0	3610.1	-251.1	3135.7
38.76645	3157.0	3605.9	-448.9	3137.2
38.90014	3086.0	3597.3	-511.3	3138.7
39.03382	2988.0	3586.1	-598.1	3140.3
39.16751	3092.0	3574.6	-482.6	3142.0
39.3012	3207.0	3563.9	-356.9	3143.7
39.43489	3212.0	3555.5	-343.5	3145.6
39.56858	3399.0	3549.9	-150.9	3147.4
39.70227	3324.0	3547.3	-223.3	3149.3
39.83596	3178.0	3547.6	-369.6	3151.3
39.96965	3223.0	3550.8	-327.8	3153.4
40.10334	3553.0	3555.6	-2.6	3155.4
40.23703	4310.0	3562.0	748.0	3157.6
40.37072	5460.0	3569.7	1890.3	3159.8
40.50441	4623.0	3578.2	1044.8	3162.0
40.6381	3672.0	3587.4	84.6	3164.3
40.77179	3246.0	3597.0	-351.0	3166.6
40.90548	3247.0	3607.5	-360.5	3168.9
41.03917	3163.0	3618.4	-455.4	3171.3
41.17286	3140.0	3629.9	-489.9	3173.8
41.30655	3181.0	3641.9	-460.9	3176.2
41.44025	3127.0	3654.7	-527.7	3178.7
41.57394	3235.0	3667.9	-432.9	3181.2
41.70763	3440.0	3681.8	-241.8	3183.8
41.84132	3767.0	3696.3	70.7	3186.4
41.97501	3661.0	3711.6	-50.6	3189.2
42.1087	3630.0	3727.6	-97.6	3192.0
42.24239	3400.0	3744.2	-344.2	3194.9
42.37608	3318.0	3761.3	-443.3	3197.9
42.50977	3388.0	3779.2	-391.2	3201.1
42.64346	3470.0	3797.5	-327.5	3204.5
42.77715	3416.0	3816.2	-400.2	3208.0
42.91084	3462.0	3835.4	-373.4	3211.7
43.04453	3662.0	3854.7	-192.7	3215.6
43.17822	3570.0	3874.4	-304.4	3219.8
43.3119	3833.0	3893.8	-60.8	3224.2
43.44559	4211.0	3913.1	297.9	3228.8
43.57928	5037.0	3932.1	1104.9	3233.8
43.71297	5114.0	3950.5	1163.5	3239.0
43.84666	4428.0	3968.1	459.9	3244.5
43.98035	3896.0	3982.8	-86.8	3250.3
44.11404	3757.0	3993.9	-236.9	3256.5
44.24773	3525.0	4002.3	-477.3	3263.0
44.38142	3628.0	4009.1	-381.1	3269.9
44.51511	3562.0	4015.2	-453.2	3277.2
44.6488	3560.0	4021.4	-461.4	3284.9
44.78249	3664.0	4028.6	-364.6	3293.0
44.91618	3602.0	4036.7	-434.7	3301.5
45.04987	3500.0	4046.0	-546.0	3310.5
45.18356	3650.0	4055.7	-405.7	3320.0
45.31725	4009.0	4063.5	-54.5	3329.9
45.45094	4207.0	4065.9	141.1	3340.4
45.58463	4134.0	4063.7	70.3	3351.3
45.71832	3892.0	4058.8	-166.8	3362.8
45.85202	3664.0	4053.6	-389.6	3374.9
45.98571	3398.0	4048.9	-650.9	3387.5
46.1194	3476.0	4047.3	-571.3	3400.6
46.25309	3507.0	4049.0	-542.0	3414.4
46.38678	3319.0	4054.5	-735.5	3428.8
46.52047	3426.0	4063.9	-637.9	3443.8
46.65416	3525.0	4075.7	-550.7	3459.5
46.78785	3389.0	4089.0	-700.0	3475.7
46.92154	3469.0	4102.9	-633.9	3492.4
47.05523	3553.0	4117.3	-564.3	3509.7
47.18892	3599.0	4132.1	-533.1	3527.5
47.32261	3704.0	4147.3	-443.3	3545.8
47.4563	3649.0	4163.0	-514.0	3564.5
47.58998	3674.0	4178.9	-504.9	3583.7
47.72367	3809.0	4194.8	-385.8	3603.3
47.85736	3805.0	4209.5	-404.5	3623.2
47.99105	3732.0	4221.0	-489.0	3643.5
48.12474	3861.0	4229.5	-368.5	3664.2
48.25843	3942.0	4235.5	-293.5	3685.1
48.39212	4112.0	4240.3	-128.3	3706.4
48.52581	4134.0	4245.3	-111.3	3727.9
48.6595	4126.0	4250.9	-124.9	3749.6
48.79319	4014.0	4258.2	-244.2	3771.6
48.92688	4211.0	4267.4	-56.4	3793.7
49.06057	4107.0	4277.9	-170.9	3816.0
49.19426	4062.0	4289.6	-227.6	3838.5
49.32795	4141.0	4300.9	-159.9	3861.0
49.46164	4012.0	4309.4	-297.4	3883.6
49.59533	4237.0	4314.4	-77.4	3906.3
49.72902	4443.0	4316.7	126.3	3929.1
49.86271	4417.0	4317.2	99.8	3951.8
49.99641	4294.0	4317.2	-23.2	3974.6
50.1301	4174.0	4318.8	-144.8	3997.3
50.26379	4272.0	4323.0	-51.0	4019.9
50.39748	4520.0	4330.6	189.4	4042.5
50.53117	4801.0	4342.1	458.9	4064.9
50.66486	5578.0	4357.2	1220.8	4087.2
50.79855	5899.0	4374.5	1524.5	4109.4
50.93224	6371.0	4392.7	1978.3	4131.4
51.06593	5876.0	4411.9	1464.1	4153.2
51.19962	5119.0	4431.2	687.8	4174.7
51.33331	4672.0	4451.5	220.5	4196.0
51.467	4396.0	4472.1	-76.1	4217.0
51.60069	4280.0	4493.1	-213.1	4237.7
51.73438	4450.0	4515.0	-65.0	4258.0
51.86806	4673.0	4536.6	136.4	4278.0
52.00175	4833.0	4558.0	275.0	4297.6
52.13544	4792.0	4578.6	213.4	4316.9
52.26913	4732.0	4597.1	134.9	4335.7
52.40282	4922.0	4611.6	310.4	4354.0
52.53651	5154.0	4621.0	533.0	4371.8
52.6702	4630.0	4624.2	5.8	4389.2
52.80389	4465.0	4621.2	-156.2	4406.0
52.93758	4315.0	4614.2	-299.2	4422.3
53.07127	4428.0	4605.8	-177.8	4438.0
53.20496	4457.0	4598.6	-141.6	4453.1
53.33865	4407.0	4592.5	-185.5	4467.6
53.47234	4299.0	4588.0	-289.0	4481.4
53.60603	4498.0	4586.5	-88.5	4494.5
53.73972	4553.0	4589.2	-36.2	4507.0
53.87341	4530.0	4597.3	-67.3	4518.7
54.0071	4542.0	4611.3	-69.3	4529.7
54.14079	4491.0	4631.5	-140.5	4539.8
54.27448	4453.0	4657.7	-204.7	4549.2
54.40818	4611.0	4689.3	-78.3	4557.8
54.54187	4636.0	4725.3	-89.3	4565.5
54.67556	4674.0	4765.3	-91.3	4572.5
54.80925	4978.0	4807.6	170.4	4578.6
54.94294	5102.0	4851.2	250.8	4583.9
55.07663	5363.0	4895.4	467.6	4588.6
55.21032	5401.0	4939.2	461.8	4592.5
55.34401	5418.0	4981.3	436.7	4595.7
55.4777	5515.0	5021.0	494.0	4598.3
55.61139	5942.0	5057.7	884.3	4600.3
55.74508	6468.0	5086.1	1381.9	4601.7
55.87877	5947.0	5102.5	844.5	4602.5
56.01245	5707.0	5107.0	600.0	4602.8
56.14614	5813.0	5102.6	710.4	4602.6
56.27983	5962.0	5092.1	869.9	4601.9
56.41352	6059.0	5077.2	981.8	4600.7
56.54721	6098.0	5059.3	1038.7	4599.2
56.6809	5936.0	5039.8	896.2	4597.2
56.81459	6148.0	5020.4	1127.6	4594.9
56.94828	6500.0	4998.8	1501.2	4592.2
57.08197	6051.0	4971.7	1079.3	4589.3
57.21566	5542.0	4939.5	602.5	4586.0
57.34935	5496.0	4905.0	591.0	4582.5
57.48304	5259.0	4871.8	387.2	4578.8
57.61673	5116.0	4842.1	273.9	4574.9
57.75042	5018.0	4818.5	199.5	4570.9
57.88411	5029.0	4802.4	226.6	4566.7
58.0178	5121.0	4794.1	326.9	4562.3
58.15149	5518.0	4792.9	725.1	4558.0
58.28518	6121.0	4798.0	1323.0	4553.5
58.41887	5848.0	4808.1	1039.9	4549.1
58.55257	5660.0	4821.6	838.4	4544.6
58.68626	5167.0	4836.8	330.3	4540.2
58.81995	4978.0	4851.7	126.3	4535.8
58.95364	5080.0	4865.1	214.9	4531.6
59.08733	5237.0	4876.3	360.7	4527.4
59.22102	5395.0	4886.3	508.7	4523.4
59.35471	5917.0	4895.1	1021.9	4519.6
59.4884	5707.0	4903.7	803.3	4516.0
59.62209	5571.0	4911.2	659.8	4512.6
59.75578	5092.0	4917.0	175.0	4509.5
59.88947	4780.0	4921.5	-141.5	4506.7
60.02316	4555.0	4925.0	-370.0	4504.2
60.15685	4487.0	4928.0	-441.0	4502.1
60.29053	4506.0	4931.3	-425.3	4500.3
60.42422	4429.0	4934.9	-505.9	4498.9
60.55791	4279.0	4938.3	-659.3	4498.0
60.6916	4618.0	4940.7	-322.7	4497.5
60.82529	4734.0	4940.7	-206.7	4497.5
60.95898	4829.0	4938.0	-109.0	4497.9
61.09267	5080.0	4933.9	146.1	4498.8
61.22636	5319.0	4929.2	389.8	4500.0
61.36005	5610.0	4925.5	684.5	4501.7
61.49374	5838.0	4923.6	914.4	4503.7
61.62743	6144.0	4924.1	1219.9	4506.1
61.76112	6428.0	4927.5	1500.5	4508.9
61.89481	6346.0	4934.1	1411.9	4512.0
62.0285	5816.0	4942.8	873.2	4515.5
62.16219	5088.0	4953.6	134.4	4519.3
62.29588	4960.0	4965.7	-5.7	4523.3
62.42957	4764.0	4978.6	-214.6	4527.7
62.56326	4723.0	4991.9	-268.9	4532.4
62.69695	4545.0	5004.7	-459.7	4537.4
62.83064	4498.0	5016.9	-518.9	4542.6
62.96434	4605.0	5028.1	-423.1	4548.0
63.09803	4745.0	5038.8	-293.8	4553.7
63.23172	4795.0	5049.1	-254.1	4559.6
63.36541	4713.0	5059.6	-346.6	4565.7
63.4991	4747.0	5069.8	-322.8	4572.0
63.63279	4705.0	5080.6	-375.6	4578.5
63.76648	4635.0	5091.5	-456.5	4585.2
63.90017	4675.0	5101.6	-426.6	4592.0
64.03385	4698.0	5109.9	-411.9	4599.0
64.16754	4668.0	5116.1	-448.1	4606.1
64.30123	4442.0	5121.0	-679.0	4613.3
64.43492	4653.0	5125.1	-472.1	4620.6
64.56861	4696.0	5129.5	-433.5	4628.0
64.7023	4705.0	5135.4	-430.4	4635.6
64.83599	4961.0	5143.6	-182.6	4643.1
64.96968	5096.0	5154.0	-58.0	4650.8
65.10338	5083.0	5166.6	-83.6	4658.6
65.23707	5144.0	5181.4	-37.4	4666.4
65.37076	5061.0	5198.3	-137.3	4674.3
65.50445	4777.0	5216.1	-439.1	4682.3
65.63814	5005.0	5234.6	-229.6	4690.3
65.77183	4959.0	5253.7	-294.7	4698.5
65.90552	4905.0	5272.8	-367.8	4706.7
66.03921	5062.0	5291.3	-229.3	4715.0
66.1729	5101.0	5307.7	-206.7	4723.4
66.30659	4873.0	5321.1	-448.1	4731.9
66.44028	5032.0	5331.9	-299.9	4740.4
66.57397	4960.0	5341.3	-381.3	4749.0
66.70766	5028.0	5350.7	-322.7	4757.7
66.84135	4847.0	5360.8	-513.8	4766.5
66.97504	5000.0	5372.4	-372.4	4775.3
67.10873	5082.0	5386.0	-304.0	4784.2
67.24242	5152.0	5401.7	-249.7	4793.2
67.37611	5229.0	5418.9	-189.9	4802.3
67.5098	5544.0	5437.5	106.5	4811.4
67.64349	5445.0	5457.4	-12.4	4820.6
67.77718	5764.0	5477.4	286.6	4829.9
67.91087	5698.0	5496.6	201.4	4839.3
68.04456	5948.0	5515.0	433.0	4848.7
68.17825	6016.0	5532.1	483.9	4858.3
68.31194	6252.0	5548.1	703.9	4867.8
68.44563	6221.0	5562.8	658.2	4877.5
68.57932	5967.0	5576.8	390.2	4887.2
68.71301	5707.0	5590.3	116.7	4897.0
68.84669	5649.0	5602.5	46.5	4906.9
68.98038	5768.0	5614.3	153.7	4916.9
69.11407	6225.0	5625.4	599.6	4926.9
69.24776	6029.0	5633.9	395.1	4937.0
69.38145	5876.0	5638.5	237.5	4947.2
69.51514	5835.0	5637.9	197.1	4957.4
69.64883	5987.0	5631.9	355.1	4967.7
69.78252	5995.0	5621.3	373.7	4978.1
69.91621	6235.0	5608.0	627.0	4988.5
70.0499	6302.0	5594.2	707.8	4999.0
70.18359	6301.0	5582.3	718.7	5009.6
70.31728	5848.0	5573.6	274.4	5020.2
70.45097	5850.0	5569.1	280.9	5031.0
70.58466	5525.0	5569.2	-44.2	5041.8
70.71835	5391.0	5572.5	-181.5	5052.6
70.85204	5290.0	5579.1	-289.1	5063.5
70.98573	5273.0	5587.3	-314.3	5074.5
71.11942	5470.0	5596.7	-126.7	5085.6
71.25311	5350.0	5607.4	-257.4	5096.7
71.3868	5323.0	5618.9	-295.9	5107.9
71.52049	5182.0	5630.4	-448.4	5119.1
71.65418	5490.0	5641.0	-151.0	5130.4
71.78787	5784.0	5650.9	133.1	5141.8
71.92156	5887.0	5660.0	227.0	5153.3
72.05525	6017.0	5667.9	349.1	5164.8
72.18894	6032.0	5674.9	357.1	5176.4
72.32263	6016.0	5680.8	335.2	5188.0
72.45632	6021.0	5685.8	335.2	5199.7
72.59001	6101.0	5688.6	412.4	5211.5
72.7237	6002.0	5688.9	313.1	5223.3
72.85739	6293.0	5686.8	606.2	5235.2
72.99108	6300.0	5682.5	617.5	5247.2
73.12477	6087.0	5676.9	410.1	5259.2
73.25846	6304.0	5670.7	633.3	5271.3
73.39215	5927.0	5664.7	262.3	5283.4
73.52585	5818.0	5660.3	157.7	5295.6
73.65954	5944.0	5657.8	286.2	5307.9
73.79323	5908.0	5658.3	249.7	5320.2
73.92692	5879.0	5661.2	217.8	5332.6
74.06061	5872.0	5666.8	205.2	5345.0
74.1943	5650.0	5674.5	-24.5	5357.5
74.32799	5910.0	5684.2	225.8	5370.1
74.46168	5748.0	5695.3	52.7	5382.7
74.59537	5953.0	5707.2	245.8	5395.4
74.72906	5995.0	5719.5	275.5	5408.2
74.86275	6003.0	5731.9	271.1	5421.0
74.99644	6035.0	5744.4	290.6	5433.8
75.13013	6276.0	5756.1	519.9	5446.7
75.26382	6062.0	5767.0	295.0	5459.7
75.39751	5944.0	5777.1	166.9	5472.7
75.5312	5723.0	5786.0	-63.0	5485.8
75.66489	5751.0	5793.0	-42.0	5499.0
75.79858	5698.0	5798.3	-100.3	5512.2
75.93227	5582.0	5802.1	-220.1	5525.4
76.06596	5650.0	5804.9	-154.9	5538.7
76.19965	5542.0	5807.3	-265.3	5552.1
76.33334	5483.0	5809.5	-326.5	5565.5
76.46703	5612.0	5812.0	-200.0	5579.0
76.60072	5552.0	5815.2	-263.2	5592.5
76.73441	5745.0	5819.8	-74.8	5606.1
76.8681	5675.0	5824.8	-149.8	5619.7
77.00179	5756.0	5831.0	-75.0	5633.4
77.13548	5885.0	5838.7	46.3	5647.1
77.26917	6170.0	5847.2	322.8	5660.8
77.40285	6208.0	5856.5	351.5	5674.5
77.53654	6344.0	5867.1	476.9	5688.3
77.67023	6604.0	5877.9	726.1	5702.0
77.80392	6611.0	5889.1	721.9	5715.7
77.93761	6665.0	5901.5	763.5	5729.5
78.0713	6545.0	5914.4	630.6	5743.2
78.20499	6333.0	5927.7	405.3	5756.8
78.33868	6341.0	5941.1	399.9	5770.4
78.47237	6777.0	5954.9	822.1	5784.0
78.60606	7298.0	5969.2	1328.9	5797.5
78.73975	7182.0	5983.8	1198.2	5811.0
78.87344	6816.0	5999.0	817.0	5824.4
79.00713	6563.0	6014.9	548.1	5837.7
79.14082	6357.0	6031.9	325.1	5850.9
79.27451	6337.0	6049.5	287.5	5864.1
79.4082	6127.0	6068.1	58.9	5877.1
79.54189	6207.0	6087.6	119.4	5890.0
79.67558	6181.0	6107.4	73.7	5902.8
79.80927	6145.0	6127.4	17.6	5915.5
79.94296	6193.0	6147.7	45.3	5928.0
80.07665	6334.0	6168.5	165.5	5940.5
80.21034	6390.0	6189.0	201.0	5952.7
80.34403	6508.0	6209.3	298.7	5964.8
80.47772	6340.0	6229.1	110.9	5976.8
80.61141	6488.0	6248.3	239.7	5988.5
80.7451	6438.0	6266.9	171.1	6000.1
80.87879	6661.0	6285.5	375.5	6011.6
81.01248	6589.0	6303.7	285.3	6022.8
81.14617	6641.0	6321.2	319.8	6033.9
81.27986	6884.0	6337.6	546.4	6044.8
81.41355	7300.0	6352.4	947.6	6055.5
81.54724	7450.0	6364.6	1085.4	6066.1
81.68093	7331.0	6375.2	955.8	6076.5
81.81462	7206.0	6383.3	822.7	6086.8
81.94831	7263.0	6388.4	874.6	6096.9
82.082	7114.0	6389.8	724.2	6106.8
82.2157	7042.0	6387.8	654.2	6116.6
82.34939	6803.0	6383.5	419.5	6126.3
82.48308	6709.0	6378.4	330.6	6135.8
82.61677	6541.0	6372.9	168.1	6145.1
82.75046	6673.0	6368.2	304.8	6154.4
82.88415	6418.0	6364.0	54.0	6163.4
83.01784	6530.0	6361.5	168.5	6172.4
83.15153	6338.0	6360.0	-22.0	6181.2
83.28522	6330.0	6360.2	-30.2	6189.9
83.41891	6394.0	6361.9	32.1	6198.4
83.5526	6559.0	6365.7	193.3	6206.8
83.68629	6749.0	6372.0	377.0	6215.1
83.81998	6715.0	6380.7	334.3	6223.3
83.95367	6470.0	6392.3	77.7	6231.4
84.08736	6533.0	6406.1	126.9	6239.3
84.22105	6379.0	6421.3	-42.3	6247.1
84.35474	6461.0	6437.9	23.1	6254.9
84.48843	6345.0	6455.2	-110.2	6262.5
84.62212	6261.0	6472.6	-211.6	6270.0
84.75581	6272.0	6489.7	-217.7	6277.4
84.8895	6342.0	6506.7	-164.7	6284.7
85.02319	6335.0	6523.3	-188.3	6291.9
85.15688	6293.0	6539.5	-246.5	6299.0
85.29057	6486.0	6554.9	-68.9	6306.1
85.42426	6669.0	6569.9	99.1	6313.1
85.55795	6581.0	6584.1	-3.1	6320.0
85.69164	6640.0	6597.3	42.7	6326.8
85.82533	6738.0	6608.3	129.7	6333.6
85.95901	6682.0	6617.1	64.9	6340.4
86.0927	6813.0	6623.1	189.9	6347.1
86.22639	6501.0	6626.8	-125.8	6353.8
86.36008	6522.0	6628.4	-106.4	6360.4
86.49377	6316.0	6628.7	-312.7	6367.1
86.62746	6445.0	6628.5	-183.5	6373.7
86.76115	6414.0	6628.6	-214.6	6380.3
86.89484	6477.0	6630.2	-153.2	6386.9
87.02853	6578.0	6633.3	-55.3	6393.5
87.16222	6424.0	6638.0	-214.0	6400.1
87.29591	6434.0	6644.9	-210.9	6406.8
87.4296	6427.0	6653.0	-226.0	6413.4
87.56329	6394.0	6661.9	-267.9	6420.1
87.69698	6371.0	6671.0	-300.0	6426.9
87.83067	6317.0	6680.3	-363.3	6433.6
87.96436	6410.0	6689.8	-279.8	6440.5
88.09805	6412.0	6698.4	-286.4	6447.4
88.23174	6383.0	6706.6	-323.6	6454.3
88.36543	6376.0	6713.9	-337.9	6461.3
88.49912	6447.0	6720.4	-273.4	6468.4
88.63281	6623.0	6726.1	-103.1	6475.6
88.7665	6561.0	6731.5	-170.5	6482.8
88.90019	6782.0	6737.8	44.2	6490.2
89.03388	6856.0	6744.9	111.1	6497.6
89.16757	7098.0	6753.5	344.5	6505.1
89.30126	7051.0	6764.0	287.0	6512.7
89.43495	7191.0	6776.4	414.6	6520.4
89.56864	7352.0	6790.2	561.8	6528.2
89.70233	7370.0	6805.1	564.9	6536.1
89.83602	7176.0	6820.5	355.5	6544.0
89.96971	7177.0	6835.7	341.3	6552.1
90.1034	7195.0	6850.2	344.8	6560.2
90.23709	7070.0	6863.6	206.4	6568.5
90.37078	7105.0	6876.0	229.0	6576.8
90.50447	7028.0	6886.7	141.3	6585.2
90.63817	6868.0	6895.9	-27.9	6593.7
90.77186	6900.0	6903.6	-3.6	6602.3
90.90555	6733.0	6909.4	-176.4	6611.0
91.03924	6927.0	6913.4	13.6	6619.8
91.17293	7114.0	6915.8	198.2	6628.6
91.30662	7147.0	6917.0	230.0	6637.6
91.44031	7331.0	6918.2	412.8	6646.6
91.574	6900.0	6919.5	-19.5	6655.8
91.70769	7022.0	6921.7	100.3	6665.0
91.84138	6804.0	6925.1	-121.1	6674.3
91.97507	6749.0	6930.5	-181.5	6683.8
92.10876	6720.0	6937.3	-217.3	6693.3
92.24245	6731.0	6945.9	-214.9	6702.9
92.37614	6813.0	6956.3	-143.3	6712.6
92.50983	6677.0	6966.9	-289.9	6722.4
92.64352	6843.0	6978.2	-135.2	6732.3
92.77721	6796.0	6989.9	-193.9	6742.3
92.9109	6936.0	7001.6	-65.6	6752.3
93.04459	7047.0	7013.9	33.1	6762.5
93.17828	6916.0	7026.7	-110.7	6772.8
93.31197	7102.0	7039.7	62.3	6783.2
93.44566	7021.0	7053.3	-32.3	6793.6
93.57935	6863.0	7067.0	-204.0	6804.2
93.71304	6949.0	7081.1	-132.1	6814.8
93.84673	6835.0	7094.6	-259.6	6825.6
93.98042	6780.0	7107.8	-327.8	6836.4
94.11411	6817.0	7119.6	-302.6	6847.4
94.2478	6877.0	7129.7	-252.7	6858.4
94.38148	7173.0	7138.2	34.8	6869.5
94.51517	7217.0	7144.9	72.1	6880.6
94.64886	7310.0	7150.6	159.4	6891.9
94.78255	7244.0	7155.3	88.7	6903.1
94.91624	7172.0	7159.7	12.3	6914.4
95.04993	7186.0	7164.6	21.4	6925.7
95.18362	6841.0	7170.3	-329.3	6937.1
95.31731	7304.0	7177.7	126.3	6948.4
95.451	7216.0	7186.4	29.6	6959.7
95.58469	7333.0	7196.8	136.2	6971.0
95.71838	7403.0	7208.9	194.1	6982.2
95.85207	7373.0	7222.6	150.4	6993.5
95.98576	7392.0	7237.3	154.7	7004.6
96.11945	7294.0	7252.6	41.4	7015.7
96.25314	7389.0	7268.5	120.5	7026.8
96.38683	7325.0	7284.4	40.6	7037.7
96.52052	7436.0	7299.6	136.4	7048.5
96.65421	7394.0	7313.8	80.2	7059.3
96.7879	7618.0	7326.9	291.1	7069.9
96.92159	7457.0	7338.1	118.9	7080.4
97.05528	7234.0	7347.7	-113.7	7090.7
97.18897	7313.0	7355.8	-42.8	7100.9
97.32266	6981.0	7362.8	-381.8	7111.0
97.45635	7000.0	7368.6	-368.6	7120.9
97.59004	7082.0	7374.0	-292.0	7130.5
97.72373	7197.0	7379.0	-182.0	7140.0
97.85742	7164.0	7384.0	-220.0	7149.3
97.99111	7203.0	7388.5	-185.5	7158.4
98.1248	7229.0	7392.3	-163.3	7167.3
98.25849	7224.0	7395.5	-171.5	7175.9
98.39218	7365.0	7397.9	-32.9	7184.2
98.52587	7252.0	7399.9	-147.9	7192.4
98.65956	7355.0	7401.4	-46.4	7200.2
98.79325	7160.0	7403.5	-243.5	7207.8
98.92694	7387.0	7406.9	-19.9	7215.1
99.06063	7200.0	7411.6	-211.6	7222.0
99.19432	7519.0	7418.2	100.8	7228.7
99.32802	7333.0	7426.6	-93.6	7235.1
99.46171	7389.0	7436.9	-47.9	7241.1
99.5954	7181.0	7448.7	-267.7	7246.7
99.72909	7233.0	7461.9	-228.9	7252.1
99.86278	7144.0	7475.9	-331.9	7257.0
99.99647	7352.0	7490.3	-138.3	7261.6
100.1302	7451.0	7505.2	-54.2	7265.8
100.2638	7647.0	7519.9	127.1	7269.7
100.3975	7579.0	7534.0	45.0	7273.4
100.5312	7535.0	7548.0	-13.0	7276.7
100.6649	7594.0	7561.8	32.2	7279.8
100.7986	7674.0	7575.5	98.5	7282.6
100.9323	7706.0	7588.8	117.2	7285.3
101.066	7734.0	7601.4	132.6	7287.7
101.1997	7817.0	7613.2	203.8	7290.1
101.3334	7804.0	7624.1	179.9	7292.2
101.4671	7719.0	7634.6	84.4	7294.3
101.6007	7825.0	7644.6	180.4	7296.3
101.7344	7941.0	7654.7	286.3	7298.3
101.8681	7886.0	7664.8	221.2	7300.2
102.0018	7821.0	7674.9	146.1	7302.1
102.1355	7851.0	7685.3	165.7	7304.0
102.2692	7738.0	7696.1	41.9	7306.0
102.4029	7807.0	7707.0	100.0	7308.0
102.5366	7552.0	7718.3	-166.3	7310.1
102.6703	7661.0	7730.1	-69.1	7312.4
102.804	7720.0	7742.8	-22.8	7314.8
102.9376	7530.0	7755.9	-225.9	7317.3
103.0713	7568.0	7769.2	-201.2	7320.0
103.205	7705.0	7782.7	-77.7	7323.0
103.3387	7567.0	7796.1	-229.1	7326.2
103.4724	7519.0	7809.9	-290.9	7329.6
103.6061	7897.0	7823.3	73.7	7333.4
103.7398	7783.0	7836.5	-53.5	7337.4
103.8735	7611.0	7849.9	-238.9	7341.8
104.0072	7590.0	7863.0	-273.0	7346.5
104.1409	7570.0	7875.7	-305.7	7351.7
104.2745	7595.0	7887.8	-292.8	7357.2
104.4082	7486.0	7899.8	-413.8	7363.2
104.5419	7540.0	7910.3	-370.3	7369.6
104.6756	7495.0	7919.4	-424.4	7376.5
104.8093	7393.0	7926.9	-533.9	7383.9
104.943	7493.0	7932.8	-439.8	7391.9
105.0767	7334.0	7937.7	-603.7	7400.4
105.2104	7349.0	7942.1	-593.1	7409.5
105.3441	7509.0	7945.3	-436.3	7419.1
105.4778	7717.0	7948.4	-231.4	7429.3
105.6114	7635.0	7950.9	-315.9	7440.0
105.7451	7807.0	7953.8	-146.8	7451.2
105.8788	7696.0	7957.0	-261.0	7462.9
106.0125	7706.0	7960.8	-254.8	7475.0
106.1462	7628.0	7965.5	-337.5	7487.5
106.2799	7699.0	7971.4	-272.4	7500.5
106.4136	7748.0	7978.6	-230.6	7513.8
106.5473	7819.0	7987.3	-168.3	7527.5
106.681	7899.0	7997.1	-98.1	7541.5
106.8147	7884.0	8007.8	-123.8	7555.9
106.9483	7787.0	8019.3	-232.3	7570.5
107.082	7849.0	8031.3	-182.3	7585.4
107.2157	7731.0	8043.5	-312.5	7600.6
107.3494	7876.0	8055.2	-179.2	7616.0
107.4831	7824.0	8067.3	-243.3	7631.6
107.6168	7980.0	8078.9	-98.9	7647.3
107.7505	7920.0	8091.3	-171.3	7663.3
107.8842	7922.0	8103.8	-181.8	7679.4
108.0179	7953.0	8116.7	-163.7	7695.6
108.1516	8050.0	8130.1	-80.1	7711.9
108.2852	7914.0	8144.0	-230.0	7728.2
108.4189	7758.0	8157.9	-399.9	7744.6
108.5526	7873.0	8171.8	-298.8	7761.1
108.6863	7849.0	8185.7	-336.7	7777.5
108.82	8009.0	8198.7	-189.7	7794.0
108.9537	7829.0	8211.0	-382.0	7810.4
109.0874	7848.0	8222.2	-374.2	7826.7
109.2211	7930.0	8232.0	-302.0	7843.0
109.3548	7987.0	8240.3	-253.3	7859.2
109.4885	7894.0	8246.9	-352.9	7875.2
109.6221	7806.0	8252.5	-446.5	7891.1
109.7558	7887.0	8256.4	-369.4	7906.8
109.8895	8059.0	8259.2	-200.2	7922.4
110.0232	7950.0	8261.0	-311.0	7937.8
110.1569	8067.0	8262.2	-195.2	7953.0
110.2906	7867.0	8263.3	-396.3	7968.1
110.4243	8119.0	8264.3	-145.3	7983.0
110.558	8073.0	8265.6	-192.6	7997.7
110.6917	7928.0	8267.3	-339.3	8012.3
110.8254	8009.0	8269.9	-260.9	8026.8
110.959	8050.0	8273.4	-223.4	8041.1
111.0927	8031.0	8278.5	-247.5	8055.3
111.2264	8251.0	8284.3	-33.3	8069.3
111.3601	8009.0	8291.6	-282.6	8083.1
111.4938	8150.0	8300.2	-150.2	8096.9
111.6275	8235.0	8310.8	-75.8	8110.4
111.7612	8398.0	8323.1	74.9	8123.9
111.8949	8242.0	8337.1	-95.1	8137.2
112.0286	8542.0	8352.7	189.3	8150.4
112.1623	8284.0	8370.5	-86.5	8163.4
112.2959	8436.0	8389.7	46.3	8176.4
112.4296	8424.0	8410.5	13.5	8189.2
112.5633	8431.0	8432.1	-1.1	8201.9
112.697	8549.0	8454.4	94.6	8214.4
112.8307	8412.0	8477.0	-65.0	8226.9
112.9644	9017.0	8499.5	517.5	8239.2
113.0981	9262.0	8521.6	740.4	8251.4
113.2318	9313.0	8542.5	770.5	8263.5
113.3655	9101.0	8562.5	538.5	8275.5
113.4992	9430.0	8580.8	849.2	8287.4
113.6328	9336.0	8597.2	738.8	8299.1
113.7665	9369.0	8611.2	757.8	8310.8
113.9002	9046.0	8622.8	423.2	8322.4
114.0339	9020.0	8632.5	387.5	8333.8
114.1676	9051.0	8640.4	410.6	8345.2
114.3013	8819.0	8646.8	172.2	8356.5
114.435	8812.0	8652.5	159.5	8367.7
114.5687	8948.0	8657.7	290.3	8378.8
114.7024	8747.0	8662.4	84.6	8389.8
114.8361	8691.0	8668.0	23.0	8400.7
114.9697	8517.0	8673.7	-156.7	8411.5
115.1034	8408.0	8679.4	-271.4	8422.3
115.2371	8500.0	8685.3	-185.3	8433.0
115.3708	8675.0	8691.2	-16.2	8443.6
115.5045	8526.0	8696.8	-170.8	8454.1
115.6382	8681.0	8702.2	-21.2	8464.6
115.7719	8569.0	8707.5	-138.5	8475.0
115.9056	8665.0	8712.0	-47.0	8485.3
116.0393	8874.0	8716.2	157.8	8495.5
116.173	8867.0	8719.3	147.7	8505.7
116.3066	8729.0	8721.8	7.2	8515.8
116.4403	8668.0	8723.9	-55.9	8525.9
116.574	8807.0	8725.6	81.4	8535.9
116.7077	8875.0	8727.7	147.3	8545.9
116.8414	8998.0	8730.0	268.0	8555.8
116.9751	8964.0	8733.2	230.8	8565.6
117.1088	8962.0	8738.0	224.0	8575.4
117.2425	9064.0	8744.4	319.6	8585.2
117.3762	9063.0	8752.2	310.8	8594.9
117.5099	9026.0	8762.8	263.2	8604.6
117.6435	9069.0	8775.4	293.6	8614.2
117.7772	9030.0	8790.7	239.3	8623.8
117.9109	9010.0	8807.9	202.1	8633.4
118.0446	9307.0	8827.4	479.6	8642.9
118.1783	9192.0	8848.2	343.8	8652.4
118.312	9551.0	8870.2	680.8	8661.8
118.4457	9687.0	8892.6	794.4	8671.3
118.5794	9537.0	8915.1	621.9	8680.7
118.7131	9675.0	8936.8	738.2	8690.1
118.8468	9754.0	8957.1	796.9	8699.5
118.9804	9617.0	8975.3	641.7	8708.8
119.1141	9606.0	8990.9	615.1	8718.2
119.2478	9430.0	9003.3	426.7	8727.5
119.3815	9251.0	9012.2	238.8	8736.8
119.5152	9260.0	9017.7	242.3	8746.1
119.6489	9139.0	9020.3	118.7	8755.4
119.7826	9016.0	9020.3	-4.3	8764.7
119.9163	9044.0	9018.2	25.8	8774.0
