20251104_HM483La5Al3Co2_chiAC_vs_T_B_1T.003.txt Tue, Nov 4, 2025 2:26:05 PM Gabriele
Magnet: None
Trigger spacing of 0.010000 on column #3
Offsets:	0.000000000E+0	0.000000000E+0	0.000000000E+0	0.000000000E+0	0.000000000E+0

Scale Factors:	1.000000000E+0	1.000000000E+0	1.000000000E+0	1.000000000E+0	1.000000000E+0


Lockin_V_003	Chan2_V_003	Temperature_003	Field_003	Timestamp_003
0.000000000E+0	-5.066430000E-7	8.001000000E+0	9.999537109E+3	2.300000000E-2
2.235190000E-8	-5.364450000E-7	7.990200000E+0	9.999537109E+3	3.823200000E+1
-3.725310000E-8	-3.501790000E-7	7.977900000E+0	9.999537109E+3	3.987800000E+1
2.905740000E-7	-6.705560000E-7	7.966100000E+0	9.999537109E+3	4.107600000E+1
-1.862650000E-7	-5.215440000E-7	7.952400000E+0	9.999537109E+3	4.237300000E+1
2.756730000E-7	-4.768410000E-7	7.938500000E+0	9.999537109E+3	4.358600000E+1
2.086170000E-7	-2.235190000E-8	7.926500000E+0	9.999537109E+3	4.478200000E+1
2.384200000E-7	7.450640000E-9	7.914700000E+0	9.999537109E+3	4.638900000E+1
5.215430000E-8	-1.043090000E-7	7.901300000E+0	9.999537109E+3	4.798000000E+1
-1.341110000E-7	-3.650800000E-7	7.889500000E+0	9.999537109E+3	4.938500000E+1
3.650800000E-7	-4.321350000E-7	7.876700000E+0	9.999537109E+3	5.092700000E+1
4.395860000E-7	-3.427290000E-7	7.864800000E+0	9.999537109E+3	5.253100000E+1
1.639140000E-7	-5.215430000E-8	7.853900000E+0	9.999537109E+3	5.391900000E+1
-1.490130000E-8	-5.736980000E-7	7.843200000E+0	9.999537109E+3	5.509900000E+1
3.725310000E-7	-2.533220000E-7	7.829900000E+0	9.999537109E+3	5.664700000E+1
2.533220000E-7	-5.215430000E-8	7.816400000E+0	9.999537109E+3	5.824100000E+1
-6.705570000E-8	-4.842910000E-7	7.805400000E+0	9.999537109E+3	5.942200000E+1
0.000000000E+0	-2.235180000E-7	7.795200000E+0	9.999537109E+3	6.070100000E+1
3.799810000E-7	-3.576300000E-7	7.782200000E+0	9.999537109E+3	6.223000000E+1
4.246850000E-7	-4.991930000E-7	7.769100000E+0	9.999537109E+3	6.383900000E+1
4.097840000E-7	-3.799810000E-7	7.755400000E+0	9.999537109E+3	6.544600000E+1
3.427290000E-7	-1.341110000E-7	7.744400000E+0	9.999537109E+3	6.667200000E+1
3.650800000E-7	-2.831240000E-7	7.731600000E+0	9.999537109E+3	6.831000000E+1
-1.713640000E-7	-1.490130000E-7	7.721500000E+0	9.999537109E+3	6.949500000E+1
1.564630000E-7	-6.258520000E-7	7.710000000E+0	9.999537109E+3	7.105100000E+1
3.799810000E-7	-4.544870000E-7	7.698800000E+0	9.999537109E+3	7.227400000E+1
4.395860000E-7	-3.576300000E-7	7.685400000E+0	9.999537109E+3	7.388400000E+1
3.650800000E-7	-1.341110000E-7	7.672200000E+0	9.999537109E+3	7.548000000E+1
-1.117590000E-7	-3.799810000E-7	7.661100000E+0	9.999537109E+3	7.664900000E+1
4.246850000E-7	-1.639140000E-7	7.650900000E+0	9.999537109E+3	7.781000000E+1
3.948830000E-7	-4.544870000E-7	7.637400000E+0	9.999537109E+3	7.946000000E+1
3.054760000E-7	-1.490130000E-7	7.625000000E+0	9.999537109E+3	8.102800000E+1
4.246850000E-7	-3.501790000E-7	7.613100000E+0	9.999537109E+3	8.267200000E+1
-8.940740000E-8	-4.023330000E-7	7.601900000E+0	9.999537109E+3	8.382400000E+1
-5.215430000E-8	-2.309690000E-7	7.589400000E+0	9.999537109E+3	8.545500000E+1
4.321350000E-7	-3.874320000E-7	7.579100000E+0	9.999537109E+3	8.662400000E+1
2.831240000E-7	-7.450630000E-8	7.567100000E+0	9.999537109E+3	8.784000000E+1
-1.117590000E-7	-3.725310000E-7	7.556900000E+0	9.999537109E+3	8.902900000E+1
1.639140000E-7	-5.513470000E-7	7.546300000E+0	9.999537109E+3	9.024900000E+1
4.693880000E-7	-4.097840000E-7	7.535600000E+0	9.999537109E+3	9.182500000E+1
2.905740000E-7	-5.960510000E-8	7.525500000E+0	9.999537109E+3	9.303700000E+1
1.564630000E-7	-1.043090000E-7	7.513800000E+0	9.999537109E+3	9.463900000E+1
2.533220000E-7	-1.117590000E-7	7.502700000E+0	9.999537109E+3	9.591400000E+1
2.682230000E-7	-5.587970000E-7	7.491900000E+0	9.999537109E+3	9.704600000E+1
3.650800000E-7	-1.415620000E-7	7.478400000E+0	9.999537109E+3	9.862000000E+1
4.172340000E-7	-2.011670000E-7	7.466400000E+0	9.999537109E+3	9.988200000E+1
-1.192100000E-7	-2.831240000E-7	7.454100000E+0	9.999537109E+3	1.014170000E+2
-8.940740000E-8	-2.980250000E-7	7.440700000E+0	9.999537109E+3	1.030330000E+2
-2.980250000E-8	-5.066430000E-7	7.428500000E+0	9.999537109E+3	1.046160000E+2
-8.940740000E-8	-3.501790000E-7	7.416800000E+0	9.999537109E+3	1.062530000E+2
7.450630000E-8	-5.736980000E-7	7.405800000E+0	9.999537109E+3	1.074790000E+2
2.235180000E-7	-5.215430000E-8	7.395000000E+0	9.999537109E+3	1.086470000E+2
3.725310000E-8	-6.407540000E-7	7.384300000E+0	9.999537109E+3	1.100010000E+2
-1.415620000E-7	-2.905740000E-7	7.372300000E+0	9.999537109E+3	1.112900000E+2
1.043090000E-7	-6.035010000E-7	7.361500000E+0	9.999537109E+3	1.125030000E+2
-4.470370000E-8	-4.470370000E-7	7.351100000E+0	9.999537109E+3	1.139540000E+2
-1.415620000E-7	-3.874320000E-7	7.339100000E+0	9.999537109E+3	1.152210000E+2
3.725310000E-7	-3.203770000E-7	7.326200000E+0	9.999537109E+3	1.167540000E+2
1.490130000E-7	-5.736980000E-7	7.315800000E+0	9.999537109E+3	1.182380000E+2
-3.725310000E-8	-4.768410000E-7	7.302000000E+0	9.999537109E+3	1.198800000E+2
1.862650000E-7	-1.341110000E-7	7.290300000E+0	9.999537109E+3	1.211980000E+2
-5.960510000E-8	-5.513470000E-7	7.280200000E+0	9.999537109E+3	1.225630000E+2
-5.960510000E-8	-3.427290000E-7	7.267800000E+0	9.999537109E+3	1.238380000E+2
3.576300000E-7	-5.066430000E-7	7.257200000E+0	9.999537109E+3	1.250360000E+2
3.576300000E-7	-1.937160000E-7	7.245400000E+0	9.999537109E+3	1.266000000E+2
4.172340000E-7	-4.544870000E-7	7.235000000E+0	9.999537109E+3	1.277080000E+2
3.054760000E-7	-5.066430000E-7	7.223200000E+0	9.999537109E+3	1.291620000E+2
0.000000000E+0	-5.960500000E-7	7.211800000E+0	9.999537109E+3	1.308040000E+2
0.000000000E+0	-1.564630000E-7	7.199300000E+0	9.999537109E+3	1.321130000E+2
4.023330000E-7	-5.886000000E-7	7.188600000E+0	9.999537109E+3	1.334540000E+2
-6.705570000E-8	-3.427290000E-7	7.177600000E+0	9.999537109E+3	1.347820000E+2
-7.450640000E-9	-5.289950000E-7	7.166100000E+0	9.999537109E+3	1.360190000E+2
-2.235190000E-8	-5.960510000E-8	7.153300000E+0	9.999537109E+3	1.375050000E+2
1.713640000E-7	-6.035010000E-7	7.143000000E+0	9.999537109E+3	1.386810000E+2
-1.415620000E-7	-3.650800000E-7	7.129900000E+0	9.999537109E+3	1.405240000E+2
-6.705570000E-8	-3.278270000E-7	7.117600000E+0	9.999537109E+3	1.421350000E+2
3.948830000E-7	-2.160680000E-7	7.104400000E+0	9.999537109E+3	1.434700000E+2
-8.195680000E-8	-3.278270000E-7	7.094200000E+0	9.999537109E+3	1.448280000E+2
2.011670000E-7	-8.195680000E-8	7.083800000E+0	9.999537109E+3	1.461370000E+2
1.564630000E-7	-6.109510000E-7	7.071200000E+0	9.999537109E+3	1.473000000E+2
9.685800000E-8	-1.415620000E-7	7.058100000E+0	9.999537109E+3	1.488030000E+2
-2.980250000E-8	-1.192100000E-7	7.043900000E+0	9.999537109E+3	1.505970000E+2
2.309690000E-7	7.450640000E-9	7.033600000E+0	9.999537109E+3	1.518720000E+2
0.000000000E+0	-4.544870000E-7	7.021400000E+0	9.999537109E+3	1.536030000E+2
4.395860000E-7	-4.470370000E-7	7.008200000E+0	9.999537109E+3	1.553390000E+2
-1.341110000E-7	-4.097840000E-7	6.996800000E+0	9.999537109E+3	1.566600000E+2
3.799810000E-7	-3.799810000E-7	6.983700000E+0	9.999537109E+3	1.578520000E+2
-6.705570000E-8	-3.576300000E-7	6.970300000E+0	9.999537109E+3	1.593640000E+2
2.458710000E-7	-6.035010000E-7	6.959800000E+0	9.999537109E+3	1.605670000E+2
-7.450630000E-8	-2.011670000E-7	6.947700000E+0	9.999537109E+3	1.624300000E+2
3.278270000E-7	-5.513470000E-7	6.937500000E+0	9.999537109E+3	1.636100000E+2
-6.705570000E-8	-1.713640000E-7	6.926600000E+0	9.999537109E+3	1.649450000E+2
2.533220000E-7	-6.109510000E-7	6.914500000E+0	9.999537109E+3	1.663040000E+2
7.450630000E-8	-8.940740000E-8	6.902500000E+0	9.999537109E+3	1.676410000E+2
8.195680000E-8	-5.215430000E-8	6.890500000E+0	9.999537109E+3	1.694530000E+2
2.533220000E-7	-5.886000000E-7	6.877400000E+0	9.999537109E+3	1.707880000E+2
0.000000000E+0	-6.035010000E-7	6.865400000E+0	9.999537109E+3	1.720610000E+2
-2.235190000E-8	-4.693880000E-7	6.855000000E+0	9.999537109E+3	1.733290000E+2
3.352780000E-7	-1.490130000E-8	6.844000000E+0	9.999537109E+3	1.746710000E+2
3.352780000E-7	0.000000000E+0	6.832900000E+0	9.999537109E+3	1.762790000E+2
4.172340000E-7	-5.364450000E-7	6.818700000E+0	9.999537109E+3	1.777640000E+2
1.639140000E-7	-5.215430000E-8	6.806200000E+0	9.999537109E+3	1.793230000E+2
-1.788150000E-7	-3.054760000E-7	6.793800000E+0	9.999537109E+3	1.808940000E+2
2.533220000E-7	-1.788150000E-7	6.781300000E+0	9.999537109E+3	1.820230000E+2
3.054760000E-7	-6.407540000E-7	6.769200000E+0	9.999537109E+3	1.833410000E+2
3.576300000E-7	-4.470370000E-7	6.757300000E+0	9.999537109E+3	1.853240000E+2
-1.043090000E-7	-3.203770000E-7	6.746500000E+0	9.999537109E+3	1.864490000E+2
2.831240000E-7	-1.341110000E-7	6.732500000E+0	9.999537109E+3	1.882990000E+2
7.450630000E-8	-1.713640000E-7	6.721500000E+0	9.999537109E+3	1.895420000E+2
5.960510000E-8	-1.341110000E-7	6.709800000E+0	9.999537109E+3	1.907970000E+2
-8.940740000E-8	-2.086170000E-7	6.697400000E+0	9.999537109E+3	1.925670000E+2
3.129260000E-7	-5.736980000E-7	6.683900000E+0	9.999537109E+3	1.939240000E+2
2.533220000E-7	-4.842910000E-7	6.672600000E+0	9.999537109E+3	1.951880000E+2
1.788150000E-7	-5.960510000E-8	6.660900000E+0	9.999537109E+3	1.965550000E+2
3.650800000E-7	-5.066430000E-7	6.648500000E+0	9.999537109E+3	1.984000000E+2
3.129260000E-7	-1.564630000E-7	6.637500000E+0	9.999537109E+3	1.996150000E+2
1.639140000E-7	-6.407540000E-7	6.623700000E+0	9.999537109E+3	2.014790000E+2
3.650800000E-7	-1.937160000E-7	6.611800000E+0	9.999537109E+3	2.026730000E+2
-3.725310000E-8	-2.831240000E-7	6.599900000E+0	9.999537109E+3	2.040360000E+2
4.097840000E-7	-4.172340000E-7	6.587600000E+0	9.999537109E+3	2.052090000E+2
2.309690000E-7	-6.705570000E-8	6.575300000E+0	9.999537109E+3	2.071360000E+2
1.117590000E-7	-6.035010000E-7	6.564100000E+0	9.999537109E+3	2.082940000E+2
1.117590000E-7	-1.192100000E-7	6.553200000E+0	9.999537109E+3	2.098060000E+2
-1.192100000E-7	-3.427290000E-7	6.542400000E+0	9.999537109E+3	2.110230000E+2
-1.117590000E-7	-2.309690000E-7	6.530100000E+0	9.999537109E+3	2.122860000E+2
-6.705570000E-8	-1.564630000E-7	6.519900000E+0	9.999537109E+3	2.139160000E+2
-1.415620000E-7	-9.685800000E-8	6.506600000E+0	9.999537109E+3	2.153590000E+2
4.917420000E-7	-2.756730000E-7	6.493000000E+0	9.999537109E+3	2.170340000E+2
-7.450630000E-8	-2.533220000E-7	6.481000000E+0	9.999537109E+3	2.180240000E+2
3.799810000E-7	-3.054760000E-7	6.470800000E+0	9.999537109E+3	2.193750000E+2
-2.235190000E-8	-6.333030000E-7	6.460200000E+0	9.999537109E+3	2.206840000E+2
4.023330000E-7	-3.203770000E-7	6.448400000E+0	9.999537109E+3	2.224140000E+2
-1.341110000E-7	-3.427290000E-7	6.436000000E+0	9.999537109E+3	2.237620000E+2
1.862650000E-7	-2.235190000E-8	6.425600000E+0	9.999537109E+3	2.250790000E+2
-8.940740000E-8	-2.607720000E-7	6.413500000E+0	9.999537109E+3	2.262870000E+2
5.215430000E-8	-1.639140000E-7	6.403100000E+0	9.999537109E+3	2.273850000E+2
1.266610000E-7	-2.980250000E-8	6.393100000E+0	9.999537109E+3	2.290130000E+2
1.043090000E-7	-2.235190000E-8	6.381500000E+0	9.999537109E+3	2.302680000E+2
5.215430000E-8	-6.184020000E-7	6.370700000E+0	9.999537109E+3	2.316240000E+2
-1.490130000E-8	-7.450640000E-9	6.358600000E+0	9.999537109E+3	2.329500000E+2
-2.235190000E-8	-4.470370000E-7	6.346200000E+0	9.999537109E+3	2.343370000E+2
1.341110000E-7	-3.725310000E-8	6.335900000E+0	9.999537109E+3	2.356530000E+2
3.725310000E-7	-8.195680000E-8	6.325800000E+0	9.999537109E+3	2.371100000E+2
-1.117590000E-7	-3.427290000E-7	6.315700000E+0	9.999537109E+3	2.382970000E+2
0.000000000E+0	-5.289950000E-7	6.304300000E+0	9.999537109E+3	2.395260000E+2
7.450640000E-9	-8.940740000E-8	6.293600000E+0	9.999537109E+3	2.408330000E+2
-9.685800000E-8	-2.831240000E-7	6.283200000E+0	9.999537109E+3	2.424200000E+2
-5.960510000E-8	-8.940740000E-8	6.269300000E+0	9.999537109E+3	2.435220000E+2
-1.192100000E-7	-1.788150000E-7	6.258200000E+0	9.999537109E+3	2.449520000E+2
2.458710000E-7	-6.705570000E-8	6.245700000E+0	9.999537109E+3	2.466070000E+2
2.607720000E-7	-4.470370000E-7	6.235100000E+0	9.999537109E+3	2.479270000E+2
2.756730000E-7	-4.842910000E-7	6.220600000E+0	9.999537109E+3	2.497130000E+2
2.309690000E-7	-5.364450000E-7	6.208400000E+0	9.999537109E+3	2.509800000E+2
4.619380000E-7	-3.129260000E-7	6.197600000E+0	9.999537109E+3	2.525620000E+2
3.725310000E-8	-5.066430000E-7	6.184200000E+0	9.999537109E+3	2.540620000E+2
-3.725310000E-8	-5.960510000E-8	6.171100000E+0	9.999537109E+3	2.553710000E+2
4.097840000E-7	-2.980250000E-7	6.159300000E+0	9.999537109E+3	2.566890000E+2
4.246850000E-7	-2.458710000E-7	6.147100000E+0	9.999537109E+3	2.584740000E+2
-1.788150000E-7	-3.054760000E-7	6.136900000E+0	9.999537109E+3	2.598370000E+2
2.384200000E-7	-1.788150000E-7	6.123600000E+0	9.999537109E+3	2.611470000E+2
-5.215430000E-8	-3.799810000E-7	6.111800000E+0	9.999537109E+3	2.626890000E+2
-8.940740000E-8	-2.384200000E-7	6.101700000E+0	9.999537109E+3	2.637730000E+2
-4.470370000E-8	-4.768410000E-7	6.088600000E+0	9.999537109E+3	2.655490000E+2
7.450630000E-8	-5.960510000E-8	6.076000000E+0	9.999537109E+3	2.668610000E+2
4.321350000E-7	-4.246850000E-7	6.062300000E+0	9.999537109E+3	2.685400000E+2
4.544870000E-7	-6.333030000E-7	6.050300000E+0	9.999537109E+3	2.701740000E+2
6.184020000E-7	-2.682230000E-7	6.037300000E+0	9.999537109E+3	2.712170000E+2
7.450640000E-9	-4.544870000E-7	6.025200000E+0	9.999537109E+3	2.730880000E+2
1.192100000E-7	-6.482040000E-7	6.014700000E+0	9.999537109E+3	2.743290000E+2
2.533220000E-7	-8.195680000E-8	6.004700000E+0	9.999537109E+3	2.756770000E+2
4.321350000E-7	-4.619380000E-7	5.991800000E+0	9.999537109E+3	2.769670000E+2
-8.195680000E-8	-2.905740000E-7	5.980200000E+0	9.999537109E+3	2.783070000E+2
4.246850000E-7	-3.874320000E-7	5.969400000E+0	9.999537109E+3	2.796560000E+2
-9.685800000E-8	-4.768410000E-7	5.955900000E+0	9.999537109E+3	2.813420000E+2
2.533220000E-7	-5.364450000E-7	5.943900000E+0	9.999537109E+3	2.827300000E+2
1.564630000E-7	-5.215440000E-7	5.932900000E+0	9.999537109E+3	2.840070000E+2
-1.415620000E-7	-3.874320000E-7	5.919800000E+0	9.999537109E+3	2.858360000E+2
-1.490130000E-8	-7.450630000E-8	5.907100000E+0	9.999537109E+3	2.871240000E+2
3.278270000E-7	-1.937160000E-7	5.895400000E+0	9.999537109E+3	2.884290000E+2
-1.043090000E-7	-4.395860000E-7	5.881300000E+0	9.999537109E+3	2.903100000E+2
1.937160000E-7	-4.842910000E-7	5.869300000E+0	9.999537109E+3	2.918740000E+2
-7.450630000E-8	-1.937160000E-7	5.854900000E+0	9.999537109E+3	2.933790000E+2
4.395860000E-7	-3.948830000E-7	5.842000000E+0	9.999537109E+3	2.950880000E+2
3.352780000E-7	-1.564630000E-7	5.831200000E+0	9.999537109E+3	2.963230000E+2
3.650800000E-7	-1.415620000E-7	5.816800000E+0	9.999537109E+3	2.977540000E+2
-5.960510000E-8	-3.352780000E-7	5.804300000E+0	9.999537109E+3	2.996600000E+2
3.352780000E-7	-4.619380000E-7	5.792200000E+0	9.999537109E+3	3.008360000E+2
-1.490130000E-8	-1.490130000E-7	5.780300000E+0	9.999537109E+3	3.025440000E+2
2.309690000E-7	-5.513470000E-7	5.768700000E+0	9.999537109E+3	3.039070000E+2
-1.043090000E-7	-3.278270000E-7	5.756900000E+0	9.999537109E+3	3.052120000E+2
-2.235180000E-7	-4.917420000E-7	5.744700000E+0	9.999537109E+3	3.066470000E+2
2.458710000E-7	-8.195680000E-8	5.734500000E+0	9.999537109E+3	3.076130000E+2
9.685800000E-8	3.725310000E-8	5.723000000E+0	9.999537109E+3	3.092000000E+2
-8.940740000E-8	-3.576300000E-7	5.710400000E+0	9.999537109E+3	3.109550000E+2
0.000000000E+0	-3.203770000E-7	5.696200000E+0	9.999537109E+3	3.125530000E+2
-2.235190000E-8	-4.693880000E-7	5.683400000E+0	9.999537109E+3	3.141790000E+2
2.533220000E-7	-1.341110000E-7	5.671000000E+0	9.999537109E+3	3.155110000E+2
3.054760000E-7	-4.470370000E-7	5.660200000E+0	9.999537109E+3	3.169790000E+2
3.352780000E-7	-5.140940000E-7	5.649400000E+0	9.999537109E+3	3.178850000E+2
3.203770000E-7	-5.587970000E-7	5.635600000E+0	9.999537109E+3	3.195130000E+2
3.576300000E-7	-1.341110000E-7	5.622500000E+0	9.999537109E+3	3.216140000E+2
4.991930000E-7	-3.278270000E-7	5.611300000E+0	9.999537109E+3	3.228800000E+2
3.948830000E-7	-5.438960000E-7	5.598500000E+0	9.999537109E+3	3.245230000E+2
3.874320000E-7	-1.639140000E-7	5.585600000E+0	9.999537109E+3	3.257390000E+2
3.352780000E-7	-9.685800000E-8	5.575400000E+0	9.999537109E+3	3.268100000E+2
1.043090000E-7	-8.195680000E-8	5.562900000E+0	9.999537109E+3	3.285740000E+2
1.639140000E-7	-5.736980000E-7	5.547700000E+0	9.999537109E+3	3.302840000E+2
7.450640000E-9	-4.693880000E-7	5.536900000E+0	9.999537109E+3	3.317570000E+2
4.023330000E-7	-3.203770000E-7	5.521900000E+0	9.999537109E+3	3.334790000E+2
4.842910000E-7	-4.321350000E-7	5.509700000E+0	9.999537109E+3	3.347420000E+2
3.799810000E-7	-8.940740000E-8	5.497000000E+0	9.999537109E+3	3.363190000E+2
-1.117590000E-7	-3.129260000E-7	5.483500000E+0	9.999537109E+3	3.384040000E+2
-6.705570000E-8	-5.140940000E-7	5.470300000E+0	9.999537109E+3	3.396420000E+2
2.607720000E-7	-6.556550000E-7	5.457100000E+0	9.999537109E+3	3.412240000E+2
2.533220000E-7	-7.450640000E-9	5.444700000E+0	9.999537109E+3	3.425840000E+2
2.086170000E-7	5.215430000E-8	5.434600000E+0	9.999537109E+3	3.436590000E+2
1.490130000E-8	-5.140940000E-7	5.422700000E+0	9.999537109E+3	3.453760000E+2
1.788150000E-7	-5.960510000E-8	5.411600000E+0	9.999537109E+3	3.465290000E+2
0.000000000E+0	-1.490130000E-7	5.400600000E+0	9.999537109E+3	3.481160000E+2
2.384200000E-7	-4.768410000E-7	5.388900000E+0	9.999537109E+3	3.494850000E+2
4.246850000E-7	-4.693880000E-7	5.374500000E+0	9.999537109E+3	3.510640000E+2
1.415620000E-7	-5.140940000E-7	5.360400000E+0	9.999537109E+3	3.525420000E+2
-2.235190000E-8	-4.619380000E-7	5.349600000E+0	9.999537109E+3	3.539960000E+2
3.725310000E-8	-8.940740000E-8	5.337500000E+0	9.999537109E+3	3.554890000E+2
-1.490130000E-8	-5.736980000E-7	5.326400000E+0	9.999537109E+3	3.572120000E+2
4.321350000E-7	-2.607720000E-7	5.313200000E+0	9.999537109E+3	3.584110000E+2
2.235180000E-7	-5.140940000E-7	5.300900000E+0	9.999537109E+3	3.600440000E+2
1.341110000E-7	-5.140940000E-7	5.288100000E+0	9.999537109E+3	3.613230000E+2
9.685800000E-8	-5.736980000E-7	5.277900000E+0	9.999537109E+3	3.624000000E+2
2.235180000E-7	-4.917420000E-7	5.266200000E+0	9.999537109E+3	3.641890000E+2
3.874320000E-7	-6.705570000E-8	5.255700000E+0	9.999537109E+3	3.653750000E+2
-6.705570000E-8	-2.756730000E-7	5.244100000E+0	9.999537109E+3	3.669300000E+2
-1.192100000E-7	-3.650800000E-7	5.231400000E+0	9.999537109E+3	3.683600000E+2
4.842910000E-7	-1.117590000E-7	5.221100000E+0	9.999537109E+3	3.693330000E+2
3.948830000E-7	-5.364450000E-7	5.209600000E+0	9.999537109E+3	3.708100000E+2
-1.266610000E-7	-4.172340000E-7	5.193800000E+0	9.999537109E+3	3.728330000E+2
2.607720000E-7	-5.215430000E-8	5.180600000E+0	9.999537109E+3	3.743440000E+2
4.097840000E-7	-2.309690000E-7	5.169400000E+0	9.999537109E+3	3.759900000E+2
3.948830000E-7	-4.023330000E-7	5.156400000E+0	9.999537109E+3	3.772550000E+2
3.799810000E-7	-4.172340000E-7	5.132400000E+0	9.999537109E+3	3.801430000E+2
3.576300000E-7	-4.544870000E-7	5.121200000E+0	9.999537109E+3	3.817510000E+2
1.117590000E-7	-4.917420000E-7	5.111000000E+0	9.999537109E+3	3.826840000E+2
-1.490130000E-8	-1.341110000E-7	5.098400000E+0	9.999537109E+3	3.841640000E+2
-4.470370000E-8	-4.023330000E-7	5.085100000E+0	9.999537109E+3	3.857540000E+2
2.160680000E-7	-1.192100000E-7	5.072600000E+0	9.999537109E+3	3.870750000E+2
7.450640000E-9	-1.862650000E-7	5.060800000E+0	9.999537109E+3	3.886590000E+2
5.960510000E-8	-2.011670000E-7	5.050700000E+0	9.999537109E+3	3.902570000E+2
4.172340000E-7	-4.470370000E-7	5.037200000E+0	9.999537109E+3	3.916080000E+2
2.533220000E-7	-6.109510000E-7	5.024200000E+0	9.999537109E+3	3.930590000E+2
3.874320000E-7	-3.054760000E-7	5.013100000E+0	9.999537109E+3	3.948280000E+2
0.000000000E+0	-6.705570000E-8	5.001900000E+0	9.999537109E+3	3.956590000E+2
1.415620000E-7	-2.980250000E-8	4.988400000E+0	9.999537109E+3	3.971140000E+2
5.289950000E-7	-3.129260000E-7	4.976300000E+0	9.999537109E+3	3.989490000E+2
4.470370000E-8	-7.823150000E-7	4.937500000E+0	9.999537109E+3	4.034990000E+2
-2.980250000E-8	-5.066430000E-7	4.925900000E+0	9.999537109E+3	4.049470000E+2
2.905740000E-7	-1.639140000E-7	4.915900000E+0	9.999537109E+3	4.061110000E+2
-1.341110000E-7	-1.788150000E-7	4.903000000E+0	9.999537109E+3	4.074940000E+2
1.341110000E-7	-8.940740000E-8	4.892100000E+0	9.999537109E+3	4.089540000E+2
3.874320000E-7	-3.427290000E-7	4.881800000E+0	9.999537109E+3	4.104470000E+2
3.203770000E-7	-3.650800000E-7	4.868100000E+0	9.999537109E+3	4.118800000E+2
1.788150000E-7	-6.184020000E-7	4.855700000E+0	9.999537109E+3	4.135170000E+2
6.705570000E-8	0.000000000E+0	4.841800000E+0	9.999537109E+3	4.150510000E+2
9.685800000E-8	-6.035010000E-7	4.828500000E+0	9.999537109E+3	4.164190000E+2
3.576300000E-7	-8.195680000E-8	4.816900000E+0	9.999537109E+3	4.179420000E+2
5.289950000E-7	-1.862650000E-7	4.806800000E+0	9.999537109E+3	4.193910000E+2
1.415620000E-7	-1.266610000E-7	4.794500000E+0	9.999537109E+3	4.207920000E+2
2.384200000E-7	-1.192100000E-7	4.780900000E+0	9.999537109E+3	4.224240000E+2
3.650800000E-7	-1.788150000E-7	4.770500000E+0	9.999537109E+3	4.233320000E+2
3.352780000E-7	-5.140940000E-7	4.759500000E+0	9.999537109E+3	4.248060000E+2
2.235190000E-8	-4.917420000E-7	4.748600000E+0	9.999537109E+3	4.262760000E+2
2.235190000E-8	-1.639140000E-7	4.737300000E+0	9.999537109E+3	4.277610000E+2
1.564630000E-7	-5.140940000E-7	4.727000000E+0	9.999537109E+3	4.289630000E+2
-1.341110000E-7	-1.043090000E-7	4.714000000E+0	9.999537109E+3	4.302650000E+2
7.450630000E-8	-1.043090000E-7	4.703200000E+0	9.999537109E+3	4.317320000E+2
-8.195680000E-8	-3.799810000E-7	4.689400000E+0	9.999537109E+3	4.334770000E+2
4.172340000E-7	-2.682230000E-7	4.676800000E+0	9.999537109E+3	4.346520000E+2
2.235190000E-8	-4.470370000E-7	4.665400000E+0	9.999537109E+3	4.363420000E+2
-5.215430000E-8	-5.140940000E-7	4.652800000E+0	9.999537109E+3	4.379490000E+2
1.490130000E-8	-4.023330000E-7	4.640000000E+0	9.999537109E+3	4.392040000E+2
-1.713640000E-7	-7.450630000E-8	4.629400000E+0	9.999537109E+3	4.406760000E+2
3.725310000E-7	-5.513470000E-7	4.619100000E+0	9.999537109E+3	4.418530000E+2
-8.940740000E-8	-1.415620000E-7	4.605400000E+0	9.999537109E+3	4.431930000E+2
3.725310000E-7	-4.693880000E-7	4.595100000E+0	9.999537109E+3	4.447140000E+2
3.799810000E-7	-8.195680000E-8	4.583400000E+0	9.999537109E+3	4.461220000E+2
-5.960510000E-8	-2.011670000E-7	4.570100000E+0	9.999537109E+3	4.476790000E+2
5.438960000E-7	-3.203770000E-7	4.555500000E+0	9.999537109E+3	4.491930000E+2
-2.980250000E-8	-3.278270000E-7	4.542000000E+0	9.999537109E+3	4.507050000E+2
4.470370000E-8	-5.215440000E-7	4.529900000E+0	9.999537109E+3	4.528330000E+2
-2.980250000E-8	-2.235180000E-7	4.516000000E+0	9.999537109E+3	4.541360000E+2
0.000000000E+0	-2.980250000E-8	4.503000000E+0	9.999537109E+3	4.555880000E+2
0.000000000E+0	-1.937160000E-7	4.491100000E+0	9.999537109E+3	4.573590000E+2
4.395860000E-7	-3.874320000E-7	4.477700000E+0	9.999537109E+3	4.585210000E+2
2.533220000E-7	-5.736980000E-7	4.463400000E+0	9.999537109E+3	4.601590000E+2
2.458710000E-7	-5.736980000E-7	4.450400000E+0	9.999537109E+3	4.621260000E+2
1.937160000E-7	-3.725310000E-8	4.438200000E+0	9.999537109E+3	4.638520000E+2
1.862650000E-7	-6.705570000E-8	4.424300000E+0	9.999537109E+3	4.651200000E+2
5.960510000E-8	-2.235190000E-8	4.412300000E+0	9.999537109E+3	4.665300000E+2
-2.235190000E-8	-3.576300000E-7	4.402000000E+0	9.999537109E+3	4.677610000E+2
-9.685800000E-8	-4.842910000E-7	4.388900000E+0	9.999537109E+3	4.695230000E+2
3.650800000E-7	-3.650800000E-7	4.376000000E+0	9.999537109E+3	4.710800000E+2
0.000000000E+0	-5.140940000E-7	4.361200000E+0	9.999537109E+3	4.725620000E+2
4.619380000E-7	-3.948830000E-7	4.350400000E+0	9.999537109E+3	4.743100000E+2
-7.450630000E-8	-2.756730000E-7	4.339100000E+0	9.999537109E+3	4.754740000E+2
3.799810000E-7	-4.917420000E-7	4.329000000E+0	9.999537109E+3	4.766610000E+2
-1.415620000E-7	-2.309690000E-7	4.316500000E+0	9.999537109E+3	4.779830000E+2
-8.940740000E-8	-2.086170000E-7	4.305700000E+0	9.999537109E+3	4.794400000E+2
2.980250000E-8	-2.011670000E-7	4.290500000E+0	9.999537109E+3	4.810580000E+2
4.246850000E-7	-6.035010000E-7	4.275800000E+0	9.999537109E+3	4.831170000E+2
2.905740000E-7	-2.235180000E-7	4.262100000E+0	9.999537109E+3	4.846920000E+2
3.203770000E-7	-5.066430000E-7	4.248600000E+0	9.999537109E+3	4.859990000E+2
-5.215430000E-8	-4.470370000E-7	4.238400000E+0	9.999537109E+3	4.874700000E+2
4.470370000E-7	-1.341110000E-7	4.225800000E+0	9.999537109E+3	4.891830000E+2
1.490130000E-7	-2.980250000E-8	4.212900000E+0	9.999537109E+3	4.904010000E+2
-4.470370000E-8	-2.384200000E-7	4.200800000E+0	9.999537109E+3	4.920050000E+2
2.309690000E-7	-1.415620000E-7	4.186800000E+0	9.999537109E+3	4.934640000E+2
-7.450630000E-8	-5.215440000E-7	4.175600000E+0	9.999537109E+3	4.951780000E+2
1.862650000E-7	-5.513470000E-7	4.165400000E+0	9.999537109E+3	4.963940000E+2
2.980250000E-7	-1.415620000E-7	4.155000000E+0	9.999537109E+3	4.976030000E+2
2.160680000E-7	-6.184020000E-7	4.142600000E+0	9.999537109E+3	4.989130000E+2
-1.117590000E-7	-4.097840000E-7	4.129900000E+0	9.999537109E+3	5.004070000E+2
8.940740000E-8	-6.705560000E-7	4.116000000E+0	9.999537109E+3	5.019820000E+2
5.960510000E-8	-2.682230000E-7	4.101600000E+0	9.999537109E+3	5.040220000E+2
5.960510000E-8	-8.344690000E-7	4.088300000E+0	9.999537109E+3	5.055680000E+2
3.948830000E-7	-4.917420000E-7	4.075300000E+0	9.999537109E+3	5.069400000E+2
2.011670000E-7	-8.195680000E-7	4.064100000E+0	9.999537109E+3	5.084210000E+2
2.905740000E-7	-3.650800000E-7	4.049200000E+0	9.999537109E+3	5.099800000E+2
4.470370000E-8	-2.607720000E-7	4.035600000E+0	9.999537109E+3	5.121090000E+2
-1.192100000E-7	-7.152590000E-7	4.025400000E+0	9.999537109E+3	5.129450000E+2
-3.054760000E-7	-6.109510000E-7	4.013500000E+0	9.999537109E+3	5.143930000E+2
2.235180000E-7	-7.450620000E-7	4.000900000E+0	9.999537109E+3	5.161250000E+2
-2.607720000E-7	-6.556550000E-7	3.990600000E+0	9.999537109E+3	5.169020000E+2
1.564630000E-7	-4.470370000E-7	3.978600000E+0	9.999537109E+3	5.184200000E+2
-3.203770000E-7	-9.089740000E-7	3.968300000E+0	9.999537109E+3	5.201270000E+2
1.639140000E-7	-8.270180000E-7	3.957700000E+0	9.999537109E+3	5.213220000E+2
2.235180000E-7	-6.631050000E-7	3.941500000E+0	9.999537109E+3	5.229080000E+2
5.215430000E-8	-1.095240000E-6	3.928000000E+0	9.999537109E+3	5.243910000E+2
-3.576300000E-7	-1.087790000E-6	3.914700000E+0	9.999537109E+3	5.263900000E+2
-4.768410000E-7	-9.462270000E-7	3.903300000E+0	9.999537109E+3	5.278450000E+2
-5.289950000E-7	-8.493700000E-7	3.892100000E+0	9.999537109E+3	5.289300000E+2
-5.587970000E-7	-9.164250000E-7	3.881200000E+0	9.999537109E+3	5.305470000E+2
-4.395860000E-7	-5.513470000E-7	3.866400000E+0	9.999537109E+3	5.318440000E+2
-1.341110000E-7	-8.940730000E-7	3.854100000E+0	9.999537109E+3	5.333220000E+2
-2.756730000E-7	-8.791720000E-7	3.842100000E+0	9.999537109E+3	5.349170000E+2
-5.140940000E-7	-1.281510000E-6	3.827800000E+0	9.999537109E+3	5.369510000E+2
-2.607720000E-7	-1.080340000E-6	3.815600000E+0	9.999537109E+3	5.385320000E+2
-7.525120000E-7	-1.169750000E-6	3.803800000E+0	9.999537109E+3	5.393240000E+2
-6.184020000E-7	-1.415620000E-6	3.793700000E+0	9.999537109E+3	5.409050000E+2
-4.619380000E-7	-1.117590000E-6	3.782800000E+0	9.999537109E+3	5.422890000E+2
-7.450620000E-7	-8.642710000E-7	3.772300000E+0	9.999537109E+3	5.433250000E+2
-5.587970000E-7	-1.147400000E-6	3.758100000E+0	9.999537109E+3	5.449810000E+2
-1.184650000E-6	-1.400720000E-6	3.748100000E+0	9.999537109E+3	5.464970000E+2
-7.152590000E-7	-1.043090000E-6	3.734800000E+0	9.999537109E+3	5.478480000E+2
-7.301610000E-7	-1.356010000E-6	3.722400000E+0	9.999537109E+3	5.493070000E+2
-8.866230000E-7	-1.341110000E-6	3.708000000E+0	9.999537109E+3	5.510940000E+2
-9.760330000E-7	-9.909340000E-7	3.697400000E+0	9.999537109E+3	5.524930000E+2
-1.415620000E-6	-1.072890000E-6	3.686600000E+0	9.999537109E+3	5.538950000E+2
-1.341110000E-6	-1.460320000E-6	3.676400000E+0	9.999537109E+3	5.550940000E+2
-9.834840000E-7	-1.452870000E-6	3.663400000E+0	9.999537109E+3	5.564840000E+2
-1.266610000E-6	-1.020740000E-6	3.652300000E+0	9.999537109E+3	5.578710000E+2
-1.586980000E-6	-1.110140000E-6	3.642200000E+0	9.999537109E+3	5.590910000E+2
-1.735990000E-6	-1.154850000E-6	3.630700000E+0	9.999537109E+3	5.605080000E+2
-1.229350000E-6	-1.177200000E-6	3.620300000E+0	9.999537109E+3	5.618470000E+2
-1.624230000E-6	-1.452870000E-6	3.606000000E+0	9.999537109E+3	5.633460000E+2
-1.341110000E-6	-1.356010000E-6	3.586600000E+0	9.999537109E+3	5.654590000E+2
-1.557180000E-6	-1.028190000E-6	3.574300000E+0	9.999537109E+3	5.675580000E+2
-1.810500000E-6	-9.685830000E-7	3.555100000E+0	9.999537109E+3	5.697070000E+2
-1.959520000E-6	-9.983850000E-7	3.539000000E+0	9.999537109E+3	5.718350000E+2
-1.952070000E-6	-9.238760000E-7	3.524400000E+0	9.999537109E+3	5.739980000E+2
-2.108530000E-6	-1.035640000E-6	3.506600000E+0	9.999537109E+3	5.761410000E+2
-2.138330000E-6	-1.207000000E-6	3.496100000E+0	9.999537109E+3	5.771840000E+2
-1.989320000E-6	-1.467770000E-6	3.482800000E+0	9.999537109E+3	5.793030000E+2
-1.966970000E-6	-1.437970000E-6	3.465000000E+0	9.999537109E+3	5.814520000E+2
-2.034020000E-6	-1.467770000E-6	3.447300000E+0	9.999537109E+3	5.835920000E+2
-1.959520000E-6	-1.437970000E-6	3.431500000E+0	9.999537109E+3	5.857440000E+2
-1.989320000E-6	-9.834840000E-7	3.414400000E+0	9.999537109E+3	5.878270000E+2
-1.914810000E-6	-1.065440000E-6	3.397800000E+0	9.999537109E+3	5.900060000E+2
-2.428900000E-6	-9.238760000E-7	3.381500000E+0	9.999537109E+3	5.920980000E+2
-2.510860000E-6	-1.184650000E-6	3.364000000E+0	9.999537109E+3	5.942210000E+2
-2.548110000E-6	-1.192100000E-6	3.350300000E+0	9.999537109E+3	5.963820000E+2
-2.630070000E-6	-1.169750000E-6	3.339900000E+0	9.999537109E+3	5.974450000E+2
-2.503410000E-6	-1.318760000E-6	3.327600000E+0	9.999537109E+3	5.985120000E+2
-2.428900000E-6	-1.207000000E-6	3.316500000E+0	9.999537109E+3	6.006390000E+2
-2.250090000E-6	-1.281510000E-6	3.297700000E+0	9.999537109E+3	6.027640000E+2
-2.488510000E-6	-1.214450000E-6	3.280800000E+0	9.999537109E+3	6.049310000E+2
-2.279890000E-6	-8.940730000E-7	3.264600000E+0	9.999537109E+3	6.070520000E+2
-2.332050000E-6	-9.015240000E-7	3.248600000E+0	9.999537109E+3	6.091910000E+2
-2.667320000E-6	-7.674130000E-7	3.230200000E+0	9.999537109E+3	6.113250000E+2
-2.414000000E-6	-8.568200000E-7	3.216300000E+0	9.999537109E+3	6.134880000E+2
-2.823780000E-6	-7.748640000E-7	3.199100000E+0	9.999537109E+3	6.156140000E+2
-2.689670000E-6	-6.780060000E-7	3.187600000E+0	9.999537109E+3	6.167070000E+2
-3.017500000E-6	-8.717220000E-7	3.172800000E+0	9.999537109E+3	6.188210000E+2
-2.779080000E-6	-1.244250000E-6	3.158300000E+0	9.999537109E+3	6.209100000E+2
-2.689670000E-6	-1.132500000E-6	3.137500000E+0	9.999537109E+3	6.230710000E+2
-2.585370000E-6	-1.005840000E-6	3.124200000E+0	9.999537109E+3	6.251790000E+2
-2.548110000E-6	-1.043090000E-6	3.112000000E+0	9.999537109E+3	6.267970000E+2
-2.853590000E-6	-1.162300000E-6	3.090300000E+0	9.999537109E+3	6.289930000E+2
-2.838690000E-6	-6.407540000E-7	3.079600000E+0	9.999537109E+3	6.310750000E+2
-3.039850000E-6	-7.003580000E-7	3.058900000E+0	9.999537109E+3	6.331940000E+2
-3.181410000E-6	-7.227100000E-7	3.043600000E+0	9.999537109E+3	6.353310000E+2
-3.121810000E-6	-1.013290000E-6	3.027000000E+0	9.999537109E+3	6.374550000E+2
-3.084550000E-6	-1.177200000E-6	3.016200000E+0	9.999537109E+3	6.385150000E+2
-3.121810000E-6	-1.125040000E-6	3.003300000E+0	9.999537109E+3	6.406700000E+2
-2.749280000E-6	-1.020740000E-6	2.984600000E+0	9.999537109E+3	6.427750000E+2
-2.771630000E-6	-1.035640000E-6	2.969900000E+0	9.999537109E+3	6.449260000E+2
-2.756730000E-6	-9.834840000E-7	2.959600000E+0	9.999537109E+3	6.459980000E+2
-2.816330000E-6	-8.270180000E-7	2.944800000E+0	9.999537109E+3	6.481350000E+2
-2.853590000E-6	-8.642710000E-7	2.934200000E+0	9.999537109E+3	6.492150000E+2
-2.905740000E-6	-6.854570000E-7	2.919300000E+0	9.999537109E+3	6.513500000E+2
-3.330420000E-6	-7.152590000E-7	2.901400000E+0	9.999537109E+3	6.534560000E+2
-3.196310000E-6	-6.258520000E-7	2.885100000E+0	9.999537109E+3	6.556270000E+2
-3.233570000E-6	-1.020740000E-6	2.867500000E+0	9.999537109E+3	6.577150000E+2
-3.322970000E-6	-1.087790000E-6	2.851600000E+0	9.999537109E+3	6.598690000E+2
-3.039850000E-6	-1.117590000E-6	2.836400000E+0	9.999537109E+3	6.619850000E+2
-2.987700000E-6	-1.050540000E-6	2.816600000E+0	9.999537109E+3	6.641280000E+2
-2.957900000E-6	-7.748640000E-7	2.801900000E+0	9.999537109E+3	6.662500000E+2
-3.241020000E-6	-5.662480000E-7	2.786500000E+0	9.999537109E+3	6.683760000E+2
-3.218670000E-6	-6.333030000E-7	2.776000000E+0	9.999537109E+3	6.694550000E+2
-3.092010000E-6	-7.972160000E-7	2.759700000E+0	9.999537109E+3	6.716390000E+2
-3.404930000E-6	-5.662480000E-7	2.744100000E+0	9.999537109E+3	6.737380000E+2
-3.606100000E-6	-8.642710000E-7	2.725200000E+0	9.999537109E+3	6.758640000E+2
-3.598640000E-6	-8.344690000E-7	2.709900000E+0	9.999537109E+3	6.780180000E+2
-3.561390000E-6	-8.940730000E-7	2.694800000E+0	9.999537109E+3	6.801530000E+2
-3.278270000E-6	-1.072890000E-6	2.684400000E+0	9.999537109E+3	6.811930000E+2
-3.382580000E-6	-1.095240000E-6	2.667900000E+0	9.999537109E+3	6.833470000E+2
-3.173960000E-6	-6.631050000E-7	2.652900000E+0	9.999537109E+3	6.854420000E+2
-3.337870000E-6	-1.065440000E-6	2.633400000E+0	9.999537109E+3	6.876420000E+2
-3.181410000E-6	-8.121170000E-7	2.619000000E+0	9.999537109E+3	6.897790000E+2
-3.308070000E-6	-5.662480000E-7	2.601400000E+0	9.999537109E+3	6.918740000E+2
-3.561390000E-6	-6.109510000E-7	2.591100000E+0	9.999537109E+3	6.929250000E+2
-3.680600000E-6	-8.121170000E-7	2.579000000E+0	9.999537109E+3	6.950640000E+2
-3.613550000E-6	-9.834840000E-7	2.568900000E+0	9.999537109E+3	6.961170000E+2
-3.568840000E-6	-8.419190000E-7	2.558500000E+0	9.999537109E+3	6.971890000E+2
-3.613550000E-6	-8.940730000E-7	2.544900000E+0	9.999537109E+3	6.993370000E+2
-3.390030000E-6	-1.028190000E-6	2.526700000E+0	9.999537109E+3	7.014670000E+2
-3.427280000E-6	-1.020740000E-6	2.515900000E+0	9.999537109E+3	7.025570000E+2
-3.315520000E-6	-7.227100000E-7	2.502300000E+0	9.999537109E+3	7.046480000E+2
-3.241020000E-6	-7.748640000E-7	2.483800000E+0	9.999537109E+3	7.068140000E+2
-3.695500000E-6	-5.215440000E-7	2.468000000E+0	9.999537109E+3	7.088960000E+2
-3.814730000E-6	-6.780060000E-7	2.451500000E+0	9.999537109E+3	7.110370000E+2
-3.576290000E-6	-5.140940000E-7	2.435200000E+0	9.999537109E+3	7.132220000E+2
-3.792360000E-6	-8.046660000E-7	2.424300000E+0	9.999537109E+3	7.142480000E+2
-3.725300000E-6	-9.238760000E-7	2.409800000E+0	9.999537109E+3	7.163970000E+2
-3.956290000E-6	-7.599630000E-7	2.394800000E+0	9.999537109E+3	7.185500000E+2
-3.546490000E-6	-9.760330000E-7	2.383100000E+0	9.999537109E+3	7.195880000E+2
-3.807260000E-6	-8.642710000E-7	2.368600000E+0	9.999537109E+3	7.217710000E+2
-3.464530000E-6	-8.791720000E-7	2.352600000E+0	9.999537109E+3	7.238760000E+2
-3.412380000E-6	-8.642710000E-7	2.342500000E+0	9.999537109E+3	7.249470000E+2
-3.404930000E-6	-8.121170000E-7	2.331800000E+0	9.999537109E+3	7.260160000E+2
-3.665700000E-6	-5.513470000E-7	2.319800000E+0	9.999537109E+3	7.281060000E+2
-3.807260000E-6	-5.662480000E-7	2.300500000E+0	9.999537109E+3	7.302430000E+2
-3.784910000E-6	-5.438960000E-7	2.285800000E+0	9.999537109E+3	7.323990000E+2
-3.807260000E-6	-8.791720000E-7	2.268600000E+0	9.999537109E+3	7.345030000E+2
-3.881780000E-6	-7.450620000E-7	2.257900000E+0	9.999537109E+3	7.356050000E+2
-3.688050000E-6	-9.164250000E-7	2.242700000E+0	9.999537109E+3	7.377050000E+2
-3.881780000E-6	-7.748640000E-7	2.228200000E+0	9.999537109E+3	7.398900000E+2
-3.591190000E-6	-8.568200000E-7	2.217700000E+0	9.999537109E+3	7.409310000E+2
-3.427280000E-6	-7.376110000E-7	2.206300000E+0	9.999537109E+3	7.419830000E+2
-3.360230000E-6	-7.003580000E-7	2.196300000E+0	9.999537109E+3	7.441250000E+2
-3.412380000E-6	-4.470370000E-7	2.185400000E+0	9.999537109E+3	7.451680000E+2
-3.427280000E-6	-5.140940000E-7	2.173900000E+0	9.999537109E+3	7.462600000E+2
-3.643350000E-6	-4.023330000E-7	2.162000000E+0	9.999537109E+3	7.483900000E+2
-3.889230000E-6	-5.438960000E-7	2.141900000E+0	9.999537109E+3	7.505130000E+2
-3.963740000E-6	-8.493700000E-7	2.125700000E+0	9.999537109E+3	7.526320000E+2
-3.866880000E-6	-9.313260000E-7	2.110800000E+0	9.999537109E+3	7.547620000E+2
-3.941390000E-6	-7.897650000E-7	2.090100000E+0	9.999537109E+3	7.569380000E+2
-3.598640000E-6	-8.940730000E-7	2.078900000E+0	9.999537109E+3	7.590360000E+2
-3.576290000E-6	-6.184020000E-7	2.057700000E+0	9.999537109E+3	7.611720000E+2
-3.650800000E-6	-4.768410000E-7	2.044600000E+0	9.999537109E+3	7.632970000E+2
-3.621000000E-6	-4.917420000E-7	2.025300000E+0	9.999537109E+3	7.654510000E+2
-3.926490000E-6	-4.246850000E-7	2.010400000E+0	9.999537109E+3	7.675720000E+2
-4.045690000E-6	-5.513470000E-7	1.997100000E+0	9.999537109E+3	7.696960000E+2
-3.606100000E-6	-8.568200000E-7	2.008700000E+0	9.999537109E+3	8.659700000E+2
-3.621000000E-6	-8.195680000E-7	2.021700000E+0	9.999537109E+3	8.672180000E+2
-3.665700000E-6	-4.768410000E-7	2.032300000E+0	9.999537109E+3	8.684130000E+2
-4.068050000E-6	-6.184020000E-7	2.044100000E+0	9.999537109E+3	8.699810000E+2
-3.613550000E-6	-9.089740000E-7	2.056700000E+0	9.999537109E+3	8.717030000E+2
-3.747660000E-6	-9.685830000E-7	2.067400000E+0	9.999537109E+3	8.727870000E+2
-3.643350000E-6	-4.917420000E-7	2.077700000E+0	9.999537109E+3	8.739820000E+2
-4.045690000E-6	-8.344690000E-7	2.088600000E+0	9.999537109E+3	8.753490000E+2
-3.740210000E-6	-4.246850000E-7	2.099900000E+0	9.999537109E+3	8.766500000E+2
-3.546490000E-6	-8.121170000E-7	2.111600000E+0	9.999537109E+3	8.781550000E+2
-3.986090000E-6	-6.333030000E-7	2.122400000E+0	9.999537109E+3	8.793120000E+2
-3.904130000E-6	-6.109510000E-7	2.135500000E+0	9.999537109E+3	8.809250000E+2
-3.516690000E-6	-9.089740000E-7	2.145800000E+0	9.999537109E+3	8.822960000E+2
-3.568840000E-6	-3.725310000E-7	2.158100000E+0	9.999537109E+3	8.838390000E+2
-3.367680000E-6	-7.748640000E-7	2.171800000E+0	9.999537109E+3	8.853210000E+2
-3.710400000E-6	-4.321350000E-7	2.190200000E+0	9.999537109E+3	8.874250000E+2
-3.993540000E-6	-7.301610000E-7	2.204000000E+0	9.999537109E+3	8.891620000E+2
-3.673150000E-6	-9.983850000E-7	2.218800000E+0	9.999537109E+3	8.909190000E+2
-3.434730000E-6	-1.020740000E-6	2.230400000E+0	9.999537109E+3	8.925210000E+2
-3.926490000E-6	-6.184020000E-7	2.243000000E+0	9.999537109E+3	8.938480000E+2
-3.792360000E-6	-9.313260000E-7	2.254700000E+0	9.999537109E+3	8.952280000E+2
-3.807260000E-6	-5.215440000E-7	2.267400000E+0	9.999537109E+3	8.969060000E+2
-3.486890000E-6	-8.940730000E-7	2.278300000E+0	9.999537109E+3	8.982450000E+2
-3.665700000E-6	-4.917420000E-7	2.290500000E+0	9.999537109E+3	8.994400000E+2
-3.688050000E-6	-4.842910000E-7	2.302200000E+0	9.999537109E+3	9.010530000E+2
-3.553940000E-6	-4.470370000E-7	2.312400000E+0	9.999537109E+3	9.023210000E+2
-3.531590000E-6	-4.619380000E-7	2.325000000E+0	9.999537109E+3	9.037570000E+2
-3.695500000E-6	-1.013290000E-6	2.335300000E+0	9.999537109E+3	9.049180000E+2
-3.367680000E-6	-6.184020000E-7	2.353400000E+0	9.999537109E+3	9.071960000E+2
-3.710400000E-6	-4.693880000E-7	2.364800000E+0	9.999537109E+3	9.083990000E+2
-3.702950000E-6	-4.768410000E-7	2.376900000E+0	9.999537109E+3	9.100180000E+2
-3.851980000E-6	-9.536820000E-7	2.390300000E+0	9.999537109E+3	9.115750000E+2
-3.412380000E-6	-5.811490000E-7	2.401900000E+0	9.999537109E+3	9.129090000E+2
-3.486890000E-6	-1.057990000E-6	2.413200000E+0	9.999537109E+3	9.142340000E+2
-3.516690000E-6	-1.013290000E-6	2.427100000E+0	9.999537109E+3	9.160200000E+2
-3.680600000E-6	-6.407540000E-7	2.439900000E+0	9.999537109E+3	9.177020000E+2
-3.442180000E-6	-9.536820000E-7	2.451900000E+0	9.999537109E+3	9.189030000E+2
-3.643350000E-6	-8.717220000E-7	2.464900000E+0	9.999537109E+3	9.205390000E+2
-3.509240000E-6	-4.842910000E-7	2.475800000E+0	9.999537109E+3	9.218660000E+2
-3.680600000E-6	-9.313260000E-7	2.486600000E+0	9.999537109E+3	9.230540000E+2
-3.203760000E-6	-8.121170000E-7	2.500300000E+0	9.999537109E+3	9.249600000E+2
-3.680600000E-6	-1.020740000E-6	2.511000000E+0	9.999537109E+3	9.261000000E+2
-3.658250000E-6	-9.983850000E-7	2.522200000E+0	9.999537109E+3	9.273520000E+2
-3.710400000E-6	-5.140940000E-7	2.533700000E+0	9.999537109E+3	9.286550000E+2
-3.650800000E-6	-1.080340000E-6	2.545400000E+0	9.999537109E+3	9.304060000E+2
-3.419830000E-6	-1.110140000E-6	2.556700000E+0	9.999537109E+3	9.316380000E+2
-3.308070000E-6	-4.991930000E-7	2.568700000E+0	9.999537109E+3	9.328220000E+2
-3.509240000E-6	-1.043090000E-6	2.580600000E+0	9.999537109E+3	9.345240000E+2
-3.606100000E-6	-4.470370000E-7	2.594600000E+0	9.999537109E+3	9.363830000E+2
-3.427280000E-6	-5.140940000E-7	2.605100000E+0	9.999537109E+3	9.374890000E+2
-3.486890000E-6	-1.072890000E-6	2.617600000E+0	9.999537109E+3	9.386410000E+2
-3.173960000E-6	-7.301610000E-7	2.633500000E+0	9.999537109E+3	9.409090000E+2
-3.285720000E-6	-5.364450000E-7	2.646100000E+0	9.999537109E+3	9.425130000E+2
-3.337870000E-6	-1.057990000E-6	2.656200000E+0	9.999537109E+3	9.434740000E+2
-3.635900000E-6	-5.140940000E-7	2.666700000E+0	9.999537109E+3	9.446260000E+2
-3.583740000E-6	-5.886000000E-7	2.678000000E+0	9.999537109E+3	9.462380000E+2
-3.136710000E-6	-1.095240000E-6	2.688000000E+0	9.999537109E+3	9.474130000E+2
-3.621000000E-6	-7.450620000E-7	2.699200000E+0	9.999537109E+3	9.487460000E+2
-3.360230000E-6	-1.020740000E-6	2.712200000E+0	9.999537109E+3	9.501150000E+2
-3.024950000E-6	-8.121170000E-7	2.723800000E+0	9.999537109E+3	9.516890000E+2
-3.315520000E-6	-6.258520000E-7	2.742300000E+0	9.999537109E+3	9.539940000E+2
-3.285720000E-6	-1.080340000E-6	2.754600000E+0	9.999537109E+3	9.551470000E+2
-3.479440000E-6	-9.238760000E-7	2.764900000E+0	9.999537109E+3	9.567820000E+2
-3.486890000E-6	-1.020740000E-6	2.776800000E+0	9.999537109E+3	9.580290000E+2
-3.293170000E-6	-5.587970000E-7	2.789900000E+0	9.999537109E+3	9.595380000E+2
-3.553940000E-6	-9.089740000E-7	2.802000000E+0	9.999537109E+3	9.612880000E+2
-3.218670000E-6	-1.057990000E-6	2.814200000E+0	9.999537109E+3	9.626730000E+2
-3.188860000E-6	-1.072890000E-6	2.824300000E+0	9.999537109E+3	9.635750000E+2
-2.928090000E-6	-8.270180000E-7	2.835200000E+0	9.999537109E+3	9.651420000E+2
-2.913190000E-6	-9.313260000E-7	2.853400000E+0	9.999537109E+3	9.673040000E+2
-3.106910000E-6	-5.587970000E-7	2.866000000E+0	9.999537109E+3	9.688700000E+2
-3.360230000E-6	-6.035010000E-7	2.878000000E+0	9.999537109E+3	9.701030000E+2
-3.255920000E-6	-1.057990000E-6	2.888800000E+0	9.999537109E+3	9.714730000E+2
-2.950440000E-6	-1.005840000E-6	2.899400000E+0	9.999537109E+3	9.730580000E+2
-3.300620000E-6	-1.028190000E-6	2.912000000E+0	9.999537109E+3	9.743680000E+2
-3.322970000E-6	-6.631050000E-7	2.923000000E+0	9.999537109E+3	9.758420000E+2
-3.434730000E-6	-9.387770000E-7	2.934800000E+0	9.999537109E+3	9.768890000E+2
-3.173960000E-6	-6.929080000E-7	2.946000000E+0	9.999537109E+3	9.785530000E+2
-2.905740000E-6	-9.909340000E-7	2.956900000E+0	9.999537109E+3	9.796920000E+2
-3.367680000E-6	-8.344690000E-7	2.970100000E+0	9.999537109E+3	9.813930000E+2
-3.173960000E-6	-1.102690000E-6	2.983000000E+0	9.999537109E+3	9.827860000E+2
-2.793980000E-6	-1.050540000E-6	2.994600000E+0	9.999537109E+3	9.843540000E+2
-2.823780000E-6	-1.035640000E-6	3.007100000E+0	9.999537109E+3	9.856160000E+2
-3.106910000E-6	-1.110140000E-6	3.019800000E+0	9.999537109E+3	9.872730000E+2
-3.017500000E-6	-1.110140000E-6	3.033300000E+0	9.999537109E+3	9.888800000E+2
-2.995150000E-6	-7.301610000E-7	3.046200000E+0	9.999537109E+3	9.907500000E+2
-3.166510000E-6	-7.599630000E-7	3.059300000E+0	9.999537109E+3	9.918070000E+2
-3.233570000E-6	-8.791720000E-7	3.070900000E+0	9.999537109E+3	9.934110000E+2
-2.890840000E-6	-1.207000000E-6	3.084800000E+0	9.999537109E+3	9.951430000E+2
-2.667320000E-6	-9.015240000E-7	3.102200000E+0	9.999537109E+3	9.969010000E+2
-3.181410000E-6	-8.270180000E-7	3.112500000E+0	9.999537109E+3	9.980750000E+2
-2.816330000E-6	-1.110140000E-6	3.123200000E+0	9.999537109E+3	9.998230000E+2
-2.563010000E-6	-9.313260000E-7	3.134700000E+0	9.999537109E+3	1.001016000E+3
-3.032400000E-6	-8.270180000E-7	3.145100000E+0	9.999537109E+3	1.002217000E+3
-3.054750000E-6	-8.344690000E-7	3.157300000E+0	9.999537109E+3	1.003816000E+3
-2.853590000E-6	-1.266610000E-6	3.168800000E+0	9.999537109E+3	1.005013000E+3
-2.525760000E-6	-8.866230000E-7	3.181100000E+0	9.999537109E+3	1.006742000E+3
-2.726930000E-6	-1.333660000E-6	3.193800000E+0	9.999537109E+3	1.008078000E+3
-2.793980000E-6	-1.333660000E-6	3.205900000E+0	9.999537109E+3	1.009685000E+3
-2.443800000E-6	-9.760330000E-7	3.218700000E+0	9.999537109E+3	1.010884000E+3
-2.488510000E-6	-8.344690000E-7	3.229000000E+0	9.999537109E+3	1.012308000E+3
-2.332050000E-6	-1.043090000E-6	3.240200000E+0	9.999537109E+3	1.013942000E+3
-2.369300000E-6	-9.760330000E-7	3.251100000E+0	9.999537109E+3	1.015183000E+3
-2.719480000E-6	-9.164250000E-7	3.263800000E+0	9.999537109E+3	1.016379000E+3
-2.652420000E-6	-1.333660000E-6	3.274800000E+0	9.999537109E+3	1.017590000E+3
-2.548110000E-6	-1.266610000E-6	3.284800000E+0	9.999537109E+3	1.019190000E+3
-2.749280000E-6	-1.095240000E-6	3.299400000E+0	9.999537109E+3	1.020851000E+3
-2.764180000E-6	-1.259160000E-6	3.310500000E+0	9.999537109E+3	1.022090000E+3
-2.212840000E-6	-1.080340000E-6	3.325500000E+0	9.999537109E+3	1.023818000E+3
-2.235190000E-6	-8.866230000E-7	3.336200000E+0	9.999537109E+3	1.025049000E+3
-2.644970000E-6	-1.013290000E-6	3.348600000E+0	9.999537109E+3	1.026791000E+3
-2.272440000E-6	-1.333660000E-6	3.362400000E+0	9.999537109E+3	1.028333000E+3
-2.309690000E-6	-1.400720000E-6	3.380000000E+0	9.999537109E+3	1.030491000E+3
-2.123430000E-6	-9.685830000E-7	3.392000000E+0	9.999537109E+3	1.031685000E+3
-2.160680000E-6	-8.717220000E-7	3.403700000E+0	9.999537109E+3	1.033283000E+3
-2.294790000E-6	-8.717220000E-7	3.414300000E+0	9.999537109E+3	1.034888000E+3
-2.063830000E-6	-1.378360000E-6	3.426700000E+0	9.999537109E+3	1.036222000E+3
-1.929710000E-6	-1.080340000E-6	3.439600000E+0	9.999537109E+3	1.037444000E+3
-1.966970000E-6	-9.685830000E-7	3.450200000E+0	9.999537109E+3	1.038678000E+3
-1.981870000E-6	-9.834840000E-7	3.463200000E+0	9.999537109E+3	1.040654000E+3
-1.803050000E-6	-1.095240000E-6	3.476900000E+0	9.999537109E+3	1.042102000E+3
-1.907360000E-6	-9.387770000E-7	3.491100000E+0	9.999537109E+3	1.043688000E+3
-2.160680000E-6	-1.311310000E-6	3.502300000E+0	9.999537109E+3	1.044880000E+3
-2.115980000E-6	-1.408170000E-6	3.512900000E+0	9.999537109E+3	1.046484000E+3
-2.034020000E-6	-1.072890000E-6	3.527100000E+0	9.999537109E+3	1.048141000E+3
-1.899910000E-6	-8.940730000E-7	3.538500000E+0	9.999537109E+3	1.049425000E+3
-1.847750000E-6	-9.313260000E-7	3.549900000E+0	9.999537109E+3	1.051025000E+3
-1.527380000E-6	-1.266610000E-6	3.560100000E+0	9.999537109E+3	1.051979000E+3
-1.564630000E-6	-1.080340000E-6	3.573100000E+0	9.999537109E+3	1.053568000E+3
-1.683840000E-6	-1.057990000E-6	3.583900000E+0	9.999537109E+3	1.055156000E+3
-1.885000000E-6	-1.542280000E-6	3.595500000E+0	9.999537109E+3	1.056347000E+3
-1.288960000E-6	-1.363460000E-6	3.610200000E+0	9.999537109E+3	1.058089000E+3
-1.393270000E-6	-1.035640000E-6	3.621700000E+0	9.999537109E+3	1.059302000E+3
-1.281510000E-6	-9.462270000E-7	3.635500000E+0	9.999537109E+3	1.061101000E+3
-1.378360000E-6	-1.482670000E-6	3.646000000E+0	9.999537109E+3	1.062609000E+3
-1.244250000E-6	-1.452870000E-6	3.657500000E+0	9.999537109E+3	1.063850000E+3
-1.020740000E-6	-1.318760000E-6	3.672200000E+0	9.999537109E+3	1.065455000E+3
-1.326210000E-6	-1.065440000E-6	3.683700000E+0	9.999537109E+3	1.066634000E+3
-1.333660000E-6	-1.572080000E-6	3.698500000E+0	9.999537109E+3	1.068908000E+3
-1.057990000E-6	-1.482670000E-6	3.710900000E+0	9.999537109E+3	1.070126000E+3
-1.005840000E-6	-1.005840000E-6	3.724100000E+0	9.999537109E+3	1.071679000E+3
-9.983850000E-7	-1.065440000E-6	3.735500000E+0	9.999537109E+3	1.073290000E+3
-9.238760000E-7	-1.169750000E-6	3.745600000E+0	9.999537109E+3	1.074204000E+3
-7.003580000E-7	-1.259160000E-6	3.758600000E+0	9.999537109E+3	1.075852000E+3
-7.152590000E-7	-1.065440000E-6	3.769100000E+0	9.999537109E+3	1.077427000E+3
-1.005840000E-6	-1.341110000E-6	3.781400000E+0	9.999537109E+3	1.078610000E+3
-1.035640000E-6	-1.221900000E-6	3.794000000E+0	9.999537109E+3	1.080235000E+3
-3.948830000E-7	-1.244250000E-6	3.808100000E+0	9.999537109E+3	1.081587000E+3
-6.482040000E-7	-6.333030000E-7	3.818300000E+0	9.999537109E+3	1.083144000E+3
-5.960500000E-7	-8.419190000E-7	3.830900000E+0	9.999537109E+3	1.084761000E+3
-4.470370000E-7	-1.400720000E-6	3.843100000E+0	9.999537109E+3	1.086093000E+3
-2.011670000E-7	-1.087790000E-6	3.855900000E+0	9.999537109E+3	1.087680000E+3
-3.501790000E-7	-8.121170000E-7	3.872100000E+0	9.999537109E+3	1.089425000E+3
5.215430000E-8	-9.536820000E-7	3.884800000E+0	9.999537109E+3	1.091072000E+3
-3.203770000E-7	-6.407540000E-7	3.897300000E+0	9.999537109E+3	1.092834000E+3
-1.266610000E-7	-1.087790000E-6	3.909800000E+0	9.999537109E+3	1.093989000E+3
-5.215430000E-8	-1.013290000E-6	3.921900000E+0	9.999537109E+3	1.095607000E+3
1.639140000E-7	-8.195680000E-7	3.933100000E+0	9.999537109E+3	1.096837000E+3
-3.129260000E-7	-7.674130000E-7	3.943800000E+0	9.999537109E+3	1.098001000E+3
-3.874320000E-7	-7.078090000E-7	3.956000000E+0	9.999537109E+3	1.099610000E+3
-1.117590000E-7	-1.005840000E-6	3.966100000E+0	9.999537109E+3	1.101186000E+3
-8.195680000E-8	-5.066430000E-7	3.978000000E+0	9.999537109E+3	1.102354000E+3
-8.195680000E-8	-4.544870000E-7	3.991000000E+0	9.999537109E+3	1.103597000E+3
-8.940740000E-8	-4.023330000E-7	4.002200000E+0	9.999537109E+3	1.105027000E+3
-2.533220000E-7	-5.960500000E-7	4.014600000E+0	9.999537109E+3	1.106611000E+3
-1.937160000E-7	-7.525120000E-7	4.026000000E+0	9.999537109E+3	1.108221000E+3
-6.705570000E-8	-8.195680000E-7	4.038500000E+0	9.999537109E+3	1.109441000E+3
3.129260000E-7	-5.736980000E-7	4.051700000E+0	9.999537109E+3	1.111184000E+3
-1.341110000E-7	-7.301610000E-7	4.067800000E+0	9.999537109E+3	1.112869000E+3
-2.011670000E-7	-5.886000000E-7	4.080300000E+0	9.999537109E+3	1.114483000E+3
-7.450630000E-8	-7.227100000E-7	4.092100000E+0	9.999537109E+3	1.116079000E+3
3.129260000E-7	-3.725310000E-7	4.103800000E+0	9.999537109E+3	1.117266000E+3
1.564630000E-7	-6.035010000E-7	4.116500000E+0	9.999537109E+3	1.118929000E+3
4.693880000E-7	-5.513470000E-7	4.130500000E+0	9.999537109E+3	1.120511000E+3
-1.713640000E-7	-6.258520000E-7	4.141100000E+0	9.999537109E+3	1.121661000E+3
1.937160000E-7	-2.160680000E-7	4.152700000E+0	9.999537109E+3	1.123352000E+3
4.023330000E-7	-2.309690000E-7	4.163600000E+0	9.999537109E+3	1.124620000E+3
-1.713640000E-7	-2.831240000E-7	4.174400000E+0	9.999537109E+3	1.125812000E+3
-6.705570000E-8	-5.289950000E-7	4.185000000E+0	9.999537109E+3	1.127205000E+3
4.395860000E-7	-3.501790000E-7	4.196800000E+0	9.999537109E+3	1.128403000E+3
-8.940740000E-8	-2.682230000E-7	4.207000000E+0	9.999537109E+3	1.129592000E+3
4.544870000E-7	-3.278270000E-7	4.219300000E+0	9.999537109E+3	1.131264000E+3
3.501790000E-7	-5.140940000E-7	4.231900000E+0	9.999537109E+3	1.132906000E+3
4.395860000E-7	-3.650800000E-7	4.242800000E+0	9.999537109E+3	1.134141000E+3
4.172340000E-7	-3.874320000E-7	4.255200000E+0	9.999537109E+3	1.135404000E+3
3.129260000E-7	-8.940740000E-8	4.266100000E+0	9.999537109E+3	1.136622000E+3
-2.980250000E-8	-4.246850000E-7	4.276900000E+0	9.999537109E+3	1.137807000E+3
-1.341110000E-7	-1.937160000E-7	4.287500000E+0	9.999537109E+3	1.139438000E+3
1.490130000E-8	-5.140940000E-7	4.299400000E+0	9.999537109E+3	1.141020000E+3
4.246850000E-7	-2.309690000E-7	4.310600000E+0	9.999537109E+3	1.142200000E+3
-1.117590000E-7	-2.980250000E-7	4.322300000E+0	9.999537109E+3	1.143393000E+3
2.831240000E-7	-4.693880000E-7	4.332900000E+0	9.999537109E+3	1.144751000E+3
2.682230000E-7	-5.513470000E-7	4.346000000E+0	9.999537109E+3	1.146377000E+3
5.140940000E-7	-1.713640000E-7	4.357700000E+0	9.999537109E+3	1.147946000E+3
2.160680000E-7	-6.705570000E-8	4.369500000E+0	9.999537109E+3	1.149162000E+3
2.458710000E-7	-4.693880000E-7	4.379700000E+0	9.999537109E+3	1.150323000E+3
4.097840000E-7	-2.533220000E-7	4.390100000E+0	9.999537109E+3	1.151717000E+3
-7.450630000E-8	-4.172340000E-7	4.403600000E+0	9.999537109E+3	1.153425000E+3
2.756730000E-7	-5.289950000E-7	4.414700000E+0	9.999537109E+3	1.154620000E+3
1.713640000E-7	-5.438960000E-7	4.427100000E+0	9.999537109E+3	1.156256000E+3
2.533220000E-7	-5.215430000E-8	4.439200000E+0	9.999537109E+3	1.157437000E+3
-9.685800000E-8	-3.501790000E-7	4.449400000E+0	9.999537109E+3	1.158626000E+3
4.321350000E-7	-3.874320000E-7	4.462800000E+0	9.999537109E+3	1.160343000E+3
3.576300000E-7	-4.991930000E-7	4.473700000E+0	9.999537109E+3	1.161965000E+3
-1.415620000E-7	-2.458710000E-7	4.484700000E+0	9.999537109E+3	1.163123000E+3
-1.490130000E-8	-8.940740000E-8	4.499600000E+0	9.999537109E+3	1.164759000E+3
5.960510000E-8	-5.811490000E-7	4.511100000E+0	9.999537109E+3	1.165950000E+3
4.097840000E-7	-4.172340000E-7	4.522600000E+0	9.999537109E+3	1.167697000E+3
4.023330000E-7	-3.352780000E-7	4.535200000E+0	9.999537109E+3	1.169318000E+3
-1.341110000E-7	-1.937160000E-7	4.547100000E+0	9.999537109E+3	1.170485000E+3
1.713640000E-7	-5.736980000E-7	4.557500000E+0	9.999537109E+3	1.171675000E+3
-4.470370000E-8	-5.662480000E-7	4.569000000E+0	9.999537109E+3	1.173318000E+3
3.576300000E-7	-1.266610000E-7	4.582000000E+0	9.999537109E+3	1.174491000E+3
3.576300000E-7	-3.427290000E-7	4.593200000E+0	9.999537109E+3	1.175951000E+3
3.725310000E-7	-4.991930000E-7	4.604900000E+0	9.999537109E+3	1.177577000E+3
4.693880000E-7	-2.905740000E-7	4.616300000E+0	9.999537109E+3	1.179172000E+3
5.215430000E-8	-1.043090000E-7	4.628000000E+0	9.999537109E+3	1.180371000E+3
1.788150000E-7	-4.470370000E-8	4.640600000E+0	9.999537109E+3	1.181638000E+3
1.639140000E-7	-5.662480000E-7	4.654500000E+0	9.999537109E+3	1.183167000E+3
-1.341110000E-7	-3.054760000E-7	4.666300000E+0	9.999537109E+3	1.184823000E+3
-1.713640000E-7	-3.278270000E-7	4.676300000E+0	9.999537109E+3	1.186083000E+3
3.725310000E-8	-4.619380000E-7	4.688800000E+0	9.999537109E+3	1.187666000E+3
-6.705570000E-8	-1.192100000E-7	4.702200000E+0	9.999537109E+3	1.189332000E+3
3.874320000E-7	-2.756730000E-7	4.716600000E+0	9.999537109E+3	1.190649000E+3
3.054760000E-7	-1.266610000E-7	4.730200000E+0	9.999537109E+3	1.192616000E+3
-3.725310000E-8	-2.607720000E-7	4.740400000E+0	9.999537109E+3	1.193812000E+3
-9.685800000E-8	-3.203770000E-7	4.754200000E+0	9.999537109E+3	1.195408000E+3
9.685800000E-8	-5.886000000E-7	4.764900000E+0	9.999537109E+3	1.196622000E+3
2.756730000E-7	-4.693880000E-7	4.775100000E+0	9.999537109E+3	1.197856000E+3
2.831240000E-7	-4.023330000E-7	4.810600000E+0	9.999537109E+3	1.201962000E+3
1.490130000E-7	-5.811490000E-7	4.822200000E+0	9.999537109E+3	1.203799000E+3
3.725310000E-8	-6.184020000E-7	4.833400000E+0	9.999537109E+3	1.204888000E+3
-5.215430000E-8	-4.172340000E-7	4.846900000E+0	9.999537109E+3	1.206511000E+3
1.117590000E-7	-5.811490000E-7	4.858900000E+0	9.999537109E+3	1.208105000E+3
3.576300000E-7	-8.195680000E-8	4.871000000E+0	9.999537109E+3	1.209295000E+3
2.533220000E-7	-1.192100000E-7	4.881100000E+0	9.999537109E+3	1.210545000E+3
-9.685800000E-8	-4.321350000E-7	4.891700000E+0	9.999537109E+3	1.212082000E+3
5.960510000E-8	-5.140940000E-7	4.903900000E+0	9.999537109E+3	1.213324000E+3
3.650800000E-7	-1.713640000E-7	4.918100000E+0	9.999537109E+3	1.215025000E+3
1.639140000E-7	-6.705570000E-8	4.932000000E+0	9.999537109E+3	1.216797000E+3
6.705570000E-8	-2.235180000E-7	4.943300000E+0	9.999537109E+3	1.218029000E+3
5.066430000E-7	-2.980250000E-7	4.954000000E+0	9.999537109E+3	1.219181000E+3
3.129260000E-7	-9.685800000E-8	4.965300000E+0	9.999537109E+3	1.220763000E+3
1.043090000E-7	-4.470370000E-8	4.977800000E+0	9.999537109E+3	1.222347000E+3
-2.235190000E-8	-5.736980000E-7	4.988700000E+0	9.999537109E+3	1.223555000E+3
1.564630000E-7	-6.258520000E-7	5.001700000E+0	9.999537109E+3	1.225146000E+3
1.788150000E-7	-5.215430000E-8	5.014700000E+0	9.999537109E+3	1.226501000E+3
4.172340000E-7	-3.129260000E-7	5.027700000E+0	9.999537109E+3	1.228148000E+3
5.215430000E-8	-5.960510000E-8	5.038800000E+0	9.999537109E+3	1.229719000E+3
-8.940740000E-8	-2.086170000E-7	5.049300000E+0	9.999537109E+3	1.230936000E+3
4.321350000E-7	-3.948830000E-7	5.060400000E+0	9.999537109E+3	1.232115000E+3
-8.940740000E-8	-4.917420000E-7	5.071800000E+0	9.999537109E+3	1.233419000E+3
-9.685800000E-8	-3.948830000E-7	5.084400000E+0	9.999537109E+3	1.235037000E+3
5.364450000E-7	-3.501790000E-7	5.096000000E+0	9.999537109E+3	1.236231000E+3
4.768410000E-7	-6.705570000E-8	5.107500000E+0	9.999537109E+3	1.237819000E+3
3.874320000E-7	-1.266610000E-7	5.120000000E+0	9.999537109E+3	1.239431000E+3
-6.705570000E-8	-2.384200000E-7	5.131000000E+0	9.999537109E+3	1.240632000E+3
2.756730000E-7	-4.768410000E-7	5.141400000E+0	9.999537109E+3	1.241807000E+3
2.533220000E-7	-6.407540000E-7	5.153400000E+0	9.999537109E+3	1.243433000E+3
5.215430000E-8	-5.811490000E-7	5.166400000E+0	9.999537109E+3	1.244896000E+3
8.195680000E-8	-4.842910000E-7	5.180200000E+0	9.999537109E+3	1.246501000E+3
3.948830000E-7	-1.490130000E-7	5.191200000E+0	9.999537109E+3	1.247697000E+3
3.725310000E-8	-5.215430000E-8	5.202100000E+0	9.999537109E+3	1.248903000E+3
-2.980250000E-8	-1.937160000E-7	5.212400000E+0	9.999537109E+3	1.250150000E+3
9.685800000E-8	-5.364450000E-7	5.223100000E+0	9.999537109E+3	1.251707000E+3
-1.639140000E-7	-2.607720000E-7	5.234500000E+0	9.999537109E+3	1.253369000E+3
1.266610000E-7	1.490130000E-8	5.246100000E+0	9.999537109E+3	1.254477000E+3
1.639140000E-7	-5.662480000E-7	5.259200000E+0	9.999537109E+3	1.255818000E+3
3.501790000E-7	-4.470370000E-7	5.270000000E+0	9.999537109E+3	1.257053000E+3
2.905740000E-7	-3.874320000E-7	5.284200000E+0	9.999537109E+3	1.259016000E+3
3.576300000E-7	-9.685800000E-8	5.295200000E+0	9.999537109E+3	1.260243000E+3
1.117590000E-7	-6.258520000E-7	5.305700000E+0	9.999537109E+3	1.261922000E+3
-5.215430000E-8	-5.066430000E-7	5.317200000E+0	9.999537109E+3	1.263029000E+3
-4.470370000E-8	-1.266610000E-7	5.331200000E+0	9.999537109E+3	1.264667000E+3
4.097840000E-7	-8.195680000E-8	5.341800000E+0	9.999537109E+3	1.265623000E+3
-1.117590000E-7	-4.321350000E-7	5.351900000E+0	9.999537109E+3	1.267160000E+3
-1.341110000E-7	-3.799810000E-7	5.362900000E+0	9.999537109E+3	1.268422000E+3
-1.490130000E-7	-4.023330000E-7	5.374900000E+0	9.999537109E+3	1.270029000E+3
3.203770000E-7	-5.811490000E-7	5.388500000E+0	9.999537109E+3	1.271602000E+3
2.533220000E-7	-5.960500000E-7	5.399900000E+0	9.999537109E+3	1.272855000E+3
-4.470370000E-8	-5.513470000E-7	5.412600000E+0	9.999537109E+3	1.274501000E+3
3.799810000E-7	-2.831240000E-7	5.423700000E+0	9.999537109E+3	1.275687000E+3
4.991930000E-7	-3.278270000E-7	5.434500000E+0	9.999537109E+3	1.276950000E+3
4.768410000E-7	-3.874320000E-7	5.445300000E+0	9.999537109E+3	1.278214000E+3
3.427290000E-7	-4.023330000E-7	5.456500000E+0	9.999537109E+3	1.279831000E+3
2.235180000E-7	-5.364450000E-7	5.469500000E+0	9.999537109E+3	1.281469000E+3
1.192100000E-7	-1.490130000E-8	5.480400000E+0	9.999537109E+3	1.282642000E+3
8.195680000E-8	-5.587970000E-7	5.493600000E+0	9.999537109E+3	1.283810000E+3
-1.266610000E-7	-4.619380000E-7	5.505500000E+0	9.999537109E+3	1.285630000E+3
-1.266610000E-7	-1.341110000E-7	5.517900000E+0	9.999537109E+3	1.286743000E+3
1.192100000E-7	-2.235190000E-8	5.528700000E+0	9.999537109E+3	1.288376000E+3
-2.086170000E-7	-5.215440000E-7	5.539700000E+0	9.999537109E+3	1.289937000E+3
2.086170000E-7	-5.736980000E-7	5.551700000E+0	9.999537109E+3	1.291148000E+3
4.917420000E-7	-2.160680000E-7	5.562000000E+0	9.999537109E+3	1.292362000E+3
1.117590000E-7	-2.235190000E-8	5.572400000E+0	9.999537109E+3	1.293586000E+3
2.980250000E-8	-3.874320000E-7	5.584700000E+0	9.999537109E+3	1.294771000E+3
-6.705570000E-8	-2.831240000E-7	5.597400000E+0	9.999537109E+3	1.296414000E+3
5.215430000E-8	-4.768410000E-7	5.610400000E+0	9.999537109E+3	1.298007000E+3
2.756730000E-7	-5.140940000E-7	5.621200000E+0	9.999537109E+3	1.299575000E+3
-5.960510000E-8	-2.607720000E-7	5.633000000E+0	9.999537109E+3	1.300911000E+3
4.321350000E-7	-5.140940000E-7	5.643800000E+0	9.999537109E+3	1.302078000E+3
-8.940740000E-8	-5.140940000E-7	5.656800000E+0	9.999537109E+3	1.303753000E+3
9.685800000E-8	-5.215430000E-8	5.667400000E+0	9.999537109E+3	1.305064000E+3
2.682230000E-7	-5.364450000E-7	5.679000000E+0	9.999537109E+3	1.306235000E+3
2.011670000E-7	-7.003580000E-7	5.691700000E+0	9.999537109E+3	1.307841000E+3
5.960510000E-8	-5.289950000E-7	5.702300000E+0	9.999537109E+3	1.309470000E+3
-2.980250000E-8	-5.215430000E-8	5.715400000E+0	9.999537109E+3	1.310611000E+3
2.235190000E-8	-5.662480000E-7	5.726100000E+0	9.999537109E+3	1.311821000E+3
-1.043090000E-7	-1.937160000E-7	5.738800000E+0	9.999537109E+3	1.313463000E+3
3.278270000E-7	-4.693880000E-7	5.750600000E+0	9.999537109E+3	1.315180000E+3
-1.490130000E-8	-2.980250000E-8	5.761800000E+0	9.999537109E+3	1.316357000E+3
-1.043090000E-7	-3.501790000E-7	5.773200000E+0	9.999537109E+3	1.317750000E+3
-5.960510000E-8	-5.140940000E-7	5.786300000E+0	9.999537109E+3	1.319357000E+3
1.713640000E-7	-1.341110000E-7	5.798400000E+0	9.999537109E+3	1.320499000E+3
5.140940000E-7	-3.725310000E-8	5.811000000E+0	9.999537109E+3	1.322142000E+3
-4.470370000E-8	-1.341110000E-7	5.824000000E+0	9.999537109E+3	1.323702000E+3
7.450640000E-9	-2.533220000E-7	5.835000000E+0	9.999537109E+3	1.325314000E+3
-5.960510000E-8	-2.160680000E-7	5.845400000E+0	9.999537109E+3	1.326561000E+3
4.172340000E-7	-7.450630000E-8	5.856100000E+0	9.999537109E+3	1.327702000E+3
-1.415620000E-7	-1.862650000E-7	5.869000000E+0	9.999537109E+3	1.328897000E+3
1.043090000E-7	-1.564630000E-7	5.879300000E+0	9.999537109E+3	1.330531000E+3
1.043090000E-7	-1.117590000E-7	5.891100000E+0	9.999537109E+3	1.331781000E+3
3.501790000E-7	-2.831240000E-7	5.903700000E+0	9.999537109E+3	1.333284000E+3
1.415620000E-7	-6.407540000E-7	5.915400000E+0	9.999537109E+3	1.334937000E+3
-2.980250000E-8	-5.289950000E-7	5.927000000E+0	9.999537109E+3	1.336383000E+3
3.799810000E-7	-4.097840000E-7	5.938700000E+0	9.999537109E+3	1.337423000E+3
4.470370000E-8	-1.639140000E-7	5.949200000E+0	9.999537109E+3	1.338777000E+3
-1.341110000E-7	-3.352780000E-7	5.962000000E+0	9.999537109E+3	1.340361000E+3
3.799810000E-7	-3.948830000E-7	5.973500000E+0	9.999537109E+3	1.341548000E+3
5.960510000E-8	-5.438960000E-7	5.983800000E+0	9.999537109E+3	1.342841000E+3
3.129260000E-7	-3.427290000E-7	5.995800000E+0	9.999537109E+3	1.344403000E+3
1.341110000E-7	-7.450640000E-9	6.006500000E+0	9.999537109E+3	1.345965000E+3
-1.341110000E-7	-2.905740000E-7	6.018600000E+0	9.999537109E+3	1.347188000E+3
7.450630000E-8	-6.333030000E-7	6.031200000E+0	9.999537109E+3	1.348771000E+3
-1.564630000E-7	-4.023330000E-7	6.043800000E+0	9.999537109E+3	1.350044000E+3
-7.450630000E-8	-2.384200000E-7	6.055300000E+0	9.999537109E+3	1.351327000E+3
1.043090000E-7	-5.736980000E-7	6.066500000E+0	9.999537109E+3	1.352712000E+3
2.905740000E-7	-6.705570000E-8	6.078000000E+0	9.999537109E+3	1.354238000E+3
8.195680000E-8	-6.705570000E-8	6.089300000E+0	9.999537109E+3	1.355834000E+3
-9.685800000E-8	-2.905740000E-7	6.100400000E+0	9.999537109E+3	1.357043000E+3
0.000000000E+0	-5.364450000E-7	6.113400000E+0	9.999537109E+3	1.358641000E+3
3.576300000E-7	-3.501790000E-7	6.126000000E+0	9.999537109E+3	1.359824000E+3
1.713640000E-7	0.000000000E+0	6.136800000E+0	9.999537109E+3	1.361042000E+3
3.352780000E-7	-4.693880000E-7	6.150100000E+0	9.999537109E+3	1.362722000E+3
1.564630000E-7	3.725310000E-8	6.160700000E+0	9.999537109E+3	1.364263000E+3
-5.960510000E-8	-4.842910000E-7	6.173200000E+0	9.999537109E+3	1.365826000E+3
3.799810000E-7	-4.321350000E-7	6.183800000E+0	9.999537109E+3	1.367024000E+3
4.395860000E-7	-2.235180000E-7	6.194800000E+0	9.999537109E+3	1.368255000E+3
4.246850000E-7	-5.215440000E-7	6.206900000E+0	9.999537109E+3	1.369892000E+3
8.940740000E-8	-4.470370000E-7	6.219400000E+0	9.999537109E+3	1.371021000E+3
4.172340000E-7	-2.086170000E-7	6.229900000E+0	9.999537109E+3	1.372203000E+3
4.097840000E-7	-2.086170000E-7	6.242300000E+0	9.999537109E+3	1.373813000E+3
4.097840000E-7	-2.607720000E-7	6.254100000E+0	9.999537109E+3	1.375426000E+3
4.097840000E-7	-3.203770000E-7	6.264800000E+0	9.999537109E+3	1.376878000E+3
1.564630000E-7	4.470370000E-8	6.276700000E+0	9.999537109E+3	1.378084000E+3
3.129260000E-7	-2.980250000E-8	6.286800000E+0	9.999537109E+3	1.379355000E+3
1.713640000E-7	-5.066430000E-7	6.299000000E+0	9.999537109E+3	1.380871000E+3
2.309690000E-7	-6.258520000E-7	6.311400000E+0	9.999537109E+3	1.382123000E+3
3.725310000E-7	-1.415620000E-7	6.322200000E+0	9.999537109E+3	1.383301000E+3
4.544870000E-7	-4.917420000E-7	6.335200000E+0	9.999537109E+3	1.384969000E+3
2.831240000E-7	7.450640000E-9	6.347200000E+0	9.999537109E+3	1.386521000E+3
1.192100000E-7	-5.960510000E-8	6.358400000E+0	9.999537109E+3	1.388139000E+3
3.129260000E-7	-1.415620000E-7	6.368700000E+0	9.999537109E+3	1.389401000E+3
2.235180000E-7	-4.470370000E-8	6.379900000E+0	9.999537109E+3	1.390646000E+3
0.000000000E+0	-1.862650000E-7	6.397600000E+0	9.999537109E+3	1.392399000E+3
2.831240000E-7	-6.258520000E-7	6.409800000E+0	9.999537109E+3	1.393958000E+3
2.235180000E-7	-5.811490000E-7	6.422300000E+0	9.999537109E+3	1.395575000E+3
3.501790000E-7	-4.768410000E-7	6.434800000E+0	9.999537109E+3	1.397164000E+3
1.490130000E-7	-4.693880000E-7	6.448200000E+0	9.999537109E+3	1.398816000E+3
3.203770000E-7	-3.725310000E-8	6.459300000E+0	9.999537109E+3	1.399983000E+3
2.384200000E-7	-3.725310000E-8	6.471600000E+0	9.999537109E+3	1.401588000E+3
1.117590000E-7	-5.886000000E-7	6.482700000E+0	9.999537109E+3	1.402758000E+3
2.160680000E-7	-5.289950000E-7	6.493900000E+0	9.999537109E+3	1.403998000E+3
-7.450630000E-8	-2.384200000E-7	6.504300000E+0	9.999537109E+3	1.405149000E+3
3.948830000E-7	-1.713640000E-7	6.515700000E+0	9.999537109E+3	1.406809000E+3
8.940740000E-8	-1.341110000E-7	6.528200000E+0	9.999537109E+3	1.408399000E+3
2.831240000E-7	-5.215440000E-7	6.538400000E+0	9.999537109E+3	1.409556000E+3
3.650800000E-7	-4.321350000E-7	6.551000000E+0	9.999537109E+3	1.411160000E+3
1.490130000E-8	-8.195680000E-8	6.561900000E+0	9.999537109E+3	1.412339000E+3
-9.685800000E-8	-3.650800000E-7	6.574100000E+0	9.999537109E+3	1.413556000E+3
4.619380000E-7	-8.940740000E-8	6.585300000E+0	9.999537109E+3	1.414887000E+3
4.321350000E-7	-4.619380000E-7	6.598400000E+0	9.999537109E+3	1.416532000E+3
1.117590000E-7	-1.192100000E-7	6.610600000E+0	9.999537109E+3	1.418088000E+3
1.862650000E-7	-5.736980000E-7	6.621900000E+0	9.999537109E+3	1.419969000E+3
3.948830000E-7	-4.693880000E-7	6.633900000E+0	9.999537109E+3	1.421029000E+3
3.352780000E-7	-4.917420000E-7	6.646700000E+0	9.999537109E+3	1.422661000E+3
3.799810000E-7	-2.756730000E-7	6.657800000E+0	9.999537109E+3	1.423874000E+3
-1.788150000E-7	-2.905740000E-7	6.669000000E+0	9.999537109E+3	1.425044000E+3
2.980250000E-7	-5.364450000E-7	6.682400000E+0	9.999537109E+3	1.426604000E+3
4.693880000E-7	-4.321350000E-7	6.693000000E+0	9.999537109E+3	1.428010000E+3
3.576300000E-7	-3.874320000E-7	6.703700000E+0	9.999537109E+3	1.429629000E+3
-1.639140000E-7	-1.415620000E-7	6.715000000E+0	9.999537109E+3	1.430798000E+3
3.650800000E-7	-4.693880000E-7	6.725500000E+0	9.999537109E+3	1.431963000E+3
0.000000000E+0	-5.438960000E-7	6.737100000E+0	9.999537109E+3	1.433630000E+3
-8.940740000E-8	-1.415620000E-7	6.749000000E+0	9.999537109E+3	1.434760000E+3
-6.705570000E-8	-2.905740000E-7	6.760300000E+0	9.999537109E+3	1.435995000E+3
3.427290000E-7	-4.172340000E-7	6.771400000E+0	9.999537109E+3	1.437345000E+3
3.799810000E-7	-2.533220000E-7	6.784200000E+0	9.999537109E+3	1.438930000E+3
-7.450640000E-9	-1.937160000E-7	6.797100000E+0	9.999537109E+3	1.440494000E+3
1.192100000E-7	-3.725310000E-8	6.807300000E+0	9.999537109E+3	1.441759000E+3
3.799810000E-7	-4.544870000E-7	6.820500000E+0	9.999537109E+3	1.443273000E+3
1.862650000E-7	-5.811490000E-7	6.833700000E+0	9.999537109E+3	1.444910000E+3
1.639140000E-7	-5.140940000E-7	6.845100000E+0	9.999537109E+3	1.446530000E+3
2.533220000E-7	-5.140940000E-7	6.857000000E+0	9.999537109E+3	1.447774000E+3
3.352780000E-7	-5.215430000E-8	6.868700000E+0	9.999537109E+3	1.449330000E+3
-2.980250000E-8	-6.109510000E-7	6.878900000E+0	9.999537109E+3	1.450489000E+3
3.874320000E-7	-3.501790000E-7	6.891800000E+0	9.999537109E+3	1.451693000E+3
-8.940740000E-8	-3.576300000E-7	6.902700000E+0	9.999537109E+3	1.453022000E+3
-2.235190000E-8	-3.725310000E-7	6.916100000E+0	9.999537109E+3	1.454623000E+3
1.341110000E-7	-5.215440000E-7	6.927600000E+0	9.999537109E+3	1.456222000E+3
1.862650000E-7	-5.140940000E-7	6.939600000E+0	9.999537109E+3	1.457825000E+3
1.862650000E-7	-5.513470000E-7	6.949700000E+0	9.999537109E+3	1.459083000E+3
-3.725310000E-8	-6.705570000E-8	6.960200000E+0	9.999537109E+3	1.460227000E+3
-1.266610000E-7	-1.639140000E-7	6.974500000E+0	9.999537109E+3	1.461839000E+3
-7.450630000E-8	-2.533220000E-7	6.986900000E+0	9.999537109E+3	1.463080000E+3
1.862650000E-7	-5.811490000E-7	6.997100000E+0	9.999537109E+3	1.464289000E+3
3.129260000E-7	-5.289950000E-7	7.010900000E+0	9.999537109E+3	1.466243000E+3
-1.192100000E-7	-2.384200000E-7	7.023000000E+0	9.999537109E+3	1.467748000E+3
3.501790000E-7	-2.160680000E-7	7.033200000E+0	9.999537109E+3	1.468892000E+3
-1.117590000E-7	-1.639140000E-7	7.044900000E+0	9.999537109E+3	1.470090000E+3
3.352780000E-7	0.000000000E+0	7.055800000E+0	9.999537109E+3	1.471748000E+3
-5.215430000E-8	-4.023330000E-7	7.068200000E+0	9.999537109E+3	1.473315000E+3
1.490130000E-8	-5.364450000E-7	7.079800000E+0	9.999537109E+3	1.474534000E+3
1.490130000E-8	-1.341110000E-7	7.090100000E+0	9.999537109E+3	1.475669000E+3
2.384200000E-7	-7.450630000E-8	7.102100000E+0	9.999537109E+3	1.477306000E+3
-1.341110000E-7	-5.140940000E-7	7.114000000E+0	9.999537109E+3	1.478481000E+3
3.799810000E-7	-3.352780000E-7	7.124800000E+0	9.999537109E+3	1.479680000E+3
3.874320000E-7	-3.278270000E-7	7.137600000E+0	9.999537109E+3	1.481291000E+3
4.246850000E-7	-2.980250000E-7	7.150000000E+0	9.999537109E+3	1.482893000E+3
4.693880000E-7	-1.639140000E-7	7.161700000E+0	9.999537109E+3	1.484503000E+3
1.862650000E-7	-6.705570000E-8	7.172500000E+0	9.999537109E+3	1.485723000E+3
2.086170000E-7	-6.407540000E-7	7.185000000E+0	9.999537109E+3	1.487413000E+3
4.097840000E-7	-3.799810000E-7	7.197300000E+0	9.999537109E+3	1.488648000E+3
-6.705570000E-8	-1.266610000E-7	7.207800000E+0	9.999537109E+3	1.489830000E+3
-1.713640000E-7	-3.650800000E-7	7.221500000E+0	9.999537109E+3	1.491407000E+3
4.470370000E-8	-4.917420000E-7	7.234600000E+0	9.999537109E+3	1.492994000E+3
4.246850000E-7	-4.023330000E-7	7.245000000E+0	9.999537109E+3	1.494219000E+3
2.086170000E-7	-3.725310000E-8	7.257000000E+0	9.999537109E+3	1.495419000E+3
-1.341110000E-7	-2.905740000E-7	7.269900000E+0	9.999537109E+3	1.497159000E+3
-2.235190000E-8	-5.289950000E-7	7.282600000E+0	9.999537109E+3	1.498743000E+3
-7.450630000E-8	-2.235180000E-7	7.295300000E+0	9.999537109E+3	1.500407000E+3
4.246850000E-7	-5.140940000E-7	7.308900000E+0	9.999537109E+3	1.501935000E+3
3.576300000E-7	-1.639140000E-7	7.320100000E+0	9.999537109E+3	1.503149000E+3
3.129260000E-7	-4.470370000E-8	7.331700000E+0	9.999537109E+3	1.504751000E+3
3.799810000E-7	-1.192100000E-7	7.344300000E+0	9.999537109E+3	1.506387000E+3
4.470370000E-8	-4.470370000E-8	7.356500000E+0	9.999537109E+3	1.507603000E+3
4.246850000E-7	-2.235180000E-7	7.366700000E+0	9.999537109E+3	1.508738000E+3
2.309690000E-7	2.980250000E-8	7.378900000E+0	9.999537109E+3	1.510334000E+3
3.650800000E-7	-1.564630000E-7	7.392500000E+0	9.999537109E+3	1.512121000E+3
-1.788150000E-7	-4.544870000E-7	7.404000000E+0	9.999537109E+3	1.513300000E+3
1.043090000E-7	-6.035010000E-7	7.415100000E+0	9.999537109E+3	1.514521000E+3
6.705570000E-8	-5.289950000E-7	7.427900000E+0	9.999537109E+3	1.516321000E+3
4.470370000E-8	-1.788150000E-7	7.441100000E+0	9.999537109E+3	1.517810000E+3
-8.940740000E-8	-5.289950000E-7	7.452800000E+0	9.999537109E+3	1.519401000E+3
3.576300000E-7	-5.438960000E-7	7.463300000E+0	9.999537109E+3	1.520598000E+3
3.948830000E-7	-1.341110000E-7	7.473900000E+0	9.999537109E+3	1.521806000E+3
1.862650000E-7	2.235190000E-8	7.485400000E+0	9.999537109E+3	1.523046000E+3
-6.705570000E-8	-1.266610000E-7	7.498900000E+0	9.999537109E+3	1.524635000E+3
-8.195680000E-8	-3.948830000E-7	7.511900000E+0	9.999537109E+3	1.526218000E+3
-7.450640000E-9	-4.395860000E-7	7.522800000E+0	9.999537109E+3	1.527819000E+3
-1.117590000E-7	-4.023330000E-7	7.536000000E+0	9.999537109E+3	1.529445000E+3
4.619380000E-7	-6.705570000E-8	7.548800000E+0	9.999537109E+3	1.530603000E+3
4.544870000E-7	-4.097840000E-7	7.559200000E+0	9.999537109E+3	1.531889000E+3
-1.192100000E-7	-2.160680000E-7	7.571500000E+0	9.999537109E+3	1.533408000E+3
-5.215430000E-8	-3.501790000E-7	7.583100000E+0	9.999537109E+3	1.535013000E+3
3.725310000E-7	-5.364450000E-7	7.593500000E+0	9.999537109E+3	1.536203000E+3
-1.564630000E-7	-2.011670000E-7	7.604800000E+0	9.999537109E+3	1.537540000E+3
5.960510000E-8	-5.736980000E-7	7.615500000E+0	9.999537109E+3	1.538738000E+3
5.066430000E-7	-1.639140000E-7	7.631200000E+0	9.999537109E+3	1.540477000E+3
2.235190000E-8	-9.685800000E-8	7.642700000E+0	9.999537109E+3	1.541675000E+3
1.564630000E-7	7.450640000E-9	7.652800000E+0	9.999537109E+3	1.543304000E+3
-2.980250000E-8	-4.023330000E-7	7.663700000E+0	9.999537109E+3	1.544503000E+3
-1.266610000E-7	-3.576300000E-7	7.674300000E+0	9.999537109E+3	1.546128000E+3
4.991930000E-7	-1.713640000E-7	7.687000000E+0	9.999537109E+3	1.547298000E+3
1.862650000E-7	-3.725310000E-8	7.697400000E+0	9.999537109E+3	1.548513000E+3
-2.980250000E-8	-5.438960000E-7	7.707500000E+0	9.999537109E+3	1.549708000E+3
2.980250000E-7	-5.587970000E-7	7.717900000E+0	9.999537109E+3	1.550920000E+3
2.235180000E-7	-5.215430000E-8	7.728800000E+0	9.999537109E+3	1.552468000E+3
-2.980250000E-8	-4.619380000E-7	7.739500000E+0	9.999537109E+3	1.553647000E+3
2.160680000E-7	-6.705560000E-7	7.749700000E+0	9.999537109E+3	1.554877000E+3
3.054760000E-7	0.000000000E+0	7.760000000E+0	9.999537109E+3	1.556061000E+3
-8.195680000E-8	-2.905740000E-7	7.770300000E+0	9.999537109E+3	1.557253000E+3
3.874320000E-7	-2.309690000E-7	7.781800000E+0	9.999537109E+3	1.558602000E+3
4.470370000E-7	-2.533220000E-7	7.794700000E+0	9.999537109E+3	1.560213000E+3
-3.725310000E-8	-2.607720000E-7	7.804800000E+0	9.999537109E+3	1.561399000E+3
-1.117590000E-7	-3.203770000E-7	7.816200000E+0	9.999537109E+3	1.563013000E+3
-1.341110000E-7	-3.799810000E-7	7.827200000E+0	9.999537109E+3	1.564255000E+3
3.054760000E-7	-6.705570000E-8	7.839000000E+0	9.999537109E+3	1.565396000E+3
4.097840000E-7	-8.195680000E-8	7.852400000E+0	9.999537109E+3	1.567021000E+3
-5.960510000E-8	-1.117590000E-7	7.862700000E+0	9.999537109E+3	1.568225000E+3
4.172340000E-7	-2.905740000E-7	7.874700000E+0	9.999537109E+3	1.569911000E+3
3.650800000E-7	-5.140940000E-7	7.885500000E+0	9.999537109E+3	1.571547000E+3
1.564630000E-7	-2.980250000E-8	7.897400000E+0	9.999537109E+3	1.572733000E+3
-1.043090000E-7	-3.576300000E-7	7.907500000E+0	9.999537109E+3	1.573938000E+3
4.321350000E-7	-4.246850000E-7	7.918800000E+0	9.999537109E+3	1.575129000E+3
4.395860000E-7	-6.705560000E-7	7.929200000E+0	9.999537109E+3	1.576397000E+3
-2.980250000E-8	-1.564630000E-7	7.942200000E+0	9.999537109E+3	1.577917000E+3
2.980250000E-8	-7.450630000E-8	7.955000000E+0	9.999537109E+3	1.579537000E+3
-1.490130000E-8	-2.607720000E-7	7.968000000E+0	9.999537109E+3	1.581123000E+3
-1.043090000E-7	-3.203770000E-7	7.979000000E+0	9.999537109E+3	1.582378000E+3
1.266610000E-7	-5.662480000E-7	7.991300000E+0	9.999537109E+3	1.583956000E+3
8.195680000E-8	-5.886000000E-7	8.003300000E+0	9.999537109E+3	1.585573000E+3
