20251030_HM483La5Al3Co2_chiAC_vs_T_B_.008.txt Thu, Oct 30, 2025 4:15:29 PM Gabriele
Magnet: None
Trigger spacing of 0.010000 on column #3
Offsets:	0.000000000E+0	0.000000000E+0	0.000000000E+0	0.000000000E+0	0.000000000E+0

Scale Factors:	1.000000000E+0	1.000000000E+0	1.000000000E+0	1.000000000E+0	1.000000000E+0



Lockin_V_008	Chan2_V_008	Temperature_008	Field_008	Timestamp_008
2.831240000E-7	-3.874320000E-7	7.999400000E+0	0.000000000E+0	2.800000000E-2
3.054760000E-7	1.937160000E-7	7.987500000E+0	0.000000000E+0	3.259300000E+1
-5.960510000E-8	-2.980250000E-8	7.976400000E+0	0.000000000E+0	3.381000000E+1
2.235190000E-8	-1.713640000E-7	7.964000000E+0	0.000000000E+0	3.505600000E+1
5.438960000E-7	-1.266610000E-7	7.951800000E+0	0.000000000E+0	3.623300000E+1
-8.195680000E-8	-2.235190000E-8	7.939600000E+0	0.000000000E+0	3.740000000E+1
1.117590000E-7	-3.129260000E-7	7.928700000E+0	0.000000000E+0	3.861200000E+1
3.427290000E-7	5.960510000E-8	7.917100000E+0	0.000000000E+0	3.997800000E+1
3.054760000E-7	1.862650000E-7	7.907000000E+0	0.000000000E+0	4.121200000E+1
-6.705570000E-8	-1.639140000E-7	7.894300000E+0	0.000000000E+0	4.277900000E+1
2.458710000E-7	2.682230000E-7	7.882800000E+0	0.000000000E+0	4.407500000E+1
-6.705570000E-8	-6.705570000E-8	7.872600000E+0	0.000000000E+0	4.528800000E+1
5.066430000E-7	-1.937160000E-7	7.861400000E+0	0.000000000E+0	4.646900000E+1
5.364450000E-7	-2.458710000E-7	7.849300000E+0	0.000000000E+0	4.808400000E+1
4.768410000E-7	-2.309690000E-7	7.835600000E+0	0.000000000E+0	4.969900000E+1
1.639140000E-7	3.725310000E-8	7.823500000E+0	0.000000000E+0	5.141900000E+1
-5.215430000E-8	2.160680000E-7	7.812500000E+0	0.000000000E+0	5.266700000E+1
2.756730000E-7	-3.203770000E-7	7.800500000E+0	0.000000000E+0	5.385000000E+1
5.066430000E-7	-1.341110000E-7	7.787500000E+0	0.000000000E+0	5.543000000E+1
3.725310000E-8	1.192100000E-7	7.777000000E+0	0.000000000E+0	5.661700000E+1
6.705570000E-8	-3.203770000E-7	7.765300000E+0	0.000000000E+0	5.782700000E+1
2.235190000E-8	-1.490130000E-8	7.753800000E+0	0.000000000E+0	5.945900000E+1
5.215440000E-7	-1.713640000E-7	7.741300000E+0	0.000000000E+0	6.101000000E+1
4.619380000E-7	-2.905740000E-7	7.729100000E+0	0.000000000E+0	6.262200000E+1
4.172340000E-7	1.266610000E-7	7.717100000E+0	0.000000000E+0	6.383000000E+1
2.235180000E-7	-1.490130000E-8	7.706100000E+0	0.000000000E+0	6.506800000E+1
0.000000000E+0	-1.639140000E-7	7.692800000E+0	0.000000000E+0	6.662700000E+1
1.639140000E-7	-2.980250000E-7	7.680700000E+0	0.000000000E+0	6.821700000E+1
1.341110000E-7	-3.650800000E-7	7.666500000E+0	0.000000000E+0	6.983000000E+1
4.768410000E-7	6.705570000E-8	7.654500000E+0	0.000000000E+0	7.102400000E+1
2.235180000E-7	9.685800000E-8	7.642800000E+0	0.000000000E+0	7.261000000E+1
-4.470370000E-8	-1.862650000E-7	7.632000000E+0	0.000000000E+0	7.381400000E+1
-5.960510000E-8	-1.564630000E-7	7.619200000E+0	0.000000000E+0	7.542700000E+1
1.564630000E-7	-3.874320000E-7	7.606400000E+0	0.000000000E+0	7.701400000E+1
9.685800000E-8	-1.415620000E-7	7.595400000E+0	0.000000000E+0	7.864200000E+1
0.000000000E+0	-1.713640000E-7	7.583500000E+0	0.000000000E+0	7.989500000E+1
4.619380000E-7	7.450640000E-9	7.572700000E+0	0.000000000E+0	8.106600000E+1
5.215430000E-8	5.960510000E-8	7.562500000E+0	0.000000000E+0	8.225700000E+1
1.266610000E-7	-2.756730000E-7	7.549800000E+0	0.000000000E+0	8.382700000E+1
5.140940000E-7	-2.086170000E-7	7.539700000E+0	0.000000000E+0	8.503200000E+1
1.192100000E-7	-7.450640000E-9	7.528800000E+0	0.000000000E+0	8.623000000E+1
-1.043090000E-7	-2.458710000E-7	7.517900000E+0	0.000000000E+0	8.744100000E+1
1.937160000E-7	-2.905740000E-7	7.505200000E+0	0.000000000E+0	8.902800000E+1
4.097840000E-7	-1.192100000E-7	7.492700000E+0	0.000000000E+0	9.060800000E+1
2.756730000E-7	-4.097840000E-7	7.480600000E+0	0.000000000E+0	9.224000000E+1
5.066430000E-7	-6.705570000E-8	7.467400000E+0	0.000000000E+0	9.381500000E+1
4.544870000E-7	-4.470370000E-8	7.453900000E+0	0.000000000E+0	9.543200000E+1
1.564630000E-7	2.086170000E-7	7.442900000E+0	0.000000000E+0	9.663000000E+1
1.341110000E-7	8.940740000E-8	7.432400000E+0	0.000000000E+0	9.788700000E+1
4.768410000E-7	-6.705570000E-8	7.421500000E+0	0.000000000E+0	9.901700000E+1
7.450630000E-8	-2.384200000E-7	7.410700000E+0	0.000000000E+0	1.003550000E+2
8.940740000E-8	-1.862650000E-7	7.398300000E+0	0.000000000E+0	1.019610000E+2
3.725310000E-7	-1.713640000E-7	7.387300000E+0	0.000000000E+0	1.031670000E+2
-7.450640000E-9	-2.905740000E-7	7.377000000E+0	0.000000000E+0	1.044750000E+2
2.980250000E-8	-1.341110000E-7	7.365000000E+0	0.000000000E+0	1.060950000E+2
2.533220000E-7	-3.650800000E-7	7.353300000E+0	0.000000000E+0	1.075010000E+2
-1.117590000E-7	-1.266610000E-7	7.342400000E+0	0.000000000E+0	1.086130000E+2
1.415620000E-7	5.960510000E-8	7.330200000E+0	0.000000000E+0	1.102610000E+2
3.650800000E-7	1.341110000E-7	7.317300000E+0	0.000000000E+0	1.117430000E+2
-4.470370000E-8	8.195680000E-8	7.306800000E+0	0.000000000E+0	1.129450000E+2
3.501790000E-7	-6.705570000E-8	7.292000000E+0	0.000000000E+0	1.146220000E+2
-8.940740000E-8	-1.341110000E-7	7.281000000E+0	0.000000000E+0	1.159680000E+2
4.917420000E-7	1.266610000E-7	7.270100000E+0	0.000000000E+0	1.173000000E+2
8.195680000E-8	-2.235180000E-7	7.259600000E+0	0.000000000E+0	1.186410000E+2
4.023330000E-7	6.705570000E-8	7.244700000E+0	0.000000000E+0	1.203620000E+2
2.980250000E-7	1.043090000E-7	7.233800000E+0	0.000000000E+0	1.215760000E+2
3.352780000E-7	-2.086170000E-7	7.220500000E+0	0.000000000E+0	1.230890000E+2
3.203770000E-7	1.341110000E-7	7.208100000E+0	0.000000000E+0	1.246470000E+2
4.693880000E-7	6.705570000E-8	7.197700000E+0	0.000000000E+0	1.260950000E+2
3.278270000E-7	1.117590000E-7	7.185700000E+0	0.000000000E+0	1.276960000E+2
1.713640000E-7	-3.278270000E-7	7.174100000E+0	0.000000000E+0	1.290400000E+2
5.587970000E-7	-2.980250000E-8	7.163200000E+0	0.000000000E+0	1.304140000E+2
5.960510000E-8	-9.685800000E-8	7.149400000E+0	0.000000000E+0	1.317460000E+2
-5.960510000E-8	-2.980250000E-8	7.138700000E+0	0.000000000E+0	1.332100000E+2
4.544870000E-7	-8.940740000E-8	7.128200000E+0	0.000000000E+0	1.343640000E+2
5.289950000E-7	-5.960510000E-8	7.117400000E+0	0.000000000E+0	1.356170000E+2
4.991930000E-7	-2.607720000E-7	7.105900000E+0	0.000000000E+0	1.368980000E+2
5.215430000E-8	7.450630000E-8	7.095700000E+0	0.000000000E+0	1.382350000E+2
4.768410000E-7	-1.490130000E-8	7.084500000E+0	0.000000000E+0	1.395540000E+2
2.384200000E-7	1.490130000E-7	7.071300000E+0	0.000000000E+0	1.413120000E+2
4.544870000E-7	-6.705570000E-8	7.060300000E+0	0.000000000E+0	1.426140000E+2
5.960510000E-8	1.713640000E-7	7.049400000E+0	0.000000000E+0	1.438140000E+2
3.874320000E-7	-2.086170000E-7	7.037200000E+0	0.000000000E+0	1.453110000E+2
-6.705570000E-8	8.195680000E-8	7.021900000E+0	0.000000000E+0	1.470280000E+2
4.321350000E-7	-2.533220000E-7	7.011100000E+0	0.000000000E+0	1.483770000E+2
1.862650000E-7	1.862650000E-7	6.996700000E+0	0.000000000E+0	1.500990000E+2
2.235180000E-7	1.490130000E-7	6.983300000E+0	0.000000000E+0	1.519070000E+2
5.066430000E-7	3.725310000E-8	6.972300000E+0	0.000000000E+0	1.531870000E+2
-1.043090000E-7	2.980250000E-8	6.960400000E+0	0.000000000E+0	1.543760000E+2
4.395860000E-7	3.725310000E-8	6.948100000E+0	0.000000000E+0	1.558800000E+2
-2.235190000E-8	-3.054760000E-7	6.935200000E+0	0.000000000E+0	1.577550000E+2
4.544870000E-7	-1.043090000E-7	6.924300000E+0	0.000000000E+0	1.587650000E+2
-2.980250000E-8	-1.862650000E-7	6.910300000E+0	0.000000000E+0	1.606270000E+2
-5.960510000E-8	0.000000000E+0	6.899100000E+0	0.000000000E+0	1.619030000E+2
4.470370000E-7	2.980250000E-8	6.888200000E+0	0.000000000E+0	1.634130000E+2
3.948830000E-7	-1.788150000E-7	6.876700000E+0	0.000000000E+0	1.645040000E+2
2.086170000E-7	1.266610000E-7	6.864600000E+0	0.000000000E+0	1.662520000E+2
3.725310000E-7	-2.235180000E-7	6.854200000E+0	0.000000000E+0	1.672060000E+2
-4.470370000E-8	-3.352780000E-7	6.843300000E+0	0.000000000E+0	1.685090000E+2
4.097840000E-7	-1.490130000E-8	6.831900000E+0	0.000000000E+0	1.696950000E+2
-1.341110000E-7	-7.450630000E-8	6.820100000E+0	0.000000000E+0	1.712300000E+2
3.129260000E-7	-6.705570000E-8	6.808200000E+0	0.000000000E+0	1.727580000E+2
5.960510000E-8	-3.203770000E-7	6.796900000E+0	0.000000000E+0	1.742490000E+2
3.278270000E-7	-3.054760000E-7	6.783500000E+0	0.000000000E+0	1.758300000E+2
-1.266610000E-7	-2.235190000E-8	6.772000000E+0	0.000000000E+0	1.771560000E+2
3.203770000E-7	-3.650800000E-7	6.761300000E+0	0.000000000E+0	1.785280000E+2
2.607720000E-7	2.160680000E-7	6.747500000E+0	0.000000000E+0	1.798950000E+2
3.725310000E-7	1.266610000E-7	6.734600000E+0	0.000000000E+0	1.817010000E+2
-5.960510000E-8	8.195680000E-8	6.723500000E+0	0.000000000E+0	1.829040000E+2
-1.415620000E-7	-3.427290000E-7	6.709700000E+0	0.000000000E+0	1.846700000E+2
8.940740000E-8	7.450630000E-8	6.699200000E+0	0.000000000E+0	1.859700000E+2
3.352780000E-7	-1.937160000E-7	6.685500000E+0	0.000000000E+0	1.873030000E+2
1.788150000E-7	-3.129260000E-7	6.662500000E+0	0.000000000E+0	1.903800000E+2
2.235180000E-7	2.756730000E-7	6.652300000E+0	0.000000000E+0	1.915550000E+2
2.533220000E-7	-1.937160000E-7	6.640300000E+0	0.000000000E+0	1.930440000E+2
3.203770000E-7	-2.682230000E-7	6.627900000E+0	0.000000000E+0	1.945040000E+2
4.619380000E-7	-6.705570000E-8	6.615900000E+0	0.000000000E+0	1.957150000E+2
0.000000000E+0	-2.309690000E-7	6.603900000E+0	0.000000000E+0	1.975810000E+2
3.129260000E-7	-2.831240000E-7	6.593600000E+0	0.000000000E+0	1.986240000E+2
3.054760000E-7	-3.874320000E-7	6.582400000E+0	0.000000000E+0	2.002410000E+2
4.768410000E-7	-2.607720000E-7	6.569500000E+0	0.000000000E+0	2.012920000E+2
-6.705570000E-8	-1.713640000E-7	6.558700000E+0	0.000000000E+0	2.026290000E+2
3.054760000E-7	1.341110000E-7	6.547400000E+0	0.000000000E+0	2.039430000E+2
2.980250000E-8	-2.607720000E-7	6.537100000E+0	0.000000000E+0	2.052880000E+2
4.023330000E-7	-1.788150000E-7	6.523600000E+0	0.000000000E+0	2.070310000E+2
-5.960510000E-8	-1.341110000E-7	6.511800000E+0	0.000000000E+0	2.083550000E+2
1.490130000E-7	-5.364450000E-7	6.501000000E+0	0.000000000E+0	2.095740000E+2
1.117590000E-7	-3.203770000E-7	6.489600000E+0	0.000000000E+0	2.110290000E+2
2.011670000E-7	-3.501790000E-7	6.475500000E+0	0.000000000E+0	2.126260000E+2
3.501790000E-7	-1.192100000E-7	6.465300000E+0	0.000000000E+0	2.136790000E+2
5.960510000E-8	-3.352780000E-7	6.454900000E+0	0.000000000E+0	2.151510000E+2
-1.341110000E-7	-1.415620000E-7	6.443000000E+0	0.000000000E+0	2.166240000E+2
2.980250000E-8	-2.980250000E-7	6.432700000E+0	0.000000000E+0	2.182180000E+2
0.000000000E+0	-2.309690000E-7	6.422400000E+0	0.000000000E+0	2.193000000E+2
-3.725310000E-8	-2.235190000E-8	6.409000000E+0	0.000000000E+0	2.209400000E+2
0.000000000E+0	-2.607720000E-7	6.398200000E+0	0.000000000E+0	2.219690000E+2
-8.195680000E-8	1.192100000E-7	6.385800000E+0	0.000000000E+0	2.232840000E+2
-1.117590000E-7	-1.490130000E-7	6.373300000E+0	0.000000000E+0	2.250510000E+2
4.321350000E-7	8.940740000E-8	6.362800000E+0	0.000000000E+0	2.263870000E+2
1.713640000E-7	-2.831240000E-7	6.350200000E+0	0.000000000E+0	2.277040000E+2
7.450630000E-8	1.639140000E-7	6.339200000E+0	0.000000000E+0	2.290280000E+2
5.140940000E-7	-2.309690000E-7	6.327300000E+0	0.000000000E+0	2.309050000E+2
7.450640000E-9	1.117590000E-7	6.316900000E+0	0.000000000E+0	2.317090000E+2
1.639140000E-7	-2.905740000E-7	6.305900000E+0	0.000000000E+0	2.328950000E+2
2.980250000E-8	1.192100000E-7	6.295100000E+0	0.000000000E+0	2.342210000E+2
4.321350000E-7	-2.011670000E-7	6.284900000E+0	0.000000000E+0	2.355610000E+2
1.266610000E-7	1.266610000E-7	6.274300000E+0	0.000000000E+0	2.369210000E+2
2.160680000E-7	2.309690000E-7	6.259400000E+0	0.000000000E+0	2.389040000E+2
2.235190000E-8	1.415620000E-7	6.247700000E+0	0.000000000E+0	2.399710000E+2
4.619380000E-7	-7.450630000E-8	6.235600000E+0	0.000000000E+0	2.412820000E+2
1.043090000E-7	8.940740000E-8	6.222600000E+0	0.000000000E+0	2.430320000E+2
2.235190000E-8	-2.458710000E-7	6.212100000E+0	0.000000000E+0	2.444150000E+2
1.490130000E-8	-6.705570000E-8	6.199200000E+0	0.000000000E+0	2.456830000E+2
3.203770000E-7	-3.203770000E-7	6.187800000E+0	0.000000000E+0	2.470630000E+2
1.117590000E-7	9.685800000E-8	6.177500000E+0	0.000000000E+0	2.482130000E+2
4.023330000E-7	5.960510000E-8	6.165800000E+0	0.000000000E+0	2.500640000E+2
2.011670000E-7	4.470370000E-8	6.151100000E+0	0.000000000E+0	2.518160000E+2
3.129260000E-7	-2.682230000E-7	6.138600000E+0	0.000000000E+0	2.531680000E+2
-1.266610000E-7	-8.940740000E-8	6.128500000E+0	0.000000000E+0	2.541150000E+2
3.352780000E-7	-1.341110000E-7	6.115600000E+0	0.000000000E+0	2.558240000E+2
-1.490130000E-7	-4.470370000E-8	6.104900000E+0	0.000000000E+0	2.571700000E+2
-7.450630000E-8	5.960510000E-8	6.093400000E+0	0.000000000E+0	2.586140000E+2
1.564630000E-7	-2.980250000E-7	6.081800000E+0	0.000000000E+0	2.598190000E+2
4.544870000E-7	-5.960510000E-8	6.067700000E+0	0.000000000E+0	2.615600000E+2
1.862650000E-7	1.043090000E-7	6.057600000E+0	0.000000000E+0	2.629450000E+2
4.544870000E-7	-5.960510000E-8	6.045800000E+0	0.000000000E+0	2.646060000E+2
2.235190000E-8	2.235190000E-8	6.033400000E+0	0.000000000E+0	2.659620000E+2
1.564630000E-7	1.862650000E-7	6.022500000E+0	0.000000000E+0	2.668930000E+2
-7.450640000E-9	-6.705570000E-8	6.011100000E+0	0.000000000E+0	2.681070000E+2
1.490130000E-7	1.341110000E-7	5.998900000E+0	0.000000000E+0	2.699530000E+2
2.533220000E-7	-2.756730000E-7	5.987300000E+0	0.000000000E+0	2.714560000E+2
2.905740000E-7	-2.607720000E-7	5.976400000E+0	0.000000000E+0	2.725320000E+2
-1.117590000E-7	-2.160680000E-7	5.965500000E+0	0.000000000E+0	2.740060000E+2
1.639140000E-7	-3.203770000E-7	5.953500000E+0	0.000000000E+0	2.755930000E+2
2.011670000E-7	-2.905740000E-7	5.939800000E+0	0.000000000E+0	2.770170000E+2
-1.490130000E-7	-1.490130000E-7	5.925700000E+0	0.000000000E+0	2.788760000E+2
-7.450640000E-9	-2.235180000E-7	5.911500000E+0	0.000000000E+0	2.801100000E+2
2.682230000E-7	1.117590000E-7	5.900400000E+0	0.000000000E+0	2.818000000E+2
6.705570000E-8	1.341110000E-7	5.887600000E+0	0.000000000E+0	2.832200000E+2
2.607720000E-7	1.564630000E-7	5.876000000E+0	0.000000000E+0	2.844830000E+2
2.607720000E-7	-4.097840000E-7	5.865100000E+0	0.000000000E+0	2.863490000E+2
1.713640000E-7	-5.215430000E-8	5.851700000E+0	0.000000000E+0	2.875450000E+2
-1.490130000E-7	-7.227100000E-7	5.839700000E+0	0.000000000E+0	2.888800000E+2
-2.607720000E-7	-5.438960000E-7	5.829600000E+0	0.000000000E+0	2.902360000E+2
-7.897650000E-7	-1.333660000E-6	5.819100000E+0	0.000000000E+0	2.915550000E+2
-1.214450000E-6	-9.462270000E-7	5.808200000E+0	0.000000000E+0	2.927330000E+2
-1.668940000E-6	-1.020740000E-6	5.795600000E+0	0.000000000E+0	2.942140000E+2
-2.905740000E-6	-9.834840000E-7	5.782800000E+0	0.000000000E+0	2.960800000E+2
-3.129260000E-6	-1.035640000E-6	5.772600000E+0	0.000000000E+0	2.973000000E+2
-3.457080000E-6	-7.748640000E-7	5.759200000E+0	0.000000000E+0	2.987550000E+2
-3.725300000E-6	-7.674130000E-7	5.747500000E+0	0.000000000E+0	2.998350000E+2
-3.807260000E-6	-3.129260000E-7	5.735400000E+0	0.000000000E+0	3.013420000E+2
-4.112750000E-6	-5.886000000E-7	5.722600000E+0	0.000000000E+0	3.030760000E+2
-4.224510000E-6	-3.948830000E-7	5.711600000E+0	0.000000000E+0	3.045310000E+2
-3.948840000E-6	-7.227100000E-7	5.701300000E+0	0.000000000E+0	3.060900000E+2
-4.127650000E-6	-2.235180000E-7	5.685200000E+0	0.000000000E+0	3.074240000E+2
-4.090400000E-6	-1.266610000E-7	5.675100000E+0	0.000000000E+0	3.085260000E+2
-4.462930000E-6	-4.395860000E-7	5.661200000E+0	0.000000000E+0	3.106160000E+2
-4.187260000E-6	-5.960500000E-7	5.648200000E+0	0.000000000E+0	3.118350000E+2
-4.008440000E-6	-2.682230000E-7	5.635500000E+0	0.000000000E+0	3.134180000E+2
-3.978640000E-6	-2.235180000E-7	5.625400000E+0	0.000000000E+0	3.150140000E+2
-4.418220000E-6	-4.991930000E-7	5.612600000E+0	0.000000000E+0	3.163680000E+2
-4.485280000E-6	-5.736980000E-7	5.600200000E+0	0.000000000E+0	3.179580000E+2
-4.380970000E-6	-1.117590000E-7	5.587500000E+0	0.000000000E+0	3.192850000E+2
-4.053140000E-6	-3.203770000E-7	5.575400000E+0	0.000000000E+0	3.207560000E+2
-4.157450000E-6	-8.195680000E-8	5.561700000E+0	0.000000000E+0	3.225440000E+2
-4.440580000E-6	-5.438960000E-7	5.550300000E+0	0.000000000E+0	3.236900000E+2
-4.246860000E-6	-5.587970000E-7	5.537300000E+0	0.000000000E+0	3.252800000E+2
-4.477830000E-6	-6.854570000E-7	5.521800000E+0	0.000000000E+0	3.274440000E+2
-4.611940000E-6	-2.160680000E-7	5.511500000E+0	0.000000000E+0	3.282260000E+2
-4.239410000E-6	-3.948830000E-7	5.499700000E+0	0.000000000E+0	3.297560000E+2
-4.172350000E-6	-1.192100000E-7	5.488700000E+0	0.000000000E+0	3.311410000E+2
-4.231960000E-6	-3.799810000E-7	5.477200000E+0	0.000000000E+0	3.326240000E+2
-4.470380000E-6	-5.438960000E-7	5.467100000E+0	0.000000000E+0	3.335460000E+2
-4.500180000E-6	-4.470370000E-7	5.454400000E+0	0.000000000E+0	3.351800000E+2
-4.075500000E-6	-3.054760000E-7	5.443200000E+0	0.000000000E+0	3.367400000E+2
-4.373520000E-6	5.960510000E-8	5.431900000E+0	0.000000000E+0	3.381200000E+2
-4.306460000E-6	-4.470370000E-8	5.417400000E+0	0.000000000E+0	3.395710000E+2
-4.410770000E-6	-4.693880000E-7	5.405200000E+0	0.000000000E+0	3.410710000E+2
-4.246860000E-6	-4.768410000E-7	5.394000000E+0	0.000000000E+0	3.424960000E+2
-4.120200000E-6	-3.054760000E-7	5.383100000E+0	0.000000000E+0	3.440910000E+2
-4.656640000E-6	-3.129260000E-7	5.372000000E+0	0.000000000E+0	3.450590000E+2
-4.544880000E-6	5.960510000E-8	5.360300000E+0	0.000000000E+0	3.465470000E+2
-4.582140000E-6	5.960510000E-8	5.348800000E+0	0.000000000E+0	3.479830000E+2
-4.328820000E-6	-3.725310000E-8	5.335000000E+0	0.000000000E+0	3.494380000E+2
-4.179800000E-6	-3.054760000E-7	5.320800000E+0	0.000000000E+0	3.510910000E+2
-4.306460000E-6	-3.352780000E-7	5.309400000E+0	0.000000000E+0	3.523550000E+2
-4.671540000E-6	-2.682230000E-7	5.296400000E+0	0.000000000E+0	3.543990000E+2
-4.798200000E-6	-2.831240000E-7	5.283500000E+0	0.000000000E+0	3.560060000E+2
-4.366070000E-6	-1.341110000E-7	5.271000000E+0	0.000000000E+0	3.573390000E+2
-4.626840000E-6	-6.705570000E-8	5.260000000E+0	0.000000000E+0	3.583740000E+2
-4.433120000E-6	-5.140940000E-7	5.248200000E+0	0.000000000E+0	3.600970000E+2
-4.291560000E-6	-3.054760000E-7	5.233900000E+0	0.000000000E+0	3.618650000E+2
-4.373520000E-6	-3.501790000E-7	5.220700000E+0	0.000000000E+0	3.632980000E+2
-4.492730000E-6	-4.842910000E-7	5.207000000E+0	0.000000000E+0	3.647540000E+2
-4.805650000E-6	-3.576300000E-7	5.196800000E+0	0.000000000E+0	3.658770000E+2
-4.813100000E-6	-3.427290000E-7	5.182500000E+0	0.000000000E+0	3.678450000E+2
-4.567240000E-6	7.450630000E-8	5.171500000E+0	0.000000000E+0	3.691540000E+2
-4.343720000E-6	7.450630000E-8	5.158500000E+0	0.000000000E+0	3.707810000E+2
-4.485280000E-6	4.470370000E-8	5.145300000E+0	0.000000000E+0	3.723750000E+2
-4.313920000E-6	-4.917420000E-7	5.133300000E+0	0.000000000E+0	3.737160000E+2
-4.448030000E-6	-4.917420000E-7	5.121900000E+0	0.000000000E+0	3.751640000E+2
-4.619390000E-6	5.960510000E-8	5.109600000E+0	0.000000000E+0	3.766800000E+2
-4.634290000E-6	-7.450630000E-8	5.096000000E+0	0.000000000E+0	3.780980000E+2
-4.798200000E-6	-2.831240000E-7	5.084000000E+0	0.000000000E+0	3.796930000E+2
-4.708800000E-6	-9.685800000E-8	5.067700000E+0	0.000000000E+0	3.818620000E+2
-4.276660000E-6	-2.980250000E-7	5.057100000E+0	0.000000000E+0	3.826740000E+2
-4.366070000E-6	-5.513470000E-7	5.044300000E+0	0.000000000E+0	3.846610000E+2
-4.291560000E-6	-2.980250000E-8	5.031300000E+0	0.000000000E+0	3.862250000E+2
-4.656640000E-6	-4.172340000E-7	5.017800000E+0	0.000000000E+0	3.875780000E+2
-4.537430000E-6	-5.886000000E-7	5.007700000E+0	0.000000000E+0	3.886210000E+2
-4.455480000E-6	5.215430000E-8	4.996100000E+0	0.000000000E+0	3.899740000E+2
-4.619390000E-6	-7.450640000E-9	4.984700000E+0	0.000000000E+0	3.915620000E+2
-4.313920000E-6	-4.246850000E-7	4.970100000E+0	0.000000000E+0	3.936240000E+2
-4.403320000E-6	-4.917420000E-7	4.957700000E+0	0.000000000E+0	3.949010000E+2
-4.619390000E-6	-4.619380000E-7	4.947500000E+0	0.000000000E+0	3.959820000E+2
-4.410770000E-6	-4.246850000E-7	4.934000000E+0	0.000000000E+0	3.975810000E+2
-4.589590000E-6	1.490130000E-8	4.920200000E+0	0.000000000E+0	3.994590000E+2
-4.619390000E-6	-1.490130000E-8	4.907500000E+0	0.000000000E+0	4.009050000E+2
-4.760950000E-6	-3.203770000E-7	4.897400000E+0	0.000000000E+0	4.021020000E+2
-4.351170000E-6	7.450640000E-9	4.886000000E+0	0.000000000E+0	4.034330000E+2
-4.299010000E-6	-4.321350000E-7	4.873700000E+0	0.000000000E+0	4.049280000E+2
-4.321370000E-6	-5.140940000E-7	4.862300000E+0	0.000000000E+0	4.063670000E+2
-4.306460000E-6	2.980250000E-8	4.848900000E+0	0.000000000E+0	4.079270000E+2
-4.753500000E-6	-1.639140000E-7	4.833700000E+0	0.000000000E+0	4.094870000E+2
-4.321370000E-6	-4.917420000E-7	4.821200000E+0	0.000000000E+0	4.115780000E+2
-4.313920000E-6	-3.129260000E-7	4.810000000E+0	0.000000000E+0	4.128210000E+2
-4.723700000E-6	-2.831240000E-7	4.799500000E+0	0.000000000E+0	4.139520000E+2
-4.634290000E-6	2.980250000E-8	4.785700000E+0	0.000000000E+0	4.155980000E+2
-4.626840000E-6	-1.043090000E-7	4.774300000E+0	0.000000000E+0	4.168500000E+2
-4.448030000E-6	-4.768410000E-7	4.763700000E+0	0.000000000E+0	4.184090000E+2
-4.649190000E-6	-3.203770000E-7	4.751900000E+0	0.000000000E+0	4.196870000E+2
-4.619390000E-6	-2.980250000E-8	4.740600000E+0	0.000000000E+0	4.207940000E+2
-4.589590000E-6	-4.023330000E-7	4.727400000E+0	0.000000000E+0	4.225480000E+2
-4.418220000E-6	-7.450640000E-9	4.713600000E+0	0.000000000E+0	4.242450000E+2
-4.105300000E-6	-2.086170000E-7	4.701200000E+0	0.000000000E+0	4.257150000E+2
-4.321370000E-6	-4.172340000E-7	4.688400000E+0	0.000000000E+0	4.273510000E+2
-4.582140000E-6	-4.321350000E-7	4.678300000E+0	0.000000000E+0	4.282830000E+2
-4.358620000E-6	-5.438960000E-7	4.665900000E+0	0.000000000E+0	4.296980000E+2
-4.395870000E-6	-4.470370000E-7	4.654800000E+0	0.000000000E+0	4.312970000E+2
-4.641740000E-6	-2.309690000E-7	4.640000000E+0	0.000000000E+0	4.331560000E+2
-4.649190000E-6	-1.713640000E-7	4.629400000E+0	0.000000000E+0	4.342290000E+2
-4.649190000E-6	-2.309690000E-7	4.618000000E+0	0.000000000E+0	4.358300000E+2
-4.477830000E-6	1.639140000E-7	4.606700000E+0	0.000000000E+0	4.366170000E+2
-4.217060000E-6	-2.160680000E-7	4.592700000E+0	0.000000000E+0	4.386250000E+2
-4.366070000E-6	-3.725310000E-8	4.578800000E+0	0.000000000E+0	4.402250000E+2
-4.716250000E-6	-4.470370000E-7	4.568600000E+0	0.000000000E+0	4.415620000E+2
-4.455480000E-6	-3.576300000E-7	4.554700000E+0	0.000000000E+0	4.431520000E+2
-4.738600000E-6	-1.639140000E-7	4.542200000E+0	0.000000000E+0	4.446390000E+2
-4.552330000E-6	5.215430000E-8	4.530900000E+0	0.000000000E+0	4.461030000E+2
-4.693890000E-6	-7.450630000E-8	4.520200000E+0	0.000000000E+0	4.471620000E+2
-4.611940000E-6	-8.940740000E-8	4.509200000E+0	0.000000000E+0	4.487900000E+2
-4.261760000E-6	-1.490130000E-7	4.496500000E+0	0.000000000E+0	4.501100000E+2
-4.313920000E-6	-2.086170000E-7	4.486100000E+0	0.000000000E+0	4.515440000E+2
-4.448030000E-6	2.980250000E-8	4.473200000E+0	0.000000000E+0	4.532960000E+2
-4.544880000E-6	3.725310000E-8	4.460700000E+0	0.000000000E+0	4.545490000E+2
-4.701350000E-6	-2.607720000E-7	4.446600000E+0	0.000000000E+0	4.561090000E+2
-4.678990000E-6	0.000000000E+0	4.433600000E+0	0.000000000E+0	4.575820000E+2
-4.373520000E-6	-4.395860000E-7	4.422700000E+0	0.000000000E+0	4.592810000E+2
-4.418220000E-6	2.980250000E-8	4.411400000E+0	0.000000000E+0	4.604860000E+2
-4.321370000E-6	-1.564630000E-7	4.396500000E+0	0.000000000E+0	4.621150000E+2
-4.574690000E-6	5.960510000E-8	4.385800000E+0	0.000000000E+0	4.636950000E+2
-4.678990000E-6	-3.427290000E-7	4.373600000E+0	0.000000000E+0	4.650590000E+2
-4.276660000E-6	-9.685800000E-8	4.363400000E+0	0.000000000E+0	4.662460000E+2
-4.403320000E-6	-4.470370000E-8	4.351200000E+0	0.000000000E+0	4.676820000E+2
-4.664090000E-6	-3.874320000E-7	4.340200000E+0	0.000000000E+0	4.690120000E+2
-4.589590000E-6	-1.490130000E-8	4.327300000E+0	0.000000000E+0	4.704970000E+2
-4.753500000E-6	-3.501790000E-7	4.315200000E+0	0.000000000E+0	4.722570000E+2
-4.246860000E-6	-1.415620000E-7	4.303500000E+0	0.000000000E+0	4.734180000E+2
-4.246860000E-6	-1.713640000E-7	4.288300000E+0	0.000000000E+0	4.750410000E+2
-4.418220000E-6	-3.874320000E-7	4.274800000E+0	0.000000000E+0	4.765080000E+2
-4.239410000E-6	-1.490130000E-7	4.262500000E+0	0.000000000E+0	4.786250000E+2
-4.544880000E-6	-7.450640000E-9	4.248800000E+0	0.000000000E+0	4.800240000E+2
-4.433120000E-6	5.960510000E-8	4.235600000E+0	0.000000000E+0	4.814720000E+2
-4.701350000E-6	1.266610000E-7	4.224800000E+0	0.000000000E+0	4.830580000E+2
-4.753500000E-6	-1.862650000E-7	4.211000000E+0	0.000000000E+0	4.846390000E+2
-4.284110000E-6	-1.490130000E-7	4.197900000E+0	0.000000000E+0	4.859860000E+2
-4.544880000E-6	-3.874320000E-7	4.186900000E+0	0.000000000E+0	4.874780000E+2
-4.500180000E-6	1.043090000E-7	4.175300000E+0	0.000000000E+0	4.886270000E+2
-4.783300000E-6	-3.278270000E-7	4.161900000E+0	0.000000000E+0	4.903700000E+2
-4.798200000E-6	-2.384200000E-7	4.149000000E+0	0.000000000E+0	4.919880000E+2
-4.485280000E-6	-4.246850000E-7	4.136100000E+0	0.000000000E+0	4.935710000E+2
-4.246860000E-6	-4.097840000E-7	4.122400000E+0	0.000000000E+0	4.951580000E+2
-4.231960000E-6	-1.490130000E-7	4.110600000E+0	0.000000000E+0	4.969400000E+2
-4.507630000E-6	8.195680000E-8	4.098200000E+0	0.000000000E+0	4.979710000E+2
-4.455480000E-6	2.980250000E-8	4.086800000E+0	0.000000000E+0	4.995920000E+2
-4.790750000E-6	-2.160680000E-7	4.072600000E+0	0.000000000E+0	5.009720000E+2
-4.500180000E-6	-4.023330000E-7	4.062000000E+0	0.000000000E+0	5.019820000E+2
-4.388420000E-6	-3.948830000E-7	4.047700000E+0	0.000000000E+0	5.039620000E+2
-4.775850000E-6	-3.874320000E-7	4.031200000E+0	0.000000000E+0	5.059800000E+2
-4.604490000E-6	-4.023330000E-7	4.019800000E+0	0.000000000E+0	5.075730000E+2
-4.597040000E-6	3.725310000E-8	4.008100000E+0	0.000000000E+0	5.089180000E+2
-4.820550000E-6	-9.685800000E-8	3.997900000E+0	0.000000000E+0	5.101240000E+2
-4.395870000E-6	-1.490130000E-8	3.984800000E+0	0.000000000E+0	5.116040000E+2
-4.246860000E-6	-1.341110000E-7	3.974400000E+0	0.000000000E+0	5.129000000E+2
-4.798200000E-6	-2.011670000E-7	3.964000000E+0	0.000000000E+0	5.144230000E+2
-4.455480000E-6	7.450630000E-8	3.949900000E+0	0.000000000E+0	5.160920000E+2
-4.544880000E-6	-4.172340000E-7	3.937400000E+0	0.000000000E+0	5.168940000E+2
-4.485280000E-6	-8.195680000E-8	3.924900000E+0	0.000000000E+0	5.189680000E+2
-4.477830000E-6	4.470370000E-8	3.911400000E+0	0.000000000E+0	5.203970000E+2
-4.753500000E-6	-1.862650000E-7	3.900500000E+0	0.000000000E+0	5.221510000E+2
-4.552330000E-6	-6.705570000E-8	3.889200000E+0	0.000000000E+0	5.228990000E+2
-4.284110000E-6	-1.490130000E-7	3.878100000E+0	0.000000000E+0	5.243850000E+2
-4.246860000E-6	-3.054760000E-7	3.866200000E+0	0.000000000E+0	5.258310000E+2
-4.701350000E-6	-3.948830000E-7	3.855600000E+0	0.000000000E+0	5.273280000E+2
-4.470380000E-6	-5.513470000E-7	3.840800000E+0	0.000000000E+0	5.289090000E+2
-4.410770000E-6	-4.842910000E-7	3.830100000E+0	0.000000000E+0	5.301570000E+2
-4.880160000E-6	-2.980250000E-7	3.815900000E+0	0.000000000E+0	5.318190000E+2
-4.582140000E-6	1.490130000E-7	3.803700000E+0	0.000000000E+0	5.333030000E+2
-4.351170000E-6	-1.117590000E-7	3.790500000E+0	0.000000000E+0	5.349510000E+2
-4.783300000E-6	-9.685800000E-8	3.777600000E+0	0.000000000E+0	5.365010000E+2
-4.246860000E-6	-4.172340000E-7	3.765500000E+0	0.000000000E+0	5.378530000E+2
-4.448030000E-6	-4.544870000E-7	3.750700000E+0	0.000000000E+0	5.398540000E+2
-4.492730000E-6	-5.587970000E-7	3.738200000E+0	0.000000000E+0	5.409410000E+2
-4.798200000E-6	-2.160680000E-7	3.725400000E+0	0.000000000E+0	5.429490000E+2
-4.433120000E-6	-4.172340000E-7	3.712500000E+0	0.000000000E+0	5.444960000E+2
-4.880160000E-6	-1.117590000E-7	3.697300000E+0	0.000000000E+0	5.458360000E+2
-4.313920000E-6	-3.874320000E-7	3.684000000E+0	0.000000000E+0	5.479070000E+2
-4.246860000E-6	-2.011670000E-7	3.673300000E+0	0.000000000E+0	5.489600000E+2
-4.678990000E-6	-2.235190000E-8	3.656500000E+0	0.000000000E+0	5.508900000E+2
-4.231960000E-6	-2.011670000E-7	3.645200000E+0	0.000000000E+0	5.525650000E+2
-4.492730000E-6	-3.352780000E-7	3.632900000E+0	0.000000000E+0	5.538470000E+2
-4.678990000E-6	-4.321350000E-7	3.620700000E+0	0.000000000E+0	5.553070000E+2
-4.775850000E-6	-2.756730000E-7	3.608300000E+0	0.000000000E+0	5.569440000E+2
-4.485280000E-6	-3.874320000E-7	3.597000000E+0	0.000000000E+0	5.579660000E+2
-4.440580000E-6	-7.450640000E-9	3.586700000E+0	0.000000000E+0	5.597110000E+2
-4.246860000E-6	-2.831240000E-7	3.575200000E+0	0.000000000E+0	5.611720000E+2
-4.254310000E-6	-3.278270000E-7	3.564300000E+0	0.000000000E+0	5.622400000E+2
-4.179800000E-6	-1.788150000E-7	3.546800000E+0	0.000000000E+0	5.643850000E+2
-4.582140000E-6	4.470370000E-8	3.533800000E+0	0.000000000E+0	5.664940000E+2
-4.559780000E-6	7.450630000E-8	3.523600000E+0	0.000000000E+0	5.675730000E+2
-4.723700000E-6	-1.639140000E-7	3.506600000E+0	0.000000000E+0	5.696830000E+2
-4.693890000E-6	-1.266610000E-7	3.488800000E+0	0.000000000E+0	5.718470000E+2
-4.522530000E-6	-4.619380000E-7	3.477300000E+0	0.000000000E+0	5.739530000E+2
-4.641740000E-6	-4.246850000E-7	3.455300000E+0	0.000000000E+0	5.761050000E+2
-4.544880000E-6	-3.874320000E-7	3.439400000E+0	0.000000000E+0	5.782390000E+2
-4.284110000E-6	-3.054760000E-7	3.425200000E+0	0.000000000E+0	5.803700000E+2
-4.328820000E-6	-1.937160000E-7	3.403800000E+0	0.000000000E+0	5.825010000E+2
-4.448030000E-6	1.043090000E-7	3.393100000E+0	0.000000000E+0	5.846210000E+2
-4.529980000E-6	8.195680000E-8	3.382700000E+0	0.000000000E+0	5.857050000E+2
-4.388420000E-6	-1.937160000E-7	3.364000000E+0	0.000000000E+0	5.878780000E+2
-4.783300000E-6	-3.278270000E-7	3.349400000E+0	0.000000000E+0	5.899510000E+2
-4.373520000E-6	-1.341110000E-7	3.339400000E+0	0.000000000E+0	5.910860000E+2
-4.604490000E-6	-4.395860000E-7	3.324100000E+0	0.000000000E+0	5.931510000E+2
-4.604490000E-6	7.450640000E-9	3.307800000E+0	0.000000000E+0	5.953640000E+2
-4.775850000E-6	-3.650800000E-7	3.296200000E+0	0.000000000E+0	5.963940000E+2
-4.313920000E-6	-3.129260000E-7	3.283300000E+0	0.000000000E+0	5.984950000E+2
-4.328820000E-6	-1.192100000E-7	3.265000000E+0	0.000000000E+0	6.006370000E+2
-4.313920000E-6	-1.490130000E-8	3.254500000E+0	0.000000000E+0	6.016970000E+2
-4.336270000E-6	-2.011670000E-7	3.240800000E+0	0.000000000E+0	6.038440000E+2
-4.567240000E-6	2.980250000E-8	3.224000000E+0	0.000000000E+0	6.059600000E+2
-4.276660000E-6	-1.117590000E-7	3.205500000E+0	0.000000000E+0	6.081520000E+2
-4.708800000E-6	-2.235190000E-8	3.191400000E+0	0.000000000E+0	6.102450000E+2
-4.693890000E-6	-2.607720000E-7	3.171500000E+0	0.000000000E+0	6.123630000E+2
-4.634290000E-6	-3.874320000E-7	3.159800000E+0	0.000000000E+0	6.145000000E+2
-4.835460000E-6	-3.054760000E-7	3.146200000E+0	0.000000000E+0	6.159650000E+2
-4.701350000E-6	-4.097840000E-7	3.133300000E+0	0.000000000E+0	6.170140000E+2
-4.500180000E-6	-4.172340000E-7	3.119800000E+0	0.000000000E+0	6.191470000E+2
-4.373520000E-6	-3.576300000E-7	3.106900000E+0	0.000000000E+0	6.212870000E+2
-4.515080000E-6	-4.023330000E-7	3.094700000E+0	0.000000000E+0	6.223720000E+2
-4.395870000E-6	-3.427290000E-7	3.081700000E+0	0.000000000E+0	6.234320000E+2
-4.574690000E-6	-7.450640000E-9	3.065000000E+0	0.000000000E+0	6.266080000E+2
-4.515080000E-6	4.470370000E-8	3.052800000E+0	0.000000000E+0	6.276790000E+2
-4.470380000E-6	5.960510000E-8	3.041900000E+0	0.000000000E+0	6.287600000E+2
-4.440580000E-6	-2.980250000E-8	3.030900000E+0	0.000000000E+0	6.309120000E+2
-4.664090000E-6	-1.341110000E-7	3.013100000E+0	0.000000000E+0	6.330340000E+2
-4.753500000E-6	-1.490130000E-8	2.999600000E+0	0.000000000E+0	6.340940000E+2
-4.515080000E-6	8.195680000E-8	2.988300000E+0	0.000000000E+0	6.362890000E+2
-4.820550000E-6	-2.011670000E-7	2.971200000E+0	0.000000000E+0	6.383900000E+2
-4.753500000E-6	-6.705570000E-8	2.960500000E+0	0.000000000E+0	6.394940000E+2
-4.716250000E-6	-4.395860000E-7	2.943700000E+0	0.000000000E+0	6.415910000E+2
-4.328820000E-6	-4.246850000E-7	2.931700000E+0	0.000000000E+0	6.437070000E+2
-4.582140000E-6	-3.352780000E-7	2.919700000E+0	0.000000000E+0	6.448040000E+2
-4.276660000E-6	-2.831240000E-7	2.909600000E+0	0.000000000E+0	6.458450000E+2
-4.366070000E-6	-2.980250000E-8	2.897800000E+0	0.000000000E+0	6.479800000E+2
-4.552330000E-6	1.490130000E-8	2.878000000E+0	0.000000000E+0	6.500910000E+2
-4.678990000E-6	-6.705570000E-8	2.867500000E+0	0.000000000E+0	6.511590000E+2
-4.708800000E-6	-1.117590000E-7	2.856400000E+0	0.000000000E+0	6.533040000E+2
-4.589590000E-6	-6.705570000E-8	2.835600000E+0	0.000000000E+0	6.554740000E+2
-4.842910000E-6	-9.685800000E-8	2.819300000E+0	0.000000000E+0	6.575990000E+2
-4.641740000E-6	-3.650800000E-7	2.807100000E+0	0.000000000E+0	6.597150000E+2
-4.448030000E-6	-4.544870000E-7	2.795100000E+0	0.000000000E+0	6.607720000E+2
-4.507630000E-6	-4.097840000E-7	2.777900000E+0	0.000000000E+0	6.629140000E+2
-4.261760000E-6	-2.384200000E-7	2.762600000E+0	0.000000000E+0	6.650440000E+2
-4.246860000E-6	-1.192100000E-7	2.746100000E+0	0.000000000E+0	6.671800000E+2
-4.410770000E-6	5.215430000E-8	2.728600000E+0	0.000000000E+0	6.693060000E+2
-4.701350000E-6	7.450630000E-8	2.711200000E+0	0.000000000E+0	6.714440000E+2
-4.462930000E-6	7.450640000E-9	2.696700000E+0	0.000000000E+0	6.736090000E+2
-4.574690000E-6	1.341110000E-7	2.676200000E+0	0.000000000E+0	6.757530000E+2
-4.701350000E-6	-1.490130000E-8	2.664900000E+0	0.000000000E+0	6.778790000E+2
-4.649190000E-6	0.000000000E+0	2.653900000E+0	0.000000000E+0	6.789610000E+2
-4.775850000E-6	-2.756730000E-7	2.637100000E+0	0.000000000E+0	6.810930000E+2
-4.500180000E-6	-4.917420000E-7	2.618900000E+0	0.000000000E+0	6.831960000E+2
-4.306460000E-6	-3.725310000E-7	2.605400000E+0	0.000000000E+0	6.853440000E+2
-4.418220000E-6	7.450640000E-9	2.586100000E+0	0.000000000E+0	6.874340000E+2
-4.336270000E-6	-1.192100000E-7	2.570200000E+0	0.000000000E+0	6.895940000E+2
-4.649190000E-6	8.940740000E-8	2.554600000E+0	0.000000000E+0	6.917190000E+2
-4.500180000E-6	1.043090000E-7	2.543800000E+0	0.000000000E+0	6.927960000E+2
-4.582140000E-6	2.235190000E-8	2.528400000E+0	0.000000000E+0	6.949510000E+2
-4.678990000E-6	1.266610000E-7	2.512600000E+0	0.000000000E+0	6.970930000E+2
-4.835460000E-6	-5.215430000E-8	2.501300000E+0	0.000000000E+0	6.981630000E+2
-4.589590000E-6	-4.097840000E-7	2.490200000E+0	0.000000000E+0	7.002580000E+2
-4.515080000E-6	-4.917420000E-7	2.480100000E+0	0.000000000E+0	7.013290000E+2
-4.604490000E-6	-4.768410000E-7	2.468500000E+0	0.000000000E+0	7.024010000E+2
-4.403320000E-6	-3.501790000E-7	2.455100000E+0	0.000000000E+0	7.045410000E+2
-4.388420000E-6	-3.874320000E-7	2.437200000E+0	0.000000000E+0	7.066780000E+2
-4.455480000E-6	-4.470370000E-7	2.426100000E+0	0.000000000E+0	7.077680000E+2
-4.231960000E-6	-3.725310000E-8	2.414700000E+0	0.000000000E+0	7.098740000E+2
-4.544880000E-6	4.470370000E-8	2.392900000E+0	0.000000000E+0	7.119970000E+2
-4.358620000E-6	-2.905740000E-7	2.380000000E+0	0.000000000E+0	7.142010000E+2
-4.701350000E-6	-7.450630000E-8	2.361900000E+0	0.000000000E+0	7.162700000E+2
-4.850360000E-6	2.980250000E-8	2.350600000E+0	0.000000000E+0	7.173480000E+2
-4.597040000E-6	1.341110000E-7	2.339600000E+0	0.000000000E+0	7.195240000E+2
-4.567240000E-6	-4.470370000E-8	2.318700000E+0	0.000000000E+0	7.216720000E+2
-4.760950000E-6	-7.450640000E-9	2.304400000E+0	0.000000000E+0	7.238060000E+2
-4.366070000E-6	-3.799810000E-7	2.286900000E+0	0.000000000E+0	7.258660000E+2
-4.291560000E-6	-3.874320000E-7	2.276900000E+0	0.000000000E+0	7.269460000E+2
-4.276660000E-6	-1.341110000E-7	2.262600000E+0	0.000000000E+0	7.290750000E+2
-4.246860000E-6	-1.490130000E-7	2.245000000E+0	0.000000000E+0	7.312200000E+2
-4.358620000E-6	5.215430000E-8	2.234700000E+0	0.000000000E+0	7.322830000E+2
-4.611940000E-6	0.000000000E+0	2.223000000E+0	0.000000000E+0	7.343980000E+2
-4.306460000E-6	-4.470370000E-8	2.212100000E+0	0.000000000E+0	7.355270000E+2
-4.753500000E-6	-1.117590000E-7	2.201200000E+0	0.000000000E+0	7.365480000E+2
-4.783300000E-6	-2.980250000E-8	2.189300000E+0	0.000000000E+0	7.386990000E+2
-4.746050000E-6	-1.490130000E-8	2.169300000E+0	0.000000000E+0	7.408520000E+2
-4.701350000E-6	-2.831240000E-7	2.158500000E+0	0.000000000E+0	7.419000000E+2
-4.552330000E-6	-3.874320000E-7	2.136000000E+0	0.000000000E+0	7.450990000E+2
-4.559780000E-6	-4.097840000E-7	2.125400000E+0	0.000000000E+0	7.461720000E+2
-4.828010000E-6	-3.054760000E-7	2.114800000E+0	0.000000000E+0	7.483520000E+2
-4.507630000E-6	-3.948830000E-7	2.092900000E+0	0.000000000E+0	7.504720000E+2
-4.410770000E-6	-4.097840000E-7	2.079700000E+0	0.000000000E+0	7.526110000E+2
-4.224510000E-6	-2.086170000E-7	2.061700000E+0	0.000000000E+0	7.547380000E+2
-4.328820000E-6	-2.086170000E-7	2.050700000E+0	0.000000000E+0	7.558210000E+2
-4.291560000E-6	-3.725310000E-8	2.039400000E+0	0.000000000E+0	7.579510000E+2
-4.790750000E-6	-4.470370000E-8	2.018100000E+0	0.000000000E+0	7.600400000E+2
-4.567240000E-6	-3.725310000E-8	2.005500000E+0	0.000000000E+0	7.622250000E+2
-4.574690000E-6	-3.874320000E-7	1.994600000E+0	0.000000000E+0	7.643000000E+2
-4.537430000E-6	1.192100000E-7	2.004700000E+0	0.000000000E+0	7.661710000E+2
-4.731150000E-6	6.705570000E-8	2.015400000E+0	0.000000000E+0	8.617840000E+2
-4.753500000E-6	-4.470370000E-8	2.028600000E+0	0.000000000E+0	8.630300000E+2
-4.768400000E-6	-2.309690000E-7	2.041500000E+0	0.000000000E+0	8.649680000E+2
-4.574690000E-6	-4.842910000E-7	2.053500000E+0	0.000000000E+0	8.662030000E+2
-4.842910000E-6	-3.129260000E-7	2.066200000E+0	0.000000000E+0	8.678290000E+2
-4.753500000E-6	-4.246850000E-7	2.078600000E+0	0.000000000E+0	8.694430000E+2
-4.790750000E-6	-1.862650000E-7	2.090100000E+0	0.000000000E+0	8.707100000E+2
-4.433120000E-6	-3.129260000E-7	2.101500000E+0	0.000000000E+0	8.719140000E+2
-4.455480000E-6	-1.490130000E-8	2.113100000E+0	0.000000000E+0	8.736520000E+2
-4.783300000E-6	-4.470370000E-7	2.126600000E+0	0.000000000E+0	8.750020000E+2
-4.157450000E-6	-2.905740000E-7	2.139900000E+0	0.000000000E+0	8.767540000E+2
-4.746050000E-6	-2.160680000E-7	2.150300000E+0	0.000000000E+0	8.778910000E+2
-4.269210000E-6	-3.725310000E-7	2.162000000E+0	0.000000000E+0	8.792510000E+2
-4.418220000E-6	-1.117590000E-7	2.173500000E+0	0.000000000E+0	8.808410000E+2
-4.477830000E-6	-3.501790000E-7	2.191000000E+0	0.000000000E+0	8.826990000E+2
-4.440580000E-6	4.470370000E-8	2.203800000E+0	0.000000000E+0	8.844210000E+2
-4.403320000E-6	2.235190000E-8	2.215900000E+0	0.000000000E+0	8.860260000E+2
-4.857810000E-6	-1.043090000E-7	2.227700000E+0	0.000000000E+0	8.872400000E+2
-4.567240000E-6	-3.278270000E-7	2.238400000E+0	0.000000000E+0	8.885940000E+2
-4.731150000E-6	7.450630000E-8	2.249800000E+0	0.000000000E+0	8.899450000E+2
-4.477830000E-6	-4.321350000E-7	2.266800000E+0	0.000000000E+0	8.920140000E+2
-4.537430000E-6	8.195680000E-8	2.278700000E+0	0.000000000E+0	8.933790000E+2
-4.753500000E-6	1.490130000E-8	2.291800000E+0	0.000000000E+0	8.949660000E+2
-4.775850000E-6	-2.756730000E-7	2.301900000E+0	0.000000000E+0	8.961910000E+2
-4.835460000E-6	-1.192100000E-7	2.316300000E+0	0.000000000E+0	8.981780000E+2
-4.746050000E-6	-4.470370000E-8	2.328200000E+0	0.000000000E+0	8.992680000E+2
-4.351170000E-6	-6.705570000E-8	2.338500000E+0	0.000000000E+0	9.005690000E+2
-4.604490000E-6	2.384200000E-7	2.351100000E+0	0.000000000E+0	9.023420000E+2
-4.597040000E-6	-3.650800000E-7	2.363800000E+0	0.000000000E+0	9.035030000E+2
-4.485280000E-6	-4.246850000E-7	2.376300000E+0	0.000000000E+0	9.051090000E+2
-4.358620000E-6	-2.309690000E-7	2.389600000E+0	0.000000000E+0	9.068810000E+2
-4.306460000E-6	-2.607720000E-7	2.401900000E+0	0.000000000E+0	9.083170000E+2
-4.805650000E-6	-1.564630000E-7	2.413400000E+0	0.000000000E+0	9.094860000E+2
-4.380970000E-6	0.000000000E+0	2.424000000E+0	0.000000000E+0	9.111500000E+2
-4.246860000E-6	-2.682230000E-7	2.436800000E+0	0.000000000E+0	9.124310000E+2
-4.477830000E-6	5.960510000E-8	2.448600000E+0	0.000000000E+0	9.136420000E+2
-4.500180000E-6	-3.799810000E-7	2.460600000E+0	0.000000000E+0	9.153480000E+2
-4.641740000E-6	-4.097840000E-7	2.473700000E+0	0.000000000E+0	9.169690000E+2
-4.291560000E-6	-1.639140000E-7	2.487100000E+0	0.000000000E+0	9.183550000E+2
-4.336270000E-6	-4.544870000E-7	2.497200000E+0	0.000000000E+0	9.196310000E+2
-4.291560000E-6	-3.948830000E-7	2.509500000E+0	0.000000000E+0	9.212400000E+2
-4.567240000E-6	-1.490130000E-8	2.521900000E+0	0.000000000E+0	9.224380000E+2
-4.373520000E-6	-3.874320000E-7	2.532000000E+0	0.000000000E+0	9.237520000E+2
-4.269210000E-6	-5.289950000E-7	2.545000000E+0	0.000000000E+0	9.255510000E+2
-4.790750000E-6	-1.564630000E-7	2.557500000E+0	0.000000000E+0	9.266990000E+2
-4.328820000E-6	-1.564630000E-7	2.568200000E+0	0.000000000E+0	9.280320000E+2
-4.187260000E-6	-2.980250000E-7	2.578700000E+0	0.000000000E+0	9.296470000E+2
-4.284110000E-6	-1.937160000E-7	2.589700000E+0	0.000000000E+0	9.310910000E+2
-4.708800000E-6	5.215430000E-8	2.599800000E+0	0.000000000E+0	9.317420000E+2
-4.686440000E-6	7.450640000E-9	2.611100000E+0	0.000000000E+0	9.333590000E+2
-4.574690000E-6	-4.395860000E-7	2.630500000E+0	0.000000000E+0	9.356160000E+2
-4.284110000E-6	-2.011670000E-7	2.640900000E+0	0.000000000E+0	9.368250000E+2
-4.708800000E-6	-4.395860000E-7	2.651800000E+0	0.000000000E+0	9.381530000E+2
-4.693890000E-6	-3.501790000E-7	2.664000000E+0	0.000000000E+0	9.397620000E+2
-4.269210000E-6	-1.937160000E-7	2.676200000E+0	0.000000000E+0	9.409530000E+2
-4.455480000E-6	-2.831240000E-7	2.687600000E+0	0.000000000E+0	9.425760000E+2
-4.835460000E-6	-1.117590000E-7	2.698000000E+0	0.000000000E+0	9.439250000E+2
-4.373520000E-6	5.215430000E-8	2.710800000E+0	0.000000000E+0	9.452360000E+2
-4.820550000E-6	-1.639140000E-7	2.722000000E+0	0.000000000E+0	9.464270000E+2
-4.753500000E-6	-3.650800000E-7	2.734700000E+0	0.000000000E+0	9.482060000E+2
-4.313920000E-6	2.980250000E-8	2.747500000E+0	0.000000000E+0	9.499000000E+2
-4.693890000E-6	7.450640000E-9	2.760000000E+0	0.000000000E+0	9.511130000E+2
-4.485280000E-6	-5.364450000E-7	2.770100000E+0	0.000000000E+0	9.523000000E+2
-4.626840000E-6	-2.607720000E-7	2.782700000E+0	0.000000000E+0	9.539460000E+2
-4.217060000E-6	-2.235180000E-7	2.795900000E+0	0.000000000E+0	9.554960000E+2
-4.664090000E-6	-4.842910000E-7	2.807400000E+0	0.000000000E+0	9.569860000E+2
-4.641740000E-6	-4.917420000E-7	2.819800000E+0	0.000000000E+0	9.582370000E+2
-4.798200000E-6	-2.309690000E-7	2.831800000E+0	0.000000000E+0	9.598850000E+2
-4.425670000E-6	-4.991930000E-7	2.842000000E+0	0.000000000E+0	9.610870000E+2
-4.500180000E-6	3.725310000E-8	2.852700000E+0	0.000000000E+0	9.624450000E+2
-4.723700000E-6	-4.470370000E-8	2.865000000E+0	0.000000000E+0	9.636760000E+2
-4.678990000E-6	-4.395860000E-7	2.878100000E+0	0.000000000E+0	9.652270000E+2
-4.440580000E-6	-3.501790000E-7	2.889200000E+0	0.000000000E+0	9.669830000E+2
-4.611940000E-6	1.490130000E-8	2.901700000E+0	0.000000000E+0	9.681810000E+2
-4.656640000E-6	-2.235190000E-8	2.915500000E+0	0.000000000E+0	9.697730000E+2
-4.448030000E-6	1.415620000E-7	2.927900000E+0	0.000000000E+0	9.712430000E+2
-4.440580000E-6	3.725310000E-8	2.938600000E+0	0.000000000E+0	9.728580000E+2
-4.753500000E-6	-4.023330000E-7	2.950100000E+0	0.000000000E+0	9.740300000E+2
-4.708800000E-6	-4.097840000E-7	2.961300000E+0	0.000000000E+0	9.752800000E+2
-4.738600000E-6	-7.450630000E-8	2.972700000E+0	0.000000000E+0	9.765760000E+2
-4.693890000E-6	-3.576300000E-7	2.983500000E+0	0.000000000E+0	9.781580000E+2
-4.224510000E-6	-2.607720000E-7	2.995900000E+0	0.000000000E+0	9.795290000E+2
-4.731150000E-6	-2.607720000E-7	3.006100000E+0	0.000000000E+0	9.806850000E+2
-4.269210000E-6	-2.458710000E-7	3.017900000E+0	0.000000000E+0	9.818730000E+2
-4.291560000E-6	-2.682230000E-7	3.030600000E+0	0.000000000E+0	9.836540000E+2
-4.358620000E-6	-4.470370000E-7	3.042200000E+0	0.000000000E+0	9.854760000E+2
-4.358620000E-6	-1.341110000E-7	3.052600000E+0	0.000000000E+0	9.861500000E+2
-4.306460000E-6	-2.160680000E-7	3.064100000E+0	0.000000000E+0	9.877770000E+2
-4.246860000E-6	-4.470370000E-8	3.074500000E+0	0.000000000E+0	9.890210000E+2
-4.671540000E-6	-3.352780000E-7	3.087100000E+0	0.000000000E+0	9.905530000E+2
-4.611940000E-6	-3.725310000E-8	3.098300000E+0	0.000000000E+0	9.916810000E+2
-4.783300000E-6	-1.341110000E-7	3.112500000E+0	0.000000000E+0	9.936310000E+2
-4.716250000E-6	-3.501790000E-7	3.125300000E+0	0.000000000E+0	9.952050000E+2
-4.313920000E-6	-1.713640000E-7	3.137900000E+0	0.000000000E+0	9.965640000E+2
-4.604490000E-6	2.980250000E-8	3.150100000E+0	0.000000000E+0	9.981300000E+2
-4.611940000E-6	5.960510000E-8	3.161700000E+0	0.000000000E+0	9.993800000E+2
-4.380970000E-6	-4.023330000E-7	3.175800000E+0	0.000000000E+0	1.001084000E+3
-4.820550000E-6	-1.490130000E-7	3.190400000E+0	0.000000000E+0	1.003128000E+3
-4.246860000E-6	-2.533220000E-7	3.202000000E+0	0.000000000E+0	1.004289000E+3
-4.664090000E-6	-3.278270000E-7	3.212500000E+0	0.000000000E+0	1.005227000E+3
-4.723700000E-6	-5.066430000E-7	3.229600000E+0	0.000000000E+0	1.007752000E+3
-4.440580000E-6	-5.066430000E-7	3.241700000E+0	0.000000000E+0	1.008989000E+3
-4.410770000E-6	-8.940740000E-8	3.253200000E+0	0.000000000E+0	1.010363000E+3
-4.753500000E-6	-2.086170000E-7	3.263800000E+0	0.000000000E+0	1.011916000E+3
-4.828010000E-6	-3.799810000E-7	3.277600000E+0	0.000000000E+0	1.013494000E+3
-4.455480000E-6	-3.427290000E-7	3.288100000E+0	0.000000000E+0	1.014727000E+3
-4.291560000E-6	9.685800000E-8	3.300700000E+0	0.000000000E+0	1.015924000E+3
-4.783300000E-6	-7.450640000E-9	3.311000000E+0	0.000000000E+0	1.017489000E+3
-4.313920000E-6	-3.054760000E-7	3.321700000E+0	0.000000000E+0	1.018837000E+3
-4.619390000E-6	8.195680000E-8	3.335100000E+0	0.000000000E+0	1.020204000E+3
-4.671540000E-6	-4.470370000E-7	3.347000000E+0	0.000000000E+0	1.021751000E+3
-4.664090000E-6	-4.544870000E-7	3.360700000E+0	0.000000000E+0	1.023353000E+3
-4.693890000E-6	-4.693880000E-7	3.372400000E+0	0.000000000E+0	1.024798000E+3
-4.619390000E-6	-3.203770000E-7	3.386900000E+0	0.000000000E+0	1.026409000E+3
-4.470380000E-6	-3.874320000E-7	3.398600000E+0	0.000000000E+0	1.027991000E+3
-4.373520000E-6	-5.215440000E-7	3.411000000E+0	0.000000000E+0	1.029619000E+3
-4.403320000E-6	-4.544870000E-7	3.423400000E+0	0.000000000E+0	1.030870000E+3
-4.313920000E-6	-1.341110000E-7	3.435400000E+0	0.000000000E+0	1.032457000E+3
-4.604490000E-6	-2.235190000E-8	3.449100000E+0	0.000000000E+0	1.034196000E+3
-4.671540000E-6	-4.470370000E-8	3.461200000E+0	0.000000000E+0	1.035624000E+3
-4.440580000E-6	-6.705570000E-8	3.472800000E+0	0.000000000E+0	1.037100000E+3
-4.828010000E-6	-2.533220000E-7	3.483300000E+0	0.000000000E+0	1.038278000E+3
-4.299010000E-6	-3.650800000E-7	3.495700000E+0	0.000000000E+0	1.039476000E+3
-4.716250000E-6	-3.725310000E-8	3.505700000E+0	0.000000000E+0	1.040807000E+3
-4.693890000E-6	-8.195680000E-8	3.516400000E+0	0.000000000E+0	1.042065000E+3
-4.261760000E-6	-1.266610000E-7	3.527000000E+0	0.000000000E+0	1.043385000E+3
-4.693890000E-6	-6.705570000E-8	3.539400000E+0	0.000000000E+0	1.044941000E+3
-4.649190000E-6	-3.576300000E-7	3.550500000E+0	0.000000000E+0	1.046155000E+3
-4.500180000E-6	-3.725310000E-7	3.562700000E+0	0.000000000E+0	1.047746000E+3
-4.261760000E-6	-1.266610000E-7	3.573000000E+0	0.000000000E+0	1.048941000E+3
-4.723700000E-6	-1.043090000E-7	3.584000000E+0	0.000000000E+0	1.050319000E+3
-4.641740000E-6	-3.874320000E-7	3.595900000E+0	0.000000000E+0	1.051529000E+3
-4.440580000E-6	0.000000000E+0	3.606400000E+0	0.000000000E+0	1.053056000E+3
-4.626840000E-6	4.470370000E-8	3.617200000E+0	0.000000000E+0	1.054284000E+3
-4.410770000E-6	-4.023330000E-7	3.628900000E+0	0.000000000E+0	1.055617000E+3
-4.880160000E-6	-2.458710000E-7	3.641800000E+0	0.000000000E+0	1.056934000E+3
-4.805650000E-6	-1.639140000E-7	3.652600000E+0	0.000000000E+0	1.058549000E+3
-4.678990000E-6	-2.086170000E-7	3.664800000E+0	0.000000000E+0	1.060171000E+3
-4.150000000E-6	-4.321350000E-7	3.676900000E+0	0.000000000E+0	1.061351000E+3
-4.738600000E-6	-1.341110000E-7	3.690000000E+0	0.000000000E+0	1.062698000E+3
-4.686440000E-6	-8.195680000E-8	3.700100000E+0	0.000000000E+0	1.064311000E+3
-4.440580000E-6	-4.172340000E-7	3.710400000E+0	0.000000000E+0	1.065475000E+3
-4.246860000E-6	-2.235180000E-7	3.720800000E+0	0.000000000E+0	1.066718000E+3
-4.835460000E-6	-5.215430000E-8	3.734300000E+0	0.000000000E+0	1.068067000E+3
-4.820550000E-6	-8.195680000E-8	3.745000000E+0	0.000000000E+0	1.069680000E+3
-4.299010000E-6	-1.266610000E-7	3.758300000E+0	0.000000000E+0	1.071203000E+3
-4.626840000E-6	-1.490130000E-8	3.769700000E+0	0.000000000E+0	1.072395000E+3
-4.775850000E-6	-3.576300000E-7	3.780700000E+0	0.000000000E+0	1.073798000E+3
-4.194710000E-6	-1.341110000E-7	3.792300000E+0	0.000000000E+0	1.075496000E+3
-4.760950000E-6	-1.862650000E-7	3.804800000E+0	0.000000000E+0	1.076675000E+3
-4.813100000E-6	-2.309690000E-7	3.816700000E+0	0.000000000E+0	1.078289000E+3
-4.366070000E-6	-4.768410000E-7	3.829700000E+0	0.000000000E+0	1.079478000E+3
-4.351170000E-6	-3.203770000E-7	3.839800000E+0	0.000000000E+0	1.081078000E+3
-4.351170000E-6	-1.937160000E-7	3.850900000E+0	0.000000000E+0	1.082318000E+3
-4.738600000E-6	-3.203770000E-7	3.865000000E+0	0.000000000E+0	1.084010000E+3
-4.299010000E-6	-8.195680000E-8	3.877100000E+0	0.000000000E+0	1.085362000E+3
-4.328820000E-6	2.980250000E-8	3.890000000E+0	0.000000000E+0	1.086962000E+3
-4.701350000E-6	-3.501790000E-7	3.901400000E+0	0.000000000E+0	1.088135000E+3
-4.291560000E-6	-2.756730000E-7	3.912200000E+0	0.000000000E+0	1.089344000E+3
-4.500180000E-6	-4.172340000E-7	3.925500000E+0	0.000000000E+0	1.091330000E+3
-4.529980000E-6	1.043090000E-7	3.938400000E+0	0.000000000E+0	1.092675000E+3
-4.276660000E-6	-7.450630000E-8	3.951400000E+0	0.000000000E+0	1.094316000E+3
-4.343720000E-6	0.000000000E+0	3.962800000E+0	0.000000000E+0	1.095929000E+3
-4.313920000E-6	-3.501790000E-7	3.974500000E+0	0.000000000E+0	1.097062000E+3
-4.783300000E-6	-2.980250000E-8	3.985400000E+0	0.000000000E+0	1.098398000E+3
-4.626840000E-6	-2.756730000E-7	3.996800000E+0	0.000000000E+0	1.099624000E+3
-4.328820000E-6	-3.650800000E-7	4.007400000E+0	0.000000000E+0	1.100830000E+3
-4.179800000E-6	-2.607720000E-7	4.018600000E+0	0.000000000E+0	1.102420000E+3
-4.313920000E-6	8.940740000E-8	4.032600000E+0	0.000000000E+0	1.104193000E+3
-4.410770000E-6	-3.874320000E-7	4.049200000E+0	0.000000000E+0	1.105869000E+3
-4.738600000E-6	-4.023330000E-7	4.059800000E+0	0.000000000E+0	1.107505000E+3
-4.373520000E-6	7.450640000E-9	4.071800000E+0	0.000000000E+0	1.108675000E+3
-4.291560000E-6	-2.607720000E-7	4.085100000E+0	0.000000000E+0	1.110311000E+3
-4.671540000E-6	-2.831240000E-7	4.097300000E+0	0.000000000E+0	1.112010000E+3
-4.470380000E-6	-4.470370000E-7	4.109700000E+0	0.000000000E+0	1.113214000E+3
-4.246860000E-6	-1.862650000E-7	4.122000000E+0	0.000000000E+0	1.114797000E+3
-4.768400000E-6	-4.470370000E-7	4.133600000E+0	0.000000000E+0	1.116476000E+3
-4.552330000E-6	0.000000000E+0	4.146000000E+0	0.000000000E+0	1.117616000E+3
-4.403320000E-6	-3.501790000E-7	4.158800000E+0	0.000000000E+0	1.119480000E+3
-4.276660000E-6	-2.756730000E-7	4.170100000E+0	0.000000000E+0	1.120545000E+3
-4.544880000E-6	-4.917420000E-7	4.181600000E+0	0.000000000E+0	1.121839000E+3
-4.604490000E-6	-4.395860000E-7	4.191800000E+0	0.000000000E+0	1.122946000E+3
-4.254310000E-6	-2.607720000E-7	4.203600000E+0	0.000000000E+0	1.124679000E+3
-4.500180000E-6	-4.470370000E-7	4.216800000E+0	0.000000000E+0	1.126322000E+3
-4.276660000E-6	-3.725310000E-8	4.237100000E+0	0.000000000E+0	1.128417000E+3
-4.470380000E-6	5.215430000E-8	4.248100000E+0	0.000000000E+0	1.129643000E+3
-4.760950000E-6	-1.043090000E-7	4.258300000E+0	0.000000000E+0	1.131225000E+3
-4.492730000E-6	-4.768410000E-7	4.268400000E+0	0.000000000E+0	1.132599000E+3
-4.708800000E-6	-2.980250000E-8	4.280800000E+0	0.000000000E+0	1.133744000E+3
-4.775850000E-6	-3.501790000E-7	4.291500000E+0	0.000000000E+0	1.134962000E+3
-4.485280000E-6	-4.619380000E-7	4.303700000E+0	0.000000000E+0	1.136558000E+3
-4.358620000E-6	-5.289950000E-7	4.315000000E+0	0.000000000E+0	1.138145000E+3
-4.269210000E-6	-1.564630000E-7	4.326500000E+0	0.000000000E+0	1.139359000E+3
-4.269210000E-6	-2.384200000E-7	4.339100000E+0	0.000000000E+0	1.140977000E+3
-4.693890000E-6	-1.490130000E-7	4.350300000E+0	0.000000000E+0	1.142165000E+3
-4.492730000E-6	-3.799810000E-7	4.362300000E+0	0.000000000E+0	1.143365000E+3
-4.477830000E-6	8.940740000E-8	4.374600000E+0	0.000000000E+0	1.145072000E+3
-4.641740000E-6	-3.725310000E-8	4.387300000E+0	0.000000000E+0	1.146836000E+3
-4.641740000E-6	-4.693880000E-7	4.398800000E+0	0.000000000E+0	1.148049000E+3
-4.276660000E-6	-1.713640000E-7	4.409000000E+0	0.000000000E+0	1.149240000E+3
-4.276660000E-6	-1.117590000E-7	4.421100000E+0	0.000000000E+0	1.150841000E+3
-4.753500000E-6	-8.195680000E-8	4.432700000E+0	0.000000000E+0	1.152044000E+3
-4.224510000E-6	-1.490130000E-7	4.443700000E+0	0.000000000E+0	1.153347000E+3
-4.529980000E-6	-4.172340000E-7	4.453700000E+0	0.000000000E+0	1.154689000E+3
-4.276660000E-6	-3.501790000E-7	4.465100000E+0	0.000000000E+0	1.155898000E+3
-4.395870000E-6	-1.192100000E-7	4.475300000E+0	0.000000000E+0	1.157120000E+3
-4.358620000E-6	-3.054760000E-7	4.487500000E+0	0.000000000E+0	1.158771000E+3
-4.261760000E-6	-1.862650000E-7	4.500500000E+0	0.000000000E+0	1.160357000E+3
-4.373520000E-6	-4.693880000E-7	4.512100000E+0	0.000000000E+0	1.161480000E+3
-4.731150000E-6	-2.607720000E-7	4.524100000E+0	0.000000000E+0	1.163136000E+3
-4.529980000E-6	-4.246850000E-7	4.534700000E+0	0.000000000E+0	1.164359000E+3
-4.321370000E-6	-2.235190000E-8	4.545500000E+0	0.000000000E+0	1.165556000E+3
-4.641740000E-6	0.000000000E+0	4.556200000E+0	0.000000000E+0	1.166759000E+3
-4.738600000E-6	-3.203770000E-7	4.567100000E+0	0.000000000E+0	1.168340000E+3
-4.693890000E-6	-1.415620000E-7	4.578500000E+0	0.000000000E+0	1.169797000E+3
-4.321370000E-6	-4.470370000E-7	4.590000000E+0	0.000000000E+0	1.170982000E+3
-4.276660000E-6	-3.427290000E-7	4.600200000E+0	0.000000000E+0	1.172216000E+3
-4.470380000E-6	5.960510000E-8	4.614900000E+0	0.000000000E+0	1.173773000E+3
-4.753500000E-6	-6.705570000E-8	4.625200000E+0	0.000000000E+0	1.175007000E+3
-4.537430000E-6	-4.917420000E-7	4.637800000E+0	0.000000000E+0	1.176563000E+3
-4.239410000E-6	-1.117590000E-7	4.650500000E+0	0.000000000E+0	1.178295000E+3
-4.805650000E-6	-2.607720000E-7	4.660700000E+0	0.000000000E+0	1.179645000E+3
-4.276660000E-6	-4.470370000E-7	4.672900000E+0	0.000000000E+0	1.180833000E+3
-4.284110000E-6	-6.705570000E-8	4.685300000E+0	0.000000000E+0	1.182415000E+3
-4.284110000E-6	-2.235180000E-7	4.697900000E+0	0.000000000E+0	1.183679000E+3
-4.753500000E-6	-1.639140000E-7	4.709300000E+0	0.000000000E+0	1.185218000E+3
-4.567240000E-6	-5.066430000E-7	4.720300000E+0	0.000000000E+0	1.186435000E+3
-4.544880000E-6	-4.917420000E-7	4.730800000E+0	0.000000000E+0	1.188043000E+3
-4.284110000E-6	-1.117590000E-7	4.742800000E+0	0.000000000E+0	1.189241000E+3
-4.440580000E-6	-1.788150000E-7	4.755300000E+0	0.000000000E+0	1.190830000E+3
-4.738600000E-6	-3.203770000E-7	4.765400000E+0	0.000000000E+0	1.192027000E+3
-4.254310000E-6	-1.490130000E-7	4.779400000E+0	0.000000000E+0	1.193374000E+3
-4.611940000E-6	-3.427290000E-7	4.793200000E+0	0.000000000E+0	1.195417000E+3
-4.731150000E-6	-1.788150000E-7	4.805700000E+0	0.000000000E+0	1.197237000E+3
-4.321370000E-6	-4.246850000E-7	4.815900000E+0	0.000000000E+0	1.197888000E+3
-4.403320000E-6	0.000000000E+0	4.826200000E+0	0.000000000E+0	1.199088000E+3
-4.373520000E-6	-1.490130000E-8	4.838800000E+0	0.000000000E+0	1.200706000E+3
-4.306460000E-6	-2.086170000E-7	4.851000000E+0	0.000000000E+0	1.202347000E+3
-4.686440000E-6	5.960510000E-8	4.863800000E+0	0.000000000E+0	1.204076000E+3
-4.574690000E-6	-3.799810000E-7	4.874400000E+0	0.000000000E+0	1.205265000E+3
-4.589590000E-6	4.470370000E-8	4.886100000E+0	0.000000000E+0	1.206425000E+3
-4.701350000E-6	-3.501790000E-7	4.899200000E+0	0.000000000E+0	1.207797000E+3
-4.254310000E-6	-1.415620000E-7	4.910000000E+0	0.000000000E+0	1.209357000E+3
-4.246860000E-6	-2.235180000E-7	4.922400000E+0	0.000000000E+0	1.210964000E+3
-4.373520000E-6	2.980250000E-8	4.932600000E+0	0.000000000E+0	1.212176000E+3
-4.664090000E-6	-3.427290000E-7	4.944600000E+0	0.000000000E+0	1.213370000E+3
-4.507630000E-6	-4.917420000E-7	4.956300000E+0	0.000000000E+0	1.214949000E+3
-4.686440000E-6	-3.278270000E-7	4.969400000E+0	0.000000000E+0	1.216595000E+3
-4.395870000E-6	-1.490130000E-8	4.981900000E+0	0.000000000E+0	1.217750000E+3
-4.582140000E-6	5.960510000E-8	4.994600000E+0	0.000000000E+0	1.219516000E+3
-4.537430000E-6	-4.470370000E-7	5.005600000E+0	0.000000000E+0	1.220694000E+3
-4.395870000E-6	-4.842910000E-7	5.017300000E+0	0.000000000E+0	1.222295000E+3
-4.686440000E-6	-3.725310000E-8	5.029000000E+0	0.000000000E+0	1.223976000E+3
-4.537430000E-6	-2.980250000E-8	5.041000000E+0	0.000000000E+0	1.225085000E+3
-4.224510000E-6	-2.533220000E-7	5.051300000E+0	0.000000000E+0	1.226028000E+3
-4.395870000E-6	-2.235190000E-8	5.061700000E+0	0.000000000E+0	1.227605000E+3
-4.716250000E-6	-3.576300000E-7	5.071800000E+0	0.000000000E+0	1.228802000E+3
-4.299010000E-6	-2.756730000E-7	5.083300000E+0	0.000000000E+0	1.230154000E+3
-4.276660000E-6	-3.874320000E-7	5.096900000E+0	0.000000000E+0	1.231783000E+3
-4.544880000E-6	7.450640000E-9	5.108800000E+0	0.000000000E+0	1.232966000E+3
-4.515080000E-6	8.195680000E-8	5.120100000E+0	0.000000000E+0	1.234592000E+3
-4.686440000E-6	-1.117590000E-7	5.130900000E+0	0.000000000E+0	1.235815000E+3
-4.254310000E-6	-2.980250000E-7	5.142000000E+0	0.000000000E+0	1.237520000E+3
-4.567240000E-6	0.000000000E+0	5.153500000E+0	0.000000000E+0	1.238702000E+3
-4.693890000E-6	-8.195680000E-8	5.167400000E+0	0.000000000E+0	1.240308000E+3
-4.529980000E-6	-4.991930000E-7	5.180200000E+0	0.000000000E+0	1.241502000E+3
-4.440580000E-6	-5.289950000E-7	5.190400000E+0	0.000000000E+0	1.243110000E+3
-4.239410000E-6	-3.427290000E-7	5.202200000E+0	0.000000000E+0	1.244329000E+3
-4.783300000E-6	-2.309690000E-7	5.212400000E+0	0.000000000E+0	1.245485000E+3
-4.529980000E-6	2.235190000E-8	5.224200000E+0	0.000000000E+0	1.247141000E+3
-4.433120000E-6	-4.768410000E-7	5.235000000E+0	0.000000000E+0	1.248494000E+3
-4.693890000E-6	-2.011670000E-7	5.245600000E+0	0.000000000E+0	1.249619000E+3
-4.626840000E-6	-8.940740000E-8	5.255600000E+0	0.000000000E+0	1.250889000E+3
-4.239410000E-6	-3.427290000E-7	5.266000000E+0	0.000000000E+0	1.252079000E+3
-4.388420000E-6	5.960510000E-8	5.277900000E+0	0.000000000E+0	1.253253000E+3
-4.738600000E-6	-3.650800000E-7	5.289800000E+0	0.000000000E+0	1.254813000E+3
-4.604490000E-6	1.490130000E-8	5.302200000E+0	0.000000000E+0	1.256467000E+3
-4.239410000E-6	-1.490130000E-7	5.315300000E+0	0.000000000E+0	1.258306000E+3
-4.634290000E-6	-2.682230000E-7	5.325800000E+0	0.000000000E+0	1.259112000E+3
-4.366070000E-6	-4.246850000E-7	5.336600000E+0	0.000000000E+0	1.260322000E+3
-4.373520000E-6	-4.619380000E-7	5.349100000E+0	0.000000000E+0	1.261954000E+3
-4.269210000E-6	-6.705570000E-8	5.359900000E+0	0.000000000E+0	1.263512000E+3
-4.231960000E-6	-2.011670000E-7	5.373200000E+0	0.000000000E+0	1.265129000E+3
-4.440580000E-6	-1.341110000E-7	5.385500000E+0	0.000000000E+0	1.266704000E+3
-4.746050000E-6	-3.874320000E-7	5.399100000E+0	0.000000000E+0	1.267906000E+3
-4.284110000E-6	-3.352780000E-7	5.410200000E+0	0.000000000E+0	1.269097000E+3
-4.500180000E-6	7.450640000E-9	5.420500000E+0	0.000000000E+0	1.270831000E+3
-4.619390000E-6	-3.427290000E-7	5.430600000E+0	0.000000000E+0	1.272027000E+3
-4.239410000E-6	-2.831240000E-7	5.442000000E+0	0.000000000E+0	1.273232000E+3
-4.179800000E-6	-2.458710000E-7	5.453100000E+0	0.000000000E+0	1.274474000E+3
-4.641740000E-6	-9.685800000E-8	5.463800000E+0	0.000000000E+0	1.275646000E+3
-4.626840000E-6	-1.043090000E-7	5.477100000E+0	0.000000000E+0	1.277248000E+3
-4.224510000E-6	-2.905740000E-7	5.488800000E+0	0.000000000E+0	1.278962000E+3
-4.246860000E-6	-3.576300000E-7	5.501600000E+0	0.000000000E+0	1.280587000E+3
-4.090400000E-6	-1.490130000E-7	5.513100000E+0	0.000000000E+0	1.281810000E+3
-4.485280000E-6	-1.490130000E-8	5.524800000E+0	0.000000000E+0	1.283025000E+3
-4.537430000E-6	-4.544870000E-7	5.536500000E+0	0.000000000E+0	1.284569000E+3
-4.157450000E-6	-4.172340000E-7	5.549400000E+0	0.000000000E+0	1.285795000E+3
-4.150000000E-6	-3.948830000E-7	5.563600000E+0	0.000000000E+0	1.287754000E+3
-4.187260000E-6	-5.140940000E-7	5.575800000E+0	0.000000000E+0	1.289386000E+3
-4.336270000E-6	-5.215430000E-8	5.587300000E+0	0.000000000E+0	1.290748000E+3
-4.261760000E-6	-6.333030000E-7	5.598800000E+0	0.000000000E+0	1.291907000E+3
-4.217060000E-6	-7.450630000E-8	5.612000000E+0	0.000000000E+0	1.293636000E+3
-4.500180000E-6	-6.705570000E-8	5.623200000E+0	0.000000000E+0	1.294847000E+3
-4.224510000E-6	-4.619380000E-7	5.634400000E+0	0.000000000E+0	1.296040000E+3
-4.343720000E-6	-5.513470000E-7	5.644900000E+0	0.000000000E+0	1.297660000E+3
-4.045690000E-6	-3.874320000E-7	5.657100000E+0	0.000000000E+0	1.299233000E+3
-4.000990000E-6	-6.705570000E-8	5.668700000E+0	0.000000000E+0	1.300471000E+3
-4.060600000E-6	-6.705570000E-8	5.679100000E+0	0.000000000E+0	1.301710000E+3
-4.403320000E-6	-4.395860000E-7	5.692600000E+0	0.000000000E+0	1.303244000E+3
-3.919030000E-6	-4.917420000E-7	5.703000000E+0	0.000000000E+0	1.304438000E+3
-4.045690000E-6	-1.937160000E-7	5.713400000E+0	0.000000000E+0	1.305652000E+3
-4.194710000E-6	-2.682230000E-7	5.727000000E+0	0.000000000E+0	1.307385000E+3
-4.097850000E-6	-5.587970000E-7	5.737400000E+0	0.000000000E+0	1.308619000E+3
-4.120200000E-6	-3.278270000E-7	5.748000000E+0	0.000000000E+0	1.309913000E+3
-3.874330000E-6	-7.152590000E-7	5.758600000E+0	0.000000000E+0	1.311119000E+3
-3.345330000E-6	-5.736980000E-7	5.770700000E+0	0.000000000E+0	1.312320000E+3
-3.173960000E-6	-9.387770000E-7	5.784100000E+0	0.000000000E+0	1.314322000E+3
-2.689670000E-6	-9.089740000E-7	5.797100000E+0	0.000000000E+0	1.315914000E+3
-2.600270000E-6	-7.152590000E-7	5.808300000E+0	0.000000000E+0	1.317126000E+3
-1.855200000E-6	-8.195680000E-7	5.821800000E+0	0.000000000E+0	1.318754000E+3
-1.534830000E-6	-1.177200000E-6	5.831900000E+0	0.000000000E+0	1.319921000E+3
-1.005840000E-6	-1.005840000E-6	5.843900000E+0	0.000000000E+0	1.321546000E+3
-8.195680000E-8	-5.811490000E-7	5.857700000E+0	0.000000000E+0	1.322888000E+3
-2.905740000E-7	-6.556550000E-7	5.868600000E+0	0.000000000E+0	1.324060000E+3
-1.713640000E-7	-5.438960000E-7	5.878900000E+0	0.000000000E+0	1.325655000E+3
-8.940740000E-8	-4.619380000E-7	5.891100000E+0	0.000000000E+0	1.327282000E+3
1.490130000E-7	-5.215440000E-7	5.902700000E+0	0.000000000E+0	1.328501000E+3
5.215430000E-8	-2.458710000E-7	5.913600000E+0	0.000000000E+0	1.329782000E+3
-1.862650000E-7	-2.905740000E-7	5.926700000E+0	0.000000000E+0	1.331411000E+3
3.129260000E-7	-1.937160000E-7	5.937700000E+0	0.000000000E+0	1.332598000E+3
2.235180000E-7	-5.215430000E-8	5.949200000E+0	0.000000000E+0	1.333843000E+3
3.799810000E-7	4.470370000E-8	5.961400000E+0	0.000000000E+0	1.335445000E+3
-1.341110000E-7	-1.266610000E-7	5.973400000E+0	0.000000000E+0	1.336982000E+3
-6.705570000E-8	-5.215430000E-8	5.984900000E+0	0.000000000E+0	1.338615000E+3
2.011670000E-7	-3.948830000E-7	5.997000000E+0	0.000000000E+0	1.339803000E+3
1.937160000E-7	7.450630000E-8	6.007300000E+0	0.000000000E+0	1.341000000E+3
2.533220000E-7	1.490130000E-7	6.019900000E+0	0.000000000E+0	1.342602000E+3
2.235180000E-7	-3.874320000E-7	6.036700000E+0	0.000000000E+0	1.344474000E+3
3.799810000E-7	2.086170000E-7	6.046700000E+0	0.000000000E+0	1.345660000E+3
-2.980250000E-8	1.713640000E-7	6.057400000E+0	0.000000000E+0	1.346884000E+3
3.725310000E-8	-7.450640000E-9	6.069700000E+0	0.000000000E+0	1.348481000E+3
-6.705570000E-8	-3.874320000E-7	6.080600000E+0	0.000000000E+0	1.350064000E+3
3.352780000E-7	-7.450630000E-8	6.092300000E+0	0.000000000E+0	1.351262000E+3
3.129260000E-7	-3.576300000E-7	6.104900000E+0	0.000000000E+0	1.352894000E+3
3.427290000E-7	-1.639140000E-7	6.117700000E+0	0.000000000E+0	1.354484000E+3
-7.450640000E-9	5.960510000E-8	6.130600000E+0	0.000000000E+0	1.355665000E+3
-6.705570000E-8	8.195680000E-8	6.144000000E+0	0.000000000E+0	1.357302000E+3
2.235180000E-7	-2.160680000E-7	6.157300000E+0	0.000000000E+0	1.359007000E+3
2.607720000E-7	-2.384200000E-7	6.169400000E+0	0.000000000E+0	1.360609000E+3
4.991930000E-7	-2.235180000E-7	6.182900000E+0	0.000000000E+0	1.362220000E+3
1.490130000E-7	2.607720000E-7	6.193900000E+0	0.000000000E+0	1.363398000E+3
5.066430000E-7	-6.705570000E-8	6.206200000E+0	0.000000000E+0	1.365071000E+3
-4.470370000E-8	6.705570000E-8	6.220700000E+0	0.000000000E+0	1.366606000E+3
2.011670000E-7	-3.352780000E-7	6.232500000E+0	0.000000000E+0	1.367818000E+3
5.587970000E-7	6.705570000E-8	6.243300000E+0	0.000000000E+0	1.369544000E+3
0.000000000E+0	9.685800000E-8	6.253600000E+0	0.000000000E+0	1.370734000E+3
5.960510000E-8	7.450640000E-9	6.267700000E+0	0.000000000E+0	1.372349000E+3
1.415620000E-7	-2.980250000E-7	6.278100000E+0	0.000000000E+0	1.373543000E+3
4.693880000E-7	-8.195680000E-8	6.288400000E+0	0.000000000E+0	1.374748000E+3
3.725310000E-7	0.000000000E+0	6.301700000E+0	0.000000000E+0	1.376336000E+3
3.650800000E-7	1.192100000E-7	6.312800000E+0	0.000000000E+0	1.377953000E+3
-1.117590000E-7	7.450630000E-8	6.325400000E+0	0.000000000E+0	1.379162000E+3
-1.564630000E-7	-1.266610000E-7	6.338800000E+0	0.000000000E+0	1.380774000E+3
4.097840000E-7	-1.639140000E-7	6.352900000E+0	0.000000000E+0	1.382469000E+3
5.215430000E-8	-2.831240000E-7	6.365300000E+0	0.000000000E+0	1.384138000E+3
2.905740000E-7	1.266610000E-7	6.378200000E+0	0.000000000E+0	1.385830000E+3
-1.117590000E-7	-1.937160000E-7	6.388800000E+0	0.000000000E+0	1.387028000E+3
4.321350000E-7	-1.713640000E-7	6.400400000E+0	0.000000000E+0	1.388216000E+3
2.235180000E-7	1.341110000E-7	6.412600000E+0	0.000000000E+0	1.389423000E+3
1.639140000E-7	1.937160000E-7	6.422700000E+0	0.000000000E+0	1.391023000E+3
1.564630000E-7	-3.054760000E-7	6.434100000E+0	0.000000000E+0	1.392206000E+3
-7.450630000E-8	1.266610000E-7	6.446400000E+0	0.000000000E+0	1.393871000E+3
2.980250000E-7	-2.384200000E-7	6.460000000E+0	0.000000000E+0	1.395584000E+3
5.215430000E-8	2.309690000E-7	6.472400000E+0	0.000000000E+0	1.396762000E+3
1.192100000E-7	-2.682230000E-7	6.482700000E+0	0.000000000E+0	1.397948000E+3
-1.266610000E-7	-2.235190000E-8	6.495900000E+0	0.000000000E+0	1.399609000E+3
2.086170000E-7	-3.352780000E-7	6.507700000E+0	0.000000000E+0	1.401164000E+3
1.862650000E-7	-3.054760000E-7	6.518600000E+0	0.000000000E+0	1.402778000E+3
2.309690000E-7	1.639140000E-7	6.530500000E+0	0.000000000E+0	1.403958000E+3
3.129260000E-7	1.192100000E-7	6.540600000E+0	0.000000000E+0	1.405220000E+3
1.490130000E-8	5.960510000E-8	6.550900000E+0	0.000000000E+0	1.406425000E+3
3.948830000E-7	-7.450630000E-8	6.562800000E+0	0.000000000E+0	1.407579000E+3
2.160680000E-7	1.266610000E-7	6.573900000E+0	0.000000000E+0	1.409157000E+3
-3.725310000E-8	-1.937160000E-7	6.584400000E+0	0.000000000E+0	1.410342000E+3
-2.235190000E-8	-1.937160000E-7	6.594500000E+0	0.000000000E+0	1.411603000E+3
2.235180000E-7	1.490130000E-8	6.608900000E+0	0.000000000E+0	1.413283000E+3
3.501790000E-7	1.266610000E-7	6.620100000E+0	0.000000000E+0	1.414548000E+3
3.278270000E-7	-3.874320000E-7	6.630600000E+0	0.000000000E+0	1.415690000E+3
2.160680000E-7	-3.203770000E-7	6.643300000E+0	0.000000000E+0	1.417313000E+3
4.023330000E-7	-2.980250000E-8	6.655100000E+0	0.000000000E+0	1.418874000E+3
-7.450630000E-8	-2.980250000E-8	6.666200000E+0	0.000000000E+0	1.420232000E+3
-5.215430000E-8	-1.937160000E-7	6.679200000E+0	0.000000000E+0	1.421827000E+3
5.960510000E-8	1.117590000E-7	6.692600000E+0	0.000000000E+0	1.423488000E+3
3.129260000E-7	-3.799810000E-7	6.705300000E+0	0.000000000E+0	1.424646000E+3
2.756730000E-7	-3.203770000E-7	6.715800000E+0	0.000000000E+0	1.426278000E+3
0.000000000E+0	1.266610000E-7	6.726500000E+0	0.000000000E+0	1.427420000E+3
-1.117590000E-7	-3.203770000E-7	6.737400000E+0	0.000000000E+0	1.428637000E+3
3.576300000E-7	1.266610000E-7	6.750200000E+0	0.000000000E+0	1.430344000E+3
2.235190000E-8	1.862650000E-7	6.761800000E+0	0.000000000E+0	1.431565000E+3
5.215430000E-8	-7.450640000E-9	6.772800000E+0	0.000000000E+0	1.432809000E+3
4.693880000E-7	-2.980250000E-8	6.799700000E+0	0.000000000E+0	1.436121000E+3
3.948830000E-7	6.705570000E-8	6.811200000E+0	0.000000000E+0	1.437713000E+3
-1.341110000E-7	-1.490130000E-8	6.822200000E+0	0.000000000E+0	1.438888000E+3
-9.685800000E-8	-1.192100000E-7	6.835300000E+0	0.000000000E+0	1.440491000E+3
1.117590000E-7	8.940740000E-8	6.845800000E+0	0.000000000E+0	1.441784000E+3
9.685800000E-8	-3.203770000E-7	6.856500000E+0	0.000000000E+0	1.442979000E+3
-1.564630000E-7	1.564630000E-7	6.867400000E+0	0.000000000E+0	1.444113000E+3
7.450630000E-8	-1.639140000E-7	6.877700000E+0	0.000000000E+0	1.445327000E+3
2.533220000E-7	-2.533220000E-7	6.890400000E+0	0.000000000E+0	1.446906000E+3
6.705570000E-8	-3.427290000E-7	6.902000000E+0	0.000000000E+0	1.448532000E+3
4.693880000E-7	-3.129260000E-7	6.913800000E+0	0.000000000E+0	1.450113000E+3
1.862650000E-7	1.713640000E-7	6.925700000E+0	0.000000000E+0	1.451331000E+3
8.940740000E-8	4.470370000E-8	6.939000000E+0	0.000000000E+0	1.452906000E+3
9.685800000E-8	1.490130000E-8	6.951000000E+0	0.000000000E+0	1.454510000E+3
-1.564630000E-7	-1.192100000E-7	6.962900000E+0	0.000000000E+0	1.455739000E+3
4.097840000E-7	6.705570000E-8	6.974000000E+0	0.000000000E+0	1.456905000E+3
4.321350000E-7	-1.266610000E-7	6.987600000E+0	0.000000000E+0	1.458530000E+3
1.862650000E-7	-2.980250000E-7	7.002000000E+0	0.000000000E+0	1.460376000E+3
1.862650000E-7	-3.054760000E-7	7.013300000E+0	0.000000000E+0	1.461991000E+3
4.917420000E-7	-1.192100000E-7	7.026700000E+0	0.000000000E+0	1.463561000E+3
3.129260000E-7	1.788150000E-7	7.037700000E+0	0.000000000E+0	1.464771000E+3
4.321350000E-7	9.685800000E-8	7.051200000E+0	0.000000000E+0	1.466403000E+3
-2.980250000E-8	-2.905740000E-7	7.063400000E+0	0.000000000E+0	1.467566000E+3
3.725310000E-8	-3.129260000E-7	7.074800000E+0	0.000000000E+0	1.469181000E+3
4.023330000E-7	-1.490130000E-7	7.085600000E+0	0.000000000E+0	1.470386000E+3
4.768410000E-7	1.266610000E-7	7.099100000E+0	0.000000000E+0	1.471972000E+3
1.788150000E-7	1.266610000E-7	7.111200000E+0	0.000000000E+0	1.473551000E+3
2.607720000E-7	1.788150000E-7	7.124400000E+0	0.000000000E+0	1.475358000E+3
1.490130000E-8	-2.086170000E-7	7.135800000E+0	0.000000000E+0	1.476541000E+3
4.023330000E-7	-5.960510000E-8	7.152700000E+0	0.000000000E+0	1.478630000E+3
4.321350000E-7	-1.192100000E-7	7.166800000E+0	0.000000000E+0	1.480251000E+3
1.862650000E-7	1.862650000E-7	7.177700000E+0	0.000000000E+0	1.481460000E+3
4.246850000E-7	-2.980250000E-8	7.191800000E+0	0.000000000E+0	1.483096000E+3
4.693880000E-7	-1.564630000E-7	7.203300000E+0	0.000000000E+0	1.484730000E+3
-9.685800000E-8	-7.450630000E-8	7.215400000E+0	0.000000000E+0	1.486247000E+3
3.129260000E-7	-2.756730000E-7	7.226400000E+0	0.000000000E+0	1.487447000E+3
4.246850000E-7	1.266610000E-7	7.237600000E+0	0.000000000E+0	1.488650000E+3
-2.235190000E-8	7.450630000E-8	7.247600000E+0	0.000000000E+0	1.489853000E+3
1.341110000E-7	-1.862650000E-7	7.260200000E+0	0.000000000E+0	1.491440000E+3
1.192100000E-7	-2.831240000E-7	7.274000000E+0	0.000000000E+0	1.493027000E+3
3.501790000E-7	-2.980250000E-7	7.287100000E+0	0.000000000E+0	1.494616000E+3
4.619380000E-7	2.011670000E-7	7.298100000E+0	0.000000000E+0	1.495825000E+3
4.917420000E-7	-9.685800000E-8	7.309600000E+0	0.000000000E+0	1.497463000E+3
3.129260000E-7	1.266610000E-7	7.322300000E+0	0.000000000E+0	1.499040000E+3
1.266610000E-7	-2.533220000E-7	7.334500000E+0	0.000000000E+0	1.500225000E+3
2.384200000E-7	1.937160000E-7	7.347800000E+0	0.000000000E+0	1.501901000E+3
4.097840000E-7	1.043090000E-7	7.358200000E+0	0.000000000E+0	1.503186000E+3
3.129260000E-7	5.960510000E-8	7.369900000E+0	0.000000000E+0	1.504784000E+3
-6.705570000E-8	-1.639140000E-7	7.382100000E+0	0.000000000E+0	1.505975000E+3
3.725310000E-8	-2.384200000E-7	7.396600000E+0	0.000000000E+0	1.507581000E+3
4.917420000E-7	-1.862650000E-7	7.409100000E+0	0.000000000E+0	1.509304000E+3
4.246850000E-7	-2.980250000E-8	7.419100000E+0	0.000000000E+0	1.510551000E+3
5.960500000E-7	-1.490130000E-7	7.430900000E+0	0.000000000E+0	1.512168000E+3
1.266610000E-7	-2.682230000E-7	7.442200000E+0	0.000000000E+0	1.513305000E+3
1.192100000E-7	-2.980250000E-7	7.452400000E+0	0.000000000E+0	1.514554000E+3
1.266610000E-7	1.937160000E-7	7.462500000E+0	0.000000000E+0	1.515705000E+3
3.725310000E-8	1.266610000E-7	7.475100000E+0	0.000000000E+0	1.517323000E+3
4.470370000E-8	6.705570000E-8	7.487100000E+0	0.000000000E+0	1.518553000E+3
2.607720000E-7	1.043090000E-7	7.498000000E+0	0.000000000E+0	1.519859000E+3
-9.685800000E-8	-3.278270000E-7	7.508200000E+0	0.000000000E+0	1.521040000E+3
-4.470370000E-8	-1.862650000E-7	7.520900000E+0	0.000000000E+0	1.522657000E+3
1.266610000E-7	-4.693880000E-7	7.533100000E+0	0.000000000E+0	1.524240000E+3
1.341110000E-7	-3.203770000E-7	7.544500000E+0	0.000000000E+0	1.525859000E+3
1.862650000E-7	1.266610000E-7	7.556800000E+0	0.000000000E+0	1.527029000E+3
-9.685800000E-8	-5.960510000E-8	7.566900000E+0	0.000000000E+0	1.528231000E+3
-5.960510000E-8	-1.937160000E-7	7.580600000E+0	0.000000000E+0	1.530011000E+3
1.713640000E-7	-3.725310000E-7	7.593700000E+0	0.000000000E+0	1.531224000E+3
3.799810000E-7	2.980250000E-8	7.605800000E+0	0.000000000E+0	1.532780000E+3
3.650800000E-7	1.043090000E-7	7.619500000E+0	0.000000000E+0	1.534384000E+3
-1.490130000E-8	1.490130000E-7	7.631900000E+0	0.000000000E+0	1.535968000E+3
3.725310000E-7	8.195680000E-8	7.643400000E+0	0.000000000E+0	1.537618000E+3
1.266610000E-7	-3.054760000E-7	7.653500000E+0	0.000000000E+0	1.538795000E+3
4.991930000E-7	-2.309690000E-7	7.664700000E+0	0.000000000E+0	1.539976000E+3
1.266610000E-7	1.788150000E-7	7.677400000E+0	0.000000000E+0	1.541556000E+3
3.874320000E-7	1.043090000E-7	7.687500000E+0	0.000000000E+0	1.542834000E+3
0.000000000E+0	-1.266610000E-7	7.698600000E+0	0.000000000E+0	1.544007000E+3
3.129260000E-7	-2.831240000E-7	7.712600000E+0	0.000000000E+0	1.545576000E+3
4.395860000E-7	-1.788150000E-7	7.722900000E+0	0.000000000E+0	1.546807000E+3
3.427290000E-7	9.685800000E-8	7.736100000E+0	0.000000000E+0	1.548381000E+3
3.576300000E-7	1.713640000E-7	7.747700000E+0	0.000000000E+0	1.549998000E+3
-2.980250000E-8	5.960510000E-8	7.760100000E+0	0.000000000E+0	1.551575000E+3
5.960510000E-8	-4.321350000E-7	7.771500000E+0	0.000000000E+0	1.552954000E+3
2.533220000E-7	1.415620000E-7	7.782300000E+0	0.000000000E+0	1.554115000E+3
-3.725310000E-8	-5.215430000E-8	7.792700000E+0	0.000000000E+0	1.555328000E+3
2.682230000E-7	1.490130000E-7	7.806000000E+0	0.000000000E+0	1.556977000E+3
5.140940000E-7	-1.564630000E-7	7.816200000E+0	0.000000000E+0	1.558118000E+3
4.842910000E-7	-3.203770000E-7	7.826300000E+0	0.000000000E+0	1.559381000E+3
1.117590000E-7	2.384200000E-7	7.839500000E+0	0.000000000E+0	1.560911000E+3
4.246850000E-7	-6.705570000E-8	7.850000000E+0	0.000000000E+0	1.562234000E+3
4.321350000E-7	-6.705570000E-8	7.862500000E+0	0.000000000E+0	1.563837000E+3
1.117590000E-7	1.415620000E-7	7.873700000E+0	0.000000000E+0	1.565038000E+3
2.235180000E-7	5.960510000E-8	7.883900000E+0	0.000000000E+0	1.566311000E+3
-2.235190000E-8	-3.129260000E-7	7.894100000E+0	0.000000000E+0	1.567483000E+3
4.395860000E-7	-3.501790000E-7	7.906700000E+0	0.000000000E+0	1.569066000E+3
-7.450640000E-9	1.490130000E-8	7.919100000E+0	0.000000000E+0	1.570400000E+3
5.215440000E-7	-3.799810000E-7	7.929600000E+0	0.000000000E+0	1.571589000E+3
7.450640000E-9	-2.756730000E-7	7.942900000E+0	0.000000000E+0	1.573236000E+3
4.693880000E-7	9.685800000E-8	7.955300000E+0	0.000000000E+0	1.574770000E+3
4.544870000E-7	5.215430000E-8	7.967100000E+0	0.000000000E+0	1.576389000E+3
4.023330000E-7	-3.203770000E-7	7.980200000E+0	0.000000000E+0	1.578040000E+3
-2.980250000E-8	-7.450640000E-9	7.990700000E+0	0.000000000E+0	1.579198000E+3
4.395860000E-7	-2.831240000E-7	8.001000000E+0	0.000000000E+0	1.580364000E+3
3.799810000E-7	1.490130000E-7	8.011500000E+0	0.000000000E+0	1.582833000E+3
6.258520000E-7	1.639140000E-7	8.001400000E+0	0.000000000E+0	1.590020000E+3
