20251104_HM483La5Al3Co2_chiAC_vs_T_B_0.5T.004.txt Tue, Nov 4, 2025 3:04:35 PM Gabriele
Magnet: None
Trigger spacing of 0.010000 on column #3
Offsets:	0.000000000E+0	0.000000000E+0	0.000000000E+0	0.000000000E+0	0.000000000E+0

Scale Factors:	1.000000000E+0	1.000000000E+0	1.000000000E+0	1.000000000E+0	1.000000000E+0


Lockin_V_004	Chan2_V_004	Temperature_004	Field_004	Timestamp_004
-7.450640000E-9	5.289950000E-7	8.000400000E+0	4.999678223E+3	2.700000000E-2
1.937160000E-7	4.693880000E-7	7.990300000E+0	4.999678223E+3	4.023500000E+1
2.011670000E-7	7.450630000E-8	7.977400000E+0	4.999678223E+3	4.189400000E+1
-1.937160000E-7	4.991930000E-7	7.966100000E+0	4.999678223E+3	4.305800000E+1
-5.215430000E-8	-2.235190000E-8	7.953400000E+0	4.999678223E+3	4.425300000E+1
9.685800000E-8	4.917420000E-7	7.941500000E+0	4.999678223E+3	4.542700000E+1
2.905740000E-7	1.117590000E-7	7.929700000E+0	4.999678223E+3	4.672800000E+1
7.450630000E-8	0.000000000E+0	7.918700000E+0	4.999678223E+3	4.782800000E+1
-2.756730000E-7	2.607720000E-7	7.908200000E+0	4.999678223E+3	4.914500000E+1
9.685800000E-8	5.066430000E-7	7.895000000E+0	4.999678223E+3	5.061600000E+1
3.725310000E-8	-7.450640000E-9	7.882300000E+0	4.999678223E+3	5.231900000E+1
2.235190000E-8	-4.470370000E-8	7.872000000E+0	4.999678223E+3	5.357600000E+1
1.266610000E-7	-6.705570000E-8	7.859500000E+0	4.999678223E+3	5.516900000E+1
-2.086170000E-7	1.937160000E-7	7.846100000E+0	4.999678223E+3	5.648900000E+1
0.000000000E+0	-7.450640000E-9	7.836000000E+0	4.999678223E+3	5.769800000E+1
2.533220000E-7	-7.450640000E-9	7.823100000E+0	4.999678223E+3	5.929100000E+1
3.576300000E-7	2.980250000E-7	7.811300000E+0	4.999678223E+3	6.088600000E+1
-1.341110000E-7	4.172340000E-7	7.799200000E+0	4.999678223E+3	6.208700000E+1
-7.450630000E-8	4.395860000E-7	7.787000000E+0	4.999678223E+3	6.372500000E+1
-1.639140000E-7	8.940740000E-8	7.776000000E+0	4.999678223E+3	6.489400000E+1
5.960510000E-8	1.490130000E-8	7.764400000E+0	4.999678223E+3	6.647900000E+1
1.639140000E-7	3.352780000E-7	7.753400000E+0	4.999678223E+3	6.768800000E+1
-3.278270000E-7	2.533220000E-7	7.743100000E+0	4.999678223E+3	6.887000000E+1
-2.235190000E-8	0.000000000E+0	7.733000000E+0	4.999678223E+3	7.008800000E+1
2.160680000E-7	1.639140000E-7	7.722400000E+0	4.999678223E+3	7.129000000E+1
5.215430000E-8	4.395860000E-7	7.711000000E+0	4.999678223E+3	7.287500000E+1
-2.235180000E-7	3.799810000E-7	7.697800000E+0	4.999678223E+3	7.410600000E+1
-2.756730000E-7	4.395860000E-7	7.687600000E+0	4.999678223E+3	7.535700000E+1
-1.937160000E-7	1.266610000E-7	7.676000000E+0	4.999678223E+3	7.691300000E+1
1.862650000E-7	3.799810000E-7	7.665000000E+0	4.999678223E+3	7.809300000E+1
1.862650000E-7	8.940740000E-8	7.653100000E+0	4.999678223E+3	7.973100000E+1
6.705570000E-8	4.619380000E-7	7.640800000E+0	4.999678223E+3	8.130300000E+1
-1.937160000E-7	1.341110000E-7	7.629400000E+0	4.999678223E+3	8.248200000E+1
2.458710000E-7	1.490130000E-8	7.618200000E+0	4.999678223E+3	8.369200000E+1
1.117590000E-7	-5.215430000E-8	7.605400000E+0	4.999678223E+3	8.531700000E+1
2.011670000E-7	2.533220000E-7	7.592700000E+0	4.999678223E+3	8.689400000E+1
4.470370000E-8	-1.192100000E-7	7.579300000E+0	4.999678223E+3	8.854600000E+1
5.960510000E-8	0.000000000E+0	7.568600000E+0	4.999678223E+3	8.980000000E+1
-2.533220000E-7	5.960510000E-8	7.558500000E+0	4.999678223E+3	9.091000000E+1
2.309690000E-7	1.341110000E-7	7.545700000E+0	4.999678223E+3	9.247400000E+1
-4.470370000E-8	4.768410000E-7	7.534100000E+0	4.999678223E+3	9.367800000E+1
-3.725310000E-8	4.917420000E-7	7.521900000E+0	4.999678223E+3	9.528700000E+1
0.000000000E+0	4.991930000E-7	7.510900000E+0	4.999678223E+3	9.653800000E+1
5.960510000E-8	-5.215430000E-8	7.500800000E+0	4.999678223E+3	9.769500000E+1
-2.384200000E-7	7.450640000E-9	7.489600000E+0	4.999678223E+3	9.933600000E+1
1.490130000E-8	4.246850000E-7	7.479500000E+0	4.999678223E+3	1.004940000E+2
-3.278270000E-7	4.023330000E-7	7.466000000E+0	4.999678223E+3	1.020680000E+2
-2.980250000E-8	-5.215430000E-8	7.454700000E+0	4.999678223E+3	1.032760000E+2
-5.960510000E-8	-8.195680000E-8	7.442000000E+0	4.999678223E+3	1.048830000E+2
2.011670000E-7	5.960510000E-8	7.428900000E+0	4.999678223E+3	1.064680000E+2
1.266610000E-7	1.788150000E-7	7.414800000E+0	4.999678223E+3	1.080860000E+2
1.862650000E-7	-4.470370000E-8	7.401800000E+0	4.999678223E+3	1.097080000E+2
1.564630000E-7	5.215430000E-8	7.388400000E+0	4.999678223E+3	1.113200000E+2
9.685800000E-8	4.470370000E-7	7.375500000E+0	4.999678223E+3	1.128770000E+2
-3.799810000E-7	3.203770000E-7	7.365100000E+0	4.999678223E+3	1.142600000E+2
-1.937160000E-7	3.129260000E-7	7.353400000E+0	4.999678223E+3	1.155310000E+2
2.384200000E-7	9.685800000E-8	7.341200000E+0	4.999678223E+3	1.168720000E+2
2.309690000E-7	2.533220000E-7	7.328600000E+0	4.999678223E+3	1.184700000E+2
-1.341110000E-7	-2.235190000E-8	7.317000000E+0	4.999678223E+3	1.199560000E+2
1.639140000E-7	1.043090000E-7	7.303600000E+0	4.999678223E+3	1.215480000E+2
-2.831240000E-7	4.246850000E-7	7.290400000E+0	4.999678223E+3	1.230600000E+2
-7.450630000E-8	1.490130000E-8	7.277600000E+0	4.999678223E+3	1.246290000E+2
8.940740000E-8	5.960500000E-7	7.266000000E+0	4.999678223E+3	1.259790000E+2
-2.682230000E-7	5.960510000E-8	7.252600000E+0	4.999678223E+3	1.276940000E+2
-2.980250000E-7	4.470370000E-7	7.240300000E+0	4.999678223E+3	1.289890000E+2
-2.682230000E-7	2.533220000E-7	7.228800000E+0	4.999678223E+3	1.305770000E+2
-1.639140000E-7	4.395860000E-7	7.218700000E+0	4.999678223E+3	1.316840000E+2
5.960510000E-8	5.066430000E-7	7.206300000E+0	4.999678223E+3	1.334990000E+2
2.086170000E-7	3.054760000E-7	7.194800000E+0	4.999678223E+3	1.347850000E+2
-2.235190000E-8	3.501790000E-7	7.183000000E+0	4.999678223E+3	1.361790000E+2
2.980250000E-8	3.799810000E-7	7.172000000E+0	4.999678223E+3	1.372770000E+2
1.490130000E-7	4.991930000E-7	7.161400000E+0	4.999678223E+3	1.388960000E+2
7.450630000E-8	4.321350000E-7	7.146700000E+0	4.999678223E+3	1.403300000E+2
2.384200000E-7	1.415620000E-7	7.132500000E+0	4.999678223E+3	1.418030000E+2
-3.501790000E-7	3.725310000E-7	7.121700000E+0	4.999678223E+3	1.429820000E+2
-1.862650000E-7	2.384200000E-7	7.110500000E+0	4.999678223E+3	1.447420000E+2
-8.940740000E-8	5.662480000E-7	7.099700000E+0	4.999678223E+3	1.460430000E+2
-1.564630000E-7	2.235190000E-8	7.087300000E+0	4.999678223E+3	1.474180000E+2
-1.415620000E-7	3.799810000E-7	7.075900000E+0	4.999678223E+3	1.487160000E+2
3.352780000E-7	2.607720000E-7	7.065400000E+0	4.999678223E+3	1.500480000E+2
1.862650000E-7	3.874320000E-7	7.053900000E+0	4.999678223E+3	1.512980000E+2
2.235180000E-7	3.799810000E-7	7.042700000E+0	4.999678223E+3	1.527310000E+2
1.862650000E-7	3.799810000E-7	7.031600000E+0	4.999678223E+3	1.543380000E+2
-8.940740000E-8	6.184020000E-7	7.018500000E+0	4.999678223E+3	1.557260000E+2
9.685800000E-8	5.513470000E-7	7.007000000E+0	4.999678223E+3	1.570090000E+2
9.685800000E-8	-5.215430000E-8	6.996300000E+0	4.999678223E+3	1.583370000E+2
-2.756730000E-7	3.427290000E-7	6.985500000E+0	4.999678223E+3	1.596600000E+2
1.415620000E-7	-6.705570000E-8	6.974500000E+0	4.999678223E+3	1.610180000E+2
-2.160680000E-7	1.564630000E-7	6.962400000E+0	4.999678223E+3	1.621720000E+2
1.862650000E-7	1.862650000E-7	6.950600000E+0	4.999678223E+3	1.636880000E+2
2.384200000E-7	4.395860000E-7	6.939300000E+0	4.999678223E+3	1.652900000E+2
-1.713640000E-7	7.450640000E-9	6.929100000E+0	4.999678223E+3	1.666130000E+2
-5.960510000E-8	4.172340000E-7	6.916900000E+0	4.999678223E+3	1.679410000E+2
3.129260000E-7	5.215430000E-8	6.905000000E+0	4.999678223E+3	1.692630000E+2
-6.705570000E-8	4.023330000E-7	6.895000000E+0	4.999678223E+3	1.704470000E+2
1.713640000E-7	3.799810000E-7	6.884000000E+0	4.999678223E+3	1.719190000E+2
5.960510000E-8	4.991930000E-7	6.870500000E+0	4.999678223E+3	1.735210000E+2
7.450630000E-8	5.960510000E-8	6.857700000E+0	4.999678223E+3	1.750110000E+2
4.321350000E-7	5.960510000E-8	6.846700000E+0	4.999678223E+3	1.764330000E+2
2.533220000E-7	1.937160000E-7	6.834900000E+0	4.999678223E+3	1.775050000E+2
2.533220000E-7	2.235190000E-8	6.824400000E+0	4.999678223E+3	1.791300000E+2
-2.682230000E-7	5.215430000E-8	6.811500000E+0	4.999678223E+3	1.806170000E+2
-1.713640000E-7	9.685800000E-8	6.799900000E+0	4.999678223E+3	1.822360000E+2
-2.384200000E-7	1.564630000E-7	6.788100000E+0	4.999678223E+3	1.833230000E+2
-1.937160000E-7	3.874320000E-7	6.776800000E+0	4.999678223E+3	1.846060000E+2
1.788150000E-7	8.940740000E-8	6.766700000E+0	4.999678223E+3	1.859440000E+2
-2.756730000E-7	2.905740000E-7	6.752800000E+0	4.999678223E+3	1.876450000E+2
1.490130000E-7	1.788150000E-7	6.740400000E+0	4.999678223E+3	1.889910000E+2
-2.607720000E-7	1.043090000E-7	6.730100000E+0	4.999678223E+3	1.903020000E+2
-2.086170000E-7	5.215430000E-8	6.717100000E+0	4.999678223E+3	1.919170000E+2
-2.309690000E-7	2.756730000E-7	6.704100000E+0	4.999678223E+3	1.933820000E+2
-2.384200000E-7	4.246850000E-7	6.693000000E+0	4.999678223E+3	1.948370000E+2
-1.639140000E-7	3.948830000E-7	6.681600000E+0	4.999678223E+3	1.959120000E+2
-3.129260000E-7	1.639140000E-7	6.671100000E+0	4.999678223E+3	1.974930000E+2
1.713640000E-7	4.842910000E-7	6.658600000E+0	4.999678223E+3	1.990040000E+2
1.266610000E-7	5.215430000E-8	6.648200000E+0	4.999678223E+3	2.006660000E+2
-3.203770000E-7	1.266610000E-7	6.634300000E+0	4.999678223E+3	2.016180000E+2
-1.937160000E-7	-2.980250000E-8	6.619900000E+0	4.999678223E+3	2.035710000E+2
2.533220000E-7	1.788150000E-7	6.607100000E+0	4.999678223E+3	2.051270000E+2
-4.470370000E-8	-6.705570000E-8	6.594700000E+0	4.999678223E+3	2.064270000E+2
-2.607720000E-7	5.960510000E-8	6.583800000E+0	4.999678223E+3	2.080580000E+2
-1.788150000E-7	9.685800000E-8	6.572200000E+0	4.999678223E+3	2.091380000E+2
5.960510000E-8	-5.960510000E-8	6.559100000E+0	4.999678223E+3	2.110800000E+2
1.862650000E-7	4.693880000E-7	6.545100000E+0	4.999678223E+3	2.126320000E+2
3.203770000E-7	2.160680000E-7	6.532300000E+0	4.999678223E+3	2.139170000E+2
-2.533220000E-7	8.940740000E-8	6.522000000E+0	4.999678223E+3	2.152420000E+2
2.309690000E-7	2.607720000E-7	6.509100000E+0	4.999678223E+3	2.169720000E+2
2.831240000E-7	2.756730000E-7	6.495400000E+0	4.999678223E+3	2.185790000E+2
1.192100000E-7	2.980250000E-8	6.484500000E+0	4.999678223E+3	2.196740000E+2
-2.086170000E-7	1.043090000E-7	6.473000000E+0	4.999678223E+3	2.211690000E+2
1.862650000E-7	2.831240000E-7	6.461800000E+0	4.999678223E+3	2.223390000E+2
-6.705570000E-8	5.587970000E-7	6.449500000E+0	4.999678223E+3	2.240900000E+2
-2.235190000E-8	-6.705570000E-8	6.437000000E+0	4.999678223E+3	2.258090000E+2
-3.129260000E-7	4.097840000E-7	6.423200000E+0	4.999678223E+3	2.271200000E+2
3.054760000E-7	4.693880000E-7	6.409000000E+0	4.999678223E+3	2.291450000E+2
1.788150000E-7	3.948830000E-7	6.395800000E+0	4.999678223E+3	2.302260000E+2
1.937160000E-7	4.470370000E-8	6.382400000E+0	4.999678223E+3	2.320490000E+2
1.862650000E-7	2.756730000E-7	6.372200000E+0	4.999678223E+3	2.332810000E+2
-2.831240000E-7	5.960510000E-8	6.361400000E+0	4.999678223E+3	2.346210000E+2
-2.235180000E-7	2.309690000E-7	6.350900000E+0	4.999678223E+3	2.358950000E+2
3.054760000E-7	2.235180000E-7	6.338300000E+0	4.999678223E+3	2.372410000E+2
1.490130000E-8	5.289950000E-7	6.326900000E+0	4.999678223E+3	2.384500000E+2
1.862650000E-7	3.427290000E-7	6.315700000E+0	4.999678223E+3	2.399140000E+2
-1.490130000E-7	-2.980250000E-8	6.303100000E+0	4.999678223E+3	2.417840000E+2
2.309690000E-7	1.937160000E-7	6.291700000E+0	4.999678223E+3	2.429750000E+2
1.490130000E-7	1.415620000E-7	6.281500000E+0	4.999678223E+3	2.444310000E+2
2.011670000E-7	5.960510000E-8	6.270500000E+0	4.999678223E+3	2.455080000E+2
-2.756730000E-7	3.576300000E-7	6.258700000E+0	4.999678223E+3	2.470200000E+2
0.000000000E+0	0.000000000E+0	6.248100000E+0	4.999678223E+3	2.482190000E+2
5.960510000E-8	-5.215430000E-8	6.233000000E+0	4.999678223E+3	2.496530000E+2
7.450630000E-8	4.693880000E-7	6.222800000E+0	4.999678223E+3	2.513770000E+2
2.235190000E-8	5.215440000E-7	6.211300000E+0	4.999678223E+3	2.526220000E+2
2.011670000E-7	3.129260000E-7	6.199800000E+0	4.999678223E+3	2.539070000E+2
-2.831240000E-7	4.246850000E-7	6.185900000E+0	4.999678223E+3	2.556470000E+2
2.086170000E-7	3.948830000E-7	6.174400000E+0	4.999678223E+3	2.573030000E+2
-1.639140000E-7	1.415620000E-7	6.163100000E+0	4.999678223E+3	2.583090000E+2
3.725310000E-8	-5.215430000E-8	6.152800000E+0	4.999678223E+3	2.597010000E+2
-2.086170000E-7	3.799810000E-7	6.141200000E+0	4.999678223E+3	2.610140000E+2
2.980250000E-8	5.215440000E-7	6.129600000E+0	4.999678223E+3	2.623090000E+2
-2.607720000E-7	3.203770000E-7	6.118600000E+0	4.999678223E+3	2.637090000E+2
1.713640000E-7	5.066430000E-7	6.107200000E+0	4.999678223E+3	2.650120000E+2
-1.937160000E-7	3.874320000E-7	6.094900000E+0	4.999678223E+3	2.665870000E+2
-8.940740000E-8	5.140940000E-7	6.084800000E+0	4.999678223E+3	2.676850000E+2
1.266610000E-7	3.948830000E-7	6.072100000E+0	4.999678223E+3	2.695020000E+2
-2.011670000E-7	4.172340000E-7	6.059500000E+0	4.999678223E+3	2.707210000E+2
-6.705570000E-8	2.235190000E-8	6.046300000E+0	4.999678223E+3	2.724430000E+2
-7.450630000E-8	5.289950000E-7	6.032700000E+0	4.999678223E+3	2.737810000E+2
2.384200000E-7	2.086170000E-7	6.022200000E+0	4.999678223E+3	2.751010000E+2
-2.235180000E-7	4.917420000E-7	6.010400000E+0	4.999678223E+3	2.769970000E+2
1.490130000E-7	5.215430000E-8	5.998500000E+0	4.999678223E+3	2.781510000E+2
-3.129260000E-7	1.713640000E-7	5.984700000E+0	4.999678223E+3	2.800200000E+2
-2.011670000E-7	5.215430000E-8	5.972500000E+0	4.999678223E+3	2.812520000E+2
-5.215430000E-8	5.587970000E-7	5.960800000E+0	4.999678223E+3	2.825760000E+2
-2.533220000E-7	1.192100000E-7	5.950400000E+0	4.999678223E+3	2.837800000E+2
-2.831240000E-7	1.415620000E-7	5.938800000E+0	4.999678223E+3	2.852240000E+2
-9.685800000E-8	4.619380000E-7	5.928600000E+0	4.999678223E+3	2.865060000E+2
-1.713640000E-7	8.195680000E-8	5.915400000E+0	4.999678223E+3	2.879060000E+2
6.705570000E-8	5.960510000E-8	5.902000000E+0	4.999678223E+3	2.896640000E+2
1.341110000E-7	4.470370000E-7	5.889300000E+0	4.999678223E+3	2.913980000E+2
1.266610000E-7	1.490130000E-7	5.876900000E+0	4.999678223E+3	2.927060000E+2
1.266610000E-7	0.000000000E+0	5.860400000E+0	4.999678223E+3	2.946780000E+2
-1.490130000E-8	-7.450630000E-8	5.848900000E+0	4.999678223E+3	2.957710000E+2
1.117590000E-7	-5.215430000E-8	5.837300000E+0	4.999678223E+3	2.975570000E+2
-3.427290000E-7	7.450630000E-8	5.826000000E+0	4.999678223E+3	2.988500000E+2
4.470370000E-8	5.066430000E-7	5.815600000E+0	4.999678223E+3	3.001750000E+2
2.831240000E-7	1.862650000E-7	5.802600000E+0	4.999678223E+3	3.018260000E+2
-1.341110000E-7	5.662480000E-7	5.791000000E+0	4.999678223E+3	3.028440000E+2
7.450630000E-8	-7.450630000E-8	5.779800000E+0	4.999678223E+3	3.042030000E+2
-2.607720000E-7	3.576300000E-7	5.768100000E+0	4.999678223E+3	3.055110000E+2
-4.097840000E-7	3.054760000E-7	5.757100000E+0	4.999678223E+3	3.072920000E+2
-5.215430000E-8	-3.725310000E-8	5.742900000E+0	4.999678223E+3	3.092310000E+2
2.980250000E-7	7.450640000E-9	5.731100000E+0	4.999678223E+3	3.102820000E+2
2.533220000E-7	2.607720000E-7	5.720300000E+0	4.999678223E+3	3.115150000E+2
-1.639140000E-7	3.799810000E-7	5.707800000E+0	4.999678223E+3	3.126950000E+2
1.490130000E-7	3.203770000E-7	5.695500000E+0	4.999678223E+3	3.146950000E+2
-1.043090000E-7	-4.470370000E-8	5.682500000E+0	4.999678223E+3	3.164180000E+2
3.501790000E-7	4.470370000E-8	5.668900000E+0	4.999678223E+3	3.176240000E+2
3.278270000E-7	1.788150000E-7	5.654000000E+0	4.999678223E+3	3.192280000E+2
8.195680000E-8	4.619380000E-7	5.642700000E+0	4.999678223E+3	3.208170000E+2
7.450630000E-8	5.289950000E-7	5.629400000E+0	4.999678223E+3	3.226020000E+2
-2.458710000E-7	3.427290000E-7	5.615100000E+0	4.999678223E+3	3.241710000E+2
-1.490130000E-7	5.960510000E-8	5.602400000E+0	4.999678223E+3	3.257400000E+2
2.384200000E-7	2.756730000E-7	5.589000000E+0	4.999678223E+3	3.271190000E+2
-1.490130000E-8	1.490130000E-8	5.577400000E+0	4.999678223E+3	3.285940000E+2
-2.756730000E-7	1.862650000E-7	5.563700000E+0	4.999678223E+3	3.307850000E+2
1.192100000E-7	5.066430000E-7	5.553500000E+0	4.999678223E+3	3.315590000E+2
3.725310000E-8	-6.705570000E-8	5.539800000E+0	4.999678223E+3	3.330760000E+2
1.117590000E-7	5.215440000E-7	5.528800000E+0	4.999678223E+3	3.344470000E+2
5.960510000E-8	4.470370000E-7	5.513900000E+0	4.999678223E+3	3.360500000E+2
-1.564630000E-7	6.705560000E-7	5.503100000E+0	4.999678223E+3	3.376470000E+2
2.458710000E-7	2.756730000E-7	5.492900000E+0	4.999678223E+3	3.389580000E+2
1.266610000E-7	5.662480000E-7	5.481200000E+0	4.999678223E+3	3.405450000E+2
-1.564630000E-7	5.662480000E-7	5.470000000E+0	4.999678223E+3	3.414140000E+2
3.725310000E-8	5.960510000E-8	5.457300000E+0	4.999678223E+3	3.429450000E+2
-1.117590000E-7	5.215440000E-7	5.446700000E+0	4.999678223E+3	3.442880000E+2
1.862650000E-7	5.215440000E-7	5.435000000E+0	4.999678223E+3	3.459370000E+2
-2.756730000E-7	2.905740000E-7	5.421500000E+0	4.999678223E+3	3.474870000E+2
5.960510000E-8	1.117590000E-7	5.408500000E+0	4.999678223E+3	3.488590000E+2
-9.685800000E-8	5.215430000E-8	5.397100000E+0	4.999678223E+3	3.503200000E+2
-5.960510000E-8	-2.980250000E-8	5.385300000E+0	4.999678223E+3	3.517430000E+2
-2.235190000E-8	4.172340000E-7	5.372600000E+0	4.999678223E+3	3.532350000E+2
-2.384200000E-7	2.086170000E-7	5.358300000E+0	4.999678223E+3	3.548320000E+2
-1.266610000E-7	5.662480000E-7	5.343200000E+0	4.999678223E+3	3.570300000E+2
-6.705570000E-8	5.960500000E-7	5.332200000E+0	4.999678223E+3	3.577450000E+2
3.427290000E-7	2.533220000E-7	5.318100000E+0	4.999678223E+3	3.597610000E+2
2.756730000E-7	5.960510000E-8	5.307500000E+0	4.999678223E+3	3.613930000E+2
-3.874320000E-7	2.235190000E-8	5.294300000E+0	4.999678223E+3	3.627120000E+2
-2.682230000E-7	1.266610000E-7	5.280600000E+0	4.999678223E+3	3.641540000E+2
2.384200000E-7	2.086170000E-7	5.267000000E+0	4.999678223E+3	3.658720000E+2
-1.862650000E-7	4.768410000E-7	5.253200000E+0	4.999678223E+3	3.676000000E+2
2.086170000E-7	2.309690000E-7	5.239500000E+0	4.999678223E+3	3.691030000E+2
-2.682230000E-7	3.054760000E-7	5.227700000E+0	4.999678223E+3	3.708070000E+2
6.705570000E-8	5.960510000E-8	5.214900000E+0	4.999678223E+3	3.720010000E+2
-2.384200000E-7	2.905740000E-7	5.204600000E+0	4.999678223E+3	3.736750000E+2
-2.607720000E-7	3.725310000E-7	5.191700000E+0	4.999678223E+3	3.749420000E+2
-1.937160000E-7	4.842910000E-7	5.178200000E+0	4.999678223E+3	3.765700000E+2
-1.937160000E-7	2.160680000E-7	5.164900000E+0	4.999678223E+3	3.781640000E+2
3.874320000E-7	3.203770000E-7	5.153700000E+0	4.999678223E+3	3.795050000E+2
2.831240000E-7	1.266610000E-7	5.143500000E+0	4.999678223E+3	3.805880000E+2
0.000000000E+0	7.450640000E-9	5.133100000E+0	4.999678223E+3	3.818750000E+2
2.756730000E-7	6.705570000E-8	5.120100000E+0	4.999678223E+3	3.834610000E+2
2.160680000E-7	8.195680000E-8	5.109500000E+0	4.999678223E+3	3.850780000E+2
-2.309690000E-7	0.000000000E+0	5.094800000E+0	4.999678223E+3	3.863810000E+2
1.639140000E-7	4.395860000E-7	5.083100000E+0	4.999678223E+3	3.879130000E+2
-1.937160000E-7	1.117590000E-7	5.072500000E+0	4.999678223E+3	3.896080000E+2
1.639140000E-7	8.940740000E-8	5.059200000E+0	4.999678223E+3	3.908350000E+2
7.450630000E-8	5.215440000E-7	5.046800000E+0	4.999678223E+3	3.923880000E+2
-2.905740000E-7	3.352780000E-7	5.034300000E+0	4.999678223E+3	3.937720000E+2
-3.203770000E-7	2.235180000E-7	5.019800000E+0	4.999678223E+3	3.953810000E+2
-2.309690000E-7	3.725310000E-8	5.006400000E+0	4.999678223E+3	3.967980000E+2
-1.415620000E-7	-3.725310000E-8	4.993900000E+0	4.999678223E+3	3.989320000E+2
1.713640000E-7	4.172340000E-7	4.980400000E+0	4.999678223E+3	4.002870000E+2
1.266610000E-7	3.725310000E-8	4.967200000E+0	4.999678223E+3	4.017720000E+2
-1.192100000E-7	4.917420000E-7	4.956100000E+0	4.999678223E+3	4.034910000E+2
-2.607720000E-7	1.788150000E-7	4.945700000E+0	4.999678223E+3	4.047030000E+2
1.639140000E-7	4.023330000E-7	4.935700000E+0	4.999678223E+3	4.058480000E+2
4.470370000E-8	3.650800000E-7	4.923400000E+0	4.999678223E+3	4.072730000E+2
-3.501790000E-7	1.713640000E-7	4.907100000E+0	4.999678223E+3	4.086590000E+2
-2.831240000E-7	2.384200000E-7	4.895300000E+0	4.999678223E+3	4.106420000E+2
1.341110000E-7	4.619380000E-7	4.881700000E+0	4.999678223E+3	4.121210000E+2
-8.195680000E-8	-2.309690000E-7	4.870200000E+0	4.999678223E+3	4.136330000E+2
-3.203770000E-7	1.937160000E-7	4.859300000E+0	4.999678223E+3	4.147720000E+2
-1.788150000E-7	-3.427290000E-7	4.846000000E+0	4.999678223E+3	4.165050000E+2
-3.278270000E-7	-3.725310000E-8	4.831800000E+0	4.999678223E+3	4.181640000E+2
-1.415620000E-7	-3.874320000E-7	4.819400000E+0	4.999678223E+3	4.197350000E+2
-1.490130000E-7	9.685800000E-8	4.805600000E+0	4.999678223E+3	4.210720000E+2
0.000000000E+0	1.043090000E-7	4.793300000E+0	4.999678223E+3	4.225280000E+2
-6.705570000E-8	3.725310000E-8	4.782100000E+0	4.999678223E+3	4.241440000E+2
2.980250000E-8	-2.831240000E-7	4.767400000E+0	4.999678223E+3	4.259780000E+2
-4.619380000E-7	-5.736980000E-7	4.754000000E+0	4.999678223E+3	4.274550000E+2
-1.639140000E-7	-2.533220000E-7	4.743000000E+0	4.999678223E+3	4.286450000E+2
-7.599630000E-7	-4.470370000E-7	4.732500000E+0	4.999678223E+3	4.299960000E+2
-2.607720000E-7	-2.309690000E-7	4.721700000E+0	4.999678223E+3	4.314980000E+2
-4.246850000E-7	-7.525120000E-7	4.709000000E+0	4.999678223E+3	4.331800000E+2
-4.395860000E-7	-2.905740000E-7	4.698300000E+0	4.999678223E+3	4.340090000E+2
-8.791720000E-7	-6.854570000E-7	4.685500000E+0	4.999678223E+3	4.355560000E+2
-4.917420000E-7	-6.780060000E-7	4.672100000E+0	4.999678223E+3	4.374630000E+2
-7.823150000E-7	-8.940730000E-7	4.659900000E+0	4.999678223E+3	4.389280000E+2
-6.780060000E-7	-8.195680000E-7	4.648700000E+0	4.999678223E+3	4.399790000E+2
-7.227100000E-7	-5.886000000E-7	4.637900000E+0	4.999678223E+3	4.415700000E+2
-1.199550000E-6	-5.215440000E-7	4.626900000E+0	4.999678223E+3	4.424110000E+2
-1.303860000E-6	-5.140940000E-7	4.614300000E+0	4.999678223E+3	4.443850000E+2
-1.356010000E-6	-8.568200000E-7	4.600100000E+0	4.999678223E+3	4.461360000E+2
-1.229350000E-6	-1.035640000E-6	4.587900000E+0	4.999678223E+3	4.473620000E+2
-1.065440000E-6	-5.886000000E-7	4.574900000E+0	4.999678223E+3	4.489190000E+2
-1.199550000E-6	-8.791720000E-7	4.563500000E+0	4.999678223E+3	4.505580000E+2
-1.393270000E-6	-9.983850000E-7	4.550900000E+0	4.999678223E+3	4.518330000E+2
-1.832850000E-6	-8.940730000E-7	4.538400000E+0	4.999678223E+3	4.533150000E+2
-1.750890000E-6	-4.693880000E-7	4.523900000E+0	4.999678223E+3	4.549770000E+2
-1.847750000E-6	-4.842910000E-7	4.513800000E+0	4.999678223E+3	4.562320000E+2
-1.803050000E-6	-4.842910000E-7	4.502400000E+0	4.999678223E+3	4.578650000E+2
-1.639140000E-6	-6.407540000E-7	4.492300000E+0	4.999678223E+3	4.587780000E+2
-1.691290000E-6	-6.407540000E-7	4.480800000E+0	4.999678223E+3	4.602310000E+2
-1.728540000E-6	-5.960500000E-7	4.467100000E+0	4.999678223E+3	4.618410000E+2
-1.862650000E-6	-5.587970000E-7	4.454400000E+0	4.999678223E+3	4.634240000E+2
-2.257540000E-6	-8.270180000E-7	4.441500000E+0	4.999678223E+3	4.647870000E+2
-2.406550000E-6	-7.897650000E-7	4.429400000E+0	4.999678223E+3	4.662290000E+2
-2.078730000E-6	-4.023330000E-7	4.416900000E+0	4.999678223E+3	4.682800000E+2
-2.443800000E-6	-7.376110000E-7	4.402900000E+0	4.999678223E+3	4.699970000E+2
-2.458710000E-6	-3.352780000E-7	4.390700000E+0	4.999678223E+3	4.707630000E+2
-2.354400000E-6	-2.905740000E-7	4.377400000E+0	4.999678223E+3	4.727570000E+2
-2.406550000E-6	-8.270180000E-7	4.364200000E+0	4.999678223E+3	4.742640000E+2
-2.406550000E-6	-7.897650000E-7	4.352500000E+0	4.999678223E+3	4.756850000E+2
-2.466160000E-6	-9.536820000E-7	4.341600000E+0	4.999678223E+3	4.767780000E+2
-2.495960000E-6	-7.674130000E-7	4.330900000E+0	4.999678223E+3	4.783980000E+2
-2.816330000E-6	-3.799810000E-7	4.318800000E+0	4.999678223E+3	4.797120000E+2
-2.294790000E-6	-6.482040000E-7	4.306900000E+0	4.999678223E+3	4.812410000E+2
-3.010050000E-6	-4.768410000E-7	4.293400000E+0	4.999678223E+3	4.827530000E+2
-2.786530000E-6	-8.270180000E-7	4.280800000E+0	4.999678223E+3	4.841470000E+2
-2.630070000E-6	-3.129260000E-7	4.270300000E+0	4.999678223E+3	4.851490000E+2
-2.540660000E-6	-4.768410000E-7	4.256300000E+0	4.999678223E+3	4.871470000E+2
-2.972800000E-6	-7.301610000E-7	4.245800000E+0	4.999678223E+3	4.886310000E+2
-2.875940000E-6	-7.152590000E-7	4.234700000E+0	4.999678223E+3	4.896890000E+2
-3.106910000E-6	-7.003580000E-7	4.222400000E+0	4.999678223E+3	4.911490000E+2
-2.741830000E-6	-3.129260000E-7	4.211300000E+0	4.999678223E+3	4.926940000E+2
-2.853590000E-6	-5.587970000E-7	4.197900000E+0	4.999678223E+3	4.941540000E+2
-3.367680000E-6	-3.278270000E-7	4.184100000E+0	4.999678223E+3	4.956850000E+2
-2.913190000E-6	-3.054760000E-7	4.170600000E+0	4.999678223E+3	4.977060000E+2
-3.136710000E-6	-1.713640000E-7	4.157600000E+0	4.999678223E+3	4.992970000E+2
-3.047300000E-6	-5.811490000E-7	4.141600000E+0	4.999678223E+3	5.006230000E+2
-3.039850000E-6	-6.407540000E-7	4.128300000E+0	4.999678223E+3	5.025990000E+2
-3.457080000E-6	-5.140940000E-7	4.115000000E+0	4.999678223E+3	5.040820000E+2
-3.449630000E-6	-5.364450000E-7	4.102300000E+0	4.999678223E+3	5.056920000E+2
-3.233570000E-6	-6.184020000E-7	4.089700000E+0	4.999678223E+3	5.072820000E+2
-3.032400000E-6	-3.501790000E-7	4.078500000E+0	4.999678223E+3	5.086770000E+2
-3.196310000E-6	-1.639140000E-7	4.065300000E+0	4.999678223E+3	5.100770000E+2
-3.144160000E-6	-4.693880000E-7	4.054700000E+0	4.999678223E+3	5.110040000E+2
-3.576290000E-6	-4.917420000E-7	4.040900000E+0	4.999678223E+3	5.130510000E+2
-3.710400000E-6	-4.693880000E-7	4.028400000E+0	4.999678223E+3	5.146680000E+2
-3.531590000E-6	-5.364450000E-7	4.016200000E+0	4.999678223E+3	5.162600000E+2
-3.598640000E-6	-1.415620000E-7	4.003900000E+0	4.999678223E+3	5.175800000E+2
-3.904130000E-6	-2.831240000E-7	3.966000000E+0	4.999678223E+3	5.222090000E+2
-3.434730000E-6	-5.140940000E-7	3.954100000E+0	4.999678223E+3	5.235940000E+2
-3.367680000E-6	-3.203770000E-7	3.941800000E+0	4.999678223E+3	5.250050000E+2
-3.643350000E-6	-5.066430000E-7	3.926900000E+0	4.999678223E+3	5.266540000E+2
-3.457080000E-6	-4.917420000E-7	3.916800000E+0	4.999678223E+3	5.275290000E+2
-3.837080000E-6	-4.395860000E-7	3.903700000E+0	4.999678223E+3	5.295580000E+2
-3.770010000E-6	-7.450640000E-9	3.892100000E+0	4.999678223E+3	5.310430000E+2
-3.576290000E-6	-4.172340000E-7	3.878100000E+0	4.999678223E+3	5.327460000E+2
-3.896680000E-6	-5.587970000E-7	3.867100000E+0	4.999678223E+3	5.342060000E+2
-3.740210000E-6	-4.544870000E-7	3.856800000E+0	4.999678223E+3	5.350740000E+2
-3.546490000E-6	-3.501790000E-7	3.844200000E+0	4.999678223E+3	5.366680000E+2
-3.598640000E-6	-4.395860000E-7	3.833100000E+0	4.999678223E+3	5.379380000E+2
-3.993540000E-6	-4.842910000E-7	3.819800000E+0	4.999678223E+3	5.395970000E+2
-4.202160000E-6	-1.415620000E-7	3.806800000E+0	4.999678223E+3	5.410600000E+2
-3.613550000E-6	1.490130000E-8	3.796000000E+0	4.999678223E+3	5.427430000E+2
-3.963740000E-6	-5.066430000E-7	3.785800000E+0	4.999678223E+3	5.435390000E+2
-3.889230000E-6	1.192100000E-7	3.773600000E+0	4.999678223E+3	5.450390000E+2
-3.919030000E-6	-3.799810000E-7	3.762100000E+0	4.999678223E+3	5.467590000E+2
-3.717850000E-6	0.000000000E+0	3.749500000E+0	4.999678223E+3	5.479430000E+2
-3.740210000E-6	-1.862650000E-7	3.735800000E+0	4.999678223E+3	5.495680000E+2
-3.725300000E-6	-8.940740000E-8	3.719700000E+0	4.999678223E+3	5.515420000E+2
-3.762560000E-6	-2.160680000E-7	3.707200000E+0	4.999678223E+3	5.529880000E+2
-4.053140000E-6	8.940740000E-8	3.696600000E+0	4.999678223E+3	5.547310000E+2
-4.194710000E-6	-5.215430000E-8	3.685800000E+0	4.999678223E+3	5.556060000E+2
-4.000990000E-6	-3.576300000E-7	3.672500000E+0	4.999678223E+3	5.569800000E+2
-4.306460000E-6	-2.682230000E-7	3.658300000E+0	4.999678223E+3	5.589930000E+2
-4.172350000E-6	1.266610000E-7	3.645900000E+0	4.999678223E+3	5.604680000E+2
-3.896680000E-6	2.682230000E-7	3.634000000E+0	4.999678223E+3	5.619290000E+2
-3.688050000E-6	-1.490130000E-7	3.621900000E+0	4.999678223E+3	5.630370000E+2
-3.851980000E-6	-1.043090000E-7	3.611200000E+0	4.999678223E+3	5.646560000E+2
-3.866880000E-6	1.415620000E-7	3.596600000E+0	4.999678223E+3	5.667710000E+2
-4.351170000E-6	-3.725310000E-8	3.585600000E+0	4.999678223E+3	5.677970000E+2
-4.388420000E-6	-1.937160000E-7	3.569200000E+0	4.999678223E+3	5.699270000E+2
-4.373520000E-6	-2.235180000E-7	3.552000000E+0	4.999678223E+3	5.720710000E+2
-4.239410000E-6	-4.470370000E-7	3.536200000E+0	4.999678223E+3	5.742060000E+2
-3.904130000E-6	-1.862650000E-7	3.520600000E+0	4.999678223E+3	5.763120000E+2
-3.933940000E-6	-5.215430000E-8	3.501700000E+0	4.999678223E+3	5.784580000E+2
-3.933940000E-6	-1.862650000E-7	3.486300000E+0	4.999678223E+3	5.806230000E+2
-4.075500000E-6	1.713640000E-7	3.469900000E+0	4.999678223E+3	5.827380000E+2
-4.492730000E-6	1.266610000E-7	3.453000000E+0	4.999678223E+3	5.848440000E+2
-4.507630000E-6	-6.705570000E-8	3.437200000E+0	4.999678223E+3	5.869820000E+2
-4.112750000E-6	3.129260000E-7	3.426300000E+0	4.999678223E+3	5.881160000E+2
-4.403320000E-6	-2.160680000E-7	3.411200000E+0	4.999678223E+3	5.901920000E+2
-4.313920000E-6	-3.203770000E-7	3.396500000E+0	4.999678223E+3	5.923210000E+2
-4.053140000E-6	-1.639140000E-7	3.377200000E+0	4.999678223E+3	5.944400000E+2
-4.097850000E-6	1.490130000E-8	3.360300000E+0	4.999678223E+3	5.965800000E+2
-4.038240000E-6	8.195680000E-8	3.346000000E+0	4.999678223E+3	5.987130000E+2
-4.135100000E-6	-1.266610000E-7	3.329200000E+0	4.999678223E+3	6.009040000E+2
-4.246860000E-6	2.533220000E-7	3.318200000E+0	4.999678223E+3	6.019240000E+2
-4.366070000E-6	2.756730000E-7	3.302700000E+0	4.999678223E+3	6.040620000E+2
-4.410770000E-6	1.788150000E-7	3.288700000E+0	4.999678223E+3	6.061990000E+2
-4.552330000E-6	8.195680000E-8	3.267200000E+0	4.999678223E+3	6.083470000E+2
-4.492730000E-6	-7.450640000E-9	3.254100000E+0	4.999678223E+3	6.104820000E+2
-4.403320000E-6	-3.501790000E-7	3.237000000E+0	4.999678223E+3	6.125980000E+2
-4.120200000E-6	-2.235180000E-7	3.219200000E+0	4.999678223E+3	6.147210000E+2
-4.164900000E-6	9.685800000E-8	3.203300000E+0	4.999678223E+3	6.168400000E+2
-4.030790000E-6	2.384200000E-7	3.186100000E+0	4.999678223E+3	6.189870000E+2
-4.015890000E-6	-1.117590000E-7	3.170300000E+0	4.999678223E+3	6.211680000E+2
-4.336270000E-6	2.831240000E-7	3.153200000E+0	4.999678223E+3	6.232570000E+2
-4.321370000E-6	2.384200000E-7	3.136000000E+0	4.999678223E+3	6.253970000E+2
-4.462930000E-6	1.862650000E-7	3.121700000E+0	4.999678223E+3	6.275610000E+2
-4.500180000E-6	-2.309690000E-7	3.101000000E+0	4.999678223E+3	6.296470000E+2
-4.477830000E-6	-2.235180000E-7	3.087600000E+0	4.999678223E+3	6.317990000E+2
-4.336270000E-6	-2.011670000E-7	3.070000000E+0	4.999678223E+3	6.339280000E+2
-4.276660000E-6	-2.831240000E-7	3.052600000E+0	4.999678223E+3	6.360700000E+2
-4.246860000E-6	1.937160000E-7	3.035500000E+0	4.999678223E+3	6.381750000E+2
-4.299010000E-6	2.011670000E-7	3.020800000E+0	4.999678223E+3	6.403210000E+2
-4.373520000E-6	1.564630000E-7	3.010600000E+0	4.999678223E+3	6.414000000E+2
-4.179800000E-6	1.713640000E-7	2.995100000E+0	4.999678223E+3	6.435690000E+2
-4.641740000E-6	1.266610000E-7	2.978900000E+0	4.999678223E+3	6.456570000E+2
-4.626840000E-6	1.341110000E-7	2.968100000E+0	4.999678223E+3	6.467480000E+2
-4.634290000E-6	-1.341110000E-7	2.954600000E+0	4.999678223E+3	6.488650000E+2
-4.187260000E-6	-2.086170000E-7	2.936900000E+0	4.999678223E+3	6.509730000E+2
-4.440580000E-6	-2.533220000E-7	2.916300000E+0	4.999678223E+3	6.531360000E+2
-4.313920000E-6	-1.192100000E-7	2.905900000E+0	4.999678223E+3	6.552800000E+2
-4.172350000E-6	2.533220000E-7	2.895700000E+0	4.999678223E+3	6.563070000E+2
-4.142550000E-6	1.415620000E-7	2.875300000E+0	4.999678223E+3	6.584460000E+2
-4.150000000E-6	9.685800000E-8	2.862900000E+0	4.999678223E+3	6.606200000E+2
-4.485280000E-6	2.607720000E-7	2.844700000E+0	4.999678223E+3	6.627190000E+2
-4.485280000E-6	2.682230000E-7	2.832000000E+0	4.999678223E+3	6.637880000E+2
-4.589590000E-6	4.023330000E-7	2.814100000E+0	4.999678223E+3	6.670280000E+2
-4.500180000E-6	-1.490130000E-7	2.802000000E+0	4.999678223E+3	6.680360000E+2
-4.656640000E-6	4.470370000E-8	2.784900000E+0	4.999678223E+3	6.702220000E+2
-4.611940000E-6	-1.713640000E-7	2.771100000E+0	4.999678223E+3	6.723470000E+2
-4.261760000E-6	-1.490130000E-8	2.751700000E+0	4.999678223E+3	6.744380000E+2
-4.485280000E-6	-1.862650000E-7	2.738400000E+0	4.999678223E+3	6.766430000E+2
-4.313920000E-6	2.011670000E-7	2.720200000E+0	4.999678223E+3	6.787210000E+2
-4.299010000E-6	2.831240000E-7	2.708600000E+0	4.999678223E+3	6.797860000E+2
-4.649190000E-6	2.160680000E-7	2.696800000E+0	4.999678223E+3	6.819100000E+2
-4.567240000E-6	3.203770000E-7	2.677600000E+0	4.999678223E+3	6.840710000E+2
-4.753500000E-6	3.725310000E-8	2.665500000E+0	4.999678223E+3	6.851150000E+2
-4.746050000E-6	5.960510000E-8	2.646700000E+0	4.999678223E+3	6.883500000E+2
-4.686440000E-6	1.043090000E-7	2.633400000E+0	4.999678223E+3	6.894290000E+2
-4.813100000E-6	7.450640000E-9	2.620400000E+0	4.999678223E+3	6.915680000E+2
-4.246860000E-6	-1.937160000E-7	2.603800000E+0	4.999678223E+3	6.936530000E+2
-4.261760000E-6	1.266610000E-7	2.593500000E+0	4.999678223E+3	6.946970000E+2
-4.336270000E-6	1.788150000E-7	2.578400000E+0	4.999678223E+3	6.968360000E+2
-4.202160000E-6	-1.490130000E-8	2.560900000E+0	4.999678223E+3	6.990210000E+2
-4.246860000E-6	1.862650000E-7	2.543400000E+0	4.999678223E+3	7.011600000E+2
-4.693890000E-6	1.639140000E-7	2.529100000E+0	4.999678223E+3	7.032590000E+2
-4.678990000E-6	-4.470370000E-8	2.510100000E+0	4.999678223E+3	7.053800000E+2
-4.626840000E-6	3.203770000E-7	2.494800000E+0	4.999678223E+3	7.075720000E+2
-4.783300000E-6	-5.960510000E-8	2.477600000E+0	4.999678223E+3	7.096870000E+2
-4.336270000E-6	-1.341110000E-7	2.460900000E+0	4.999678223E+3	7.117740000E+2
-4.246860000E-6	2.235190000E-8	2.444700000E+0	4.999678223E+3	7.139100000E+2
-4.395870000E-6	-1.937160000E-7	2.433700000E+0	4.999678223E+3	7.150190000E+2
-4.217060000E-6	1.788150000E-7	2.421600000E+0	4.999678223E+3	7.171250000E+2
-4.217060000E-6	2.682230000E-7	2.411400000E+0	4.999678223E+3	7.181930000E+2
-4.492730000E-6	2.905740000E-7	2.400300000E+0	4.999678223E+3	7.192410000E+2
-4.276660000E-6	3.129260000E-7	2.386300000E+0	4.999678223E+3	7.214260000E+2
-4.395870000E-6	3.427290000E-7	2.369300000E+0	4.999678223E+3	7.235620000E+2
-4.753500000E-6	1.490130000E-8	2.359000000E+0	4.999678223E+3	7.245780000E+2
-4.738600000E-6	0.000000000E+0	2.343600000E+0	4.999678223E+3	7.267210000E+2
-4.768400000E-6	3.725310000E-8	2.328600000E+0	4.999678223E+3	7.288910000E+2
-4.753500000E-6	0.000000000E+0	2.317800000E+0	4.999678223E+3	7.299570000E+2
-4.522530000E-6	-1.937160000E-7	2.307700000E+0	4.999678223E+3	7.309860000E+2
-4.597040000E-6	-1.639140000E-7	2.296700000E+0	4.999678223E+3	7.331600000E+2
-4.291560000E-6	-5.215430000E-8	2.285800000E+0	4.999678223E+3	7.341970000E+2
-4.231960000E-6	1.266610000E-7	2.275500000E+0	4.999678223E+3	7.352500000E+2
-4.507630000E-6	2.682230000E-7	2.260100000E+0	4.999678223E+3	7.373800000E+2
-4.246860000E-6	1.490130000E-8	2.244300000E+0	4.999678223E+3	7.395620000E+2
-4.388420000E-6	1.564630000E-7	2.234200000E+0	4.999678223E+3	7.406250000E+2
-4.693890000E-6	1.266610000E-7	2.220200000E+0	4.999678223E+3	7.427160000E+2
-4.746050000E-6	-1.937160000E-7	2.201100000E+0	4.999678223E+3	7.448260000E+2
-4.783300000E-6	-1.266610000E-7	2.185100000E+0	4.999678223E+3	7.469900000E+2
-4.880160000E-6	5.960510000E-8	2.170400000E+0	4.999678223E+3	7.491610000E+2
-4.820550000E-6	1.937160000E-7	2.159900000E+0	4.999678223E+3	7.502500000E+2
-4.135100000E-6	-5.960510000E-8	2.142700000E+0	4.999678223E+3	7.523120000E+2
-4.150000000E-6	2.384200000E-7	2.128900000E+0	4.999678223E+3	7.544410000E+2
-4.738600000E-6	-5.960510000E-8	2.109100000E+0	4.999678223E+3	7.566770000E+2
-4.462930000E-6	2.309690000E-7	2.094500000E+0	4.999678223E+3	7.587310000E+2
-4.515080000E-6	2.309690000E-7	2.077100000E+0	4.999678223E+3	7.608510000E+2
-4.738600000E-6	-1.043090000E-7	2.058900000E+0	4.999678223E+3	7.629700000E+2
-4.708800000E-6	7.450640000E-9	2.045300000E+0	4.999678223E+3	7.651220000E+2
-4.485280000E-6	-1.639140000E-7	2.025600000E+0	4.999678223E+3	7.672330000E+2
-4.649190000E-6	-1.862650000E-7	2.010500000E+0	4.999678223E+3	7.694090000E+2
-4.254310000E-6	-8.940740000E-8	1.995500000E+0	4.999678223E+3	7.715140000E+2
-4.477830000E-6	-2.905740000E-7	2.006100000E+0	4.999678223E+3	8.680570000E+2
-4.500180000E-6	3.427290000E-7	2.020400000E+0	4.999678223E+3	8.692250000E+2
-4.619390000E-6	-1.490130000E-7	2.031000000E+0	4.999678223E+3	8.704000000E+2
-4.246860000E-6	-6.705570000E-8	2.041100000E+0	4.999678223E+3	8.716210000E+2
-4.380970000E-6	-1.117590000E-7	2.052400000E+0	4.999678223E+3	8.732230000E+2
-4.753500000E-6	1.862650000E-7	2.063300000E+0	4.999678223E+3	8.743980000E+2
-4.366070000E-6	3.576300000E-7	2.074600000E+0	4.999678223E+3	8.757080000E+2
-4.522530000E-6	-1.937160000E-7	2.087200000E+0	4.999678223E+3	8.773860000E+2
-4.313920000E-6	1.862650000E-7	2.101400000E+0	4.999678223E+3	8.789540000E+2
-4.746050000E-6	-2.235190000E-8	2.111900000E+0	4.999678223E+3	8.802910000E+2
-4.261760000E-6	1.937160000E-7	2.124200000E+0	4.999678223E+3	8.816350000E+2
-4.336270000E-6	1.862650000E-7	2.135100000E+0	4.999678223E+3	8.832440000E+2
-4.395870000E-6	-1.788150000E-7	2.148000000E+0	4.999678223E+3	8.845490000E+2
-4.820550000E-6	1.713640000E-7	2.159000000E+0	4.999678223E+3	8.858760000E+2
-4.544880000E-6	3.054760000E-7	2.171700000E+0	4.999678223E+3	8.875210000E+2
-4.299010000E-6	8.940740000E-8	2.188100000E+0	4.999678223E+3	8.893610000E+2
-4.358620000E-6	3.799810000E-7	2.199000000E+0	4.999678223E+3	8.909430000E+2
-4.753500000E-6	5.215430000E-8	2.210700000E+0	4.999678223E+3	8.923270000E+2
-4.291560000E-6	1.788150000E-7	2.221500000E+0	4.999678223E+3	8.934750000E+2
-4.664090000E-6	2.533220000E-7	2.231700000E+0	4.999678223E+3	8.946780000E+2
-4.306460000E-6	-1.490130000E-8	2.241900000E+0	4.999678223E+3	8.960120000E+2
-4.723700000E-6	-1.341110000E-7	2.253700000E+0	4.999678223E+3	8.973280000E+2
-4.313920000E-6	1.937160000E-7	2.265000000E+0	4.999678223E+3	8.986770000E+2
-4.820550000E-6	1.117590000E-7	2.275100000E+0	4.999678223E+3	9.000430000E+2
-4.462930000E-6	-2.160680000E-7	2.285200000E+0	4.999678223E+3	9.012440000E+2
-4.231960000E-6	2.011670000E-7	2.296000000E+0	4.999678223E+3	9.024410000E+2
-4.313920000E-6	1.490130000E-8	2.306000000E+0	4.999678223E+3	9.037270000E+2
-4.202160000E-6	-1.043090000E-7	2.320600000E+0	4.999678223E+3	9.055290000E+2
-4.634290000E-6	-2.905740000E-7	2.332100000E+0	4.999678223E+3	9.066540000E+2
-4.418220000E-6	-1.490130000E-7	2.342800000E+0	4.999678223E+3	9.080650000E+2
-4.753500000E-6	1.415620000E-7	2.355100000E+0	4.999678223E+3	9.097400000E+2
-4.574690000E-6	-1.937160000E-7	2.366200000E+0	4.999678223E+3	9.109390000E+2
-4.574690000E-6	-2.086170000E-7	2.376700000E+0	4.999678223E+3	9.122060000E+2
-4.828010000E-6	1.564630000E-7	2.391800000E+0	4.999678223E+3	9.138620000E+2
-4.731150000E-6	5.960510000E-8	2.404500000E+0	4.999678223E+3	9.156500000E+2
-4.224510000E-6	1.490130000E-8	2.416500000E+0	4.999678223E+3	9.169990000E+2
-4.716250000E-6	2.235180000E-7	2.427500000E+0	4.999678223E+3	9.181910000E+2
-4.410770000E-6	1.043090000E-7	2.437800000E+0	4.999678223E+3	9.194830000E+2
-4.701350000E-6	2.011670000E-7	2.450500000E+0	4.999678223E+3	9.210420000E+2
-4.656640000E-6	-2.607720000E-7	2.465900000E+0	4.999678223E+3	9.227940000E+2
-4.567240000E-6	-1.713640000E-7	2.478100000E+0	4.999678223E+3	9.243990000E+2
-4.462930000E-6	2.309690000E-7	2.489800000E+0	4.999678223E+3	9.257330000E+2
-4.470380000E-6	-3.054760000E-7	2.500500000E+0	4.999678223E+3	9.270890000E+2
-4.433120000E-6	3.576300000E-7	2.512600000E+0	4.999678223E+3	9.282500000E+2
-4.403320000E-6	-2.235180000E-7	2.524000000E+0	4.999678223E+3	9.299430000E+2
-4.418220000E-6	-2.160680000E-7	2.535400000E+0	4.999678223E+3	9.312140000E+2
-4.738600000E-6	1.862650000E-7	2.546400000E+0	4.999678223E+3	9.325280000E+2
-4.574690000E-6	-8.195680000E-8	2.556700000E+0	4.999678223E+3	9.337260000E+2
-4.172350000E-6	-4.470370000E-8	2.567500000E+0	4.999678223E+3	9.349390000E+2
-4.708800000E-6	2.831240000E-7	2.579900000E+0	4.999678223E+3	9.366630000E+2
-4.306460000E-6	2.086170000E-7	2.590900000E+0	4.999678223E+3	9.381520000E+2
-4.366070000E-6	1.788150000E-7	2.602600000E+0	4.999678223E+3	9.392110000E+2
-4.582140000E-6	2.980250000E-7	2.613400000E+0	4.999678223E+3	9.404360000E+2
-4.172350000E-6	5.215430000E-8	2.625600000E+0	4.999678223E+3	9.421120000E+2
-4.641740000E-6	1.415620000E-7	2.636200000E+0	4.999678223E+3	9.434640000E+2
-4.470380000E-6	-1.564630000E-7	2.648600000E+0	4.999678223E+3	9.446660000E+2
-4.619390000E-6	3.874320000E-7	2.659300000E+0	4.999678223E+3	9.460090000E+2
-4.693890000E-6	2.905740000E-7	2.671000000E+0	4.999678223E+3	9.476070000E+2
-4.433120000E-6	-1.713640000E-7	2.682400000E+0	4.999678223E+3	9.487770000E+2
-4.649190000E-6	9.685800000E-8	2.695100000E+0	4.999678223E+3	9.506420000E+2
-4.515080000E-6	2.756730000E-7	2.706800000E+0	4.999678223E+3	9.517320000E+2
-4.194710000E-6	-5.960510000E-8	2.719000000E+0	4.999678223E+3	9.530640000E+2
-4.410770000E-6	-1.341110000E-7	2.730400000E+0	4.999678223E+3	9.546930000E+2
-4.574690000E-6	-1.192100000E-7	2.741400000E+0	4.999678223E+3	9.559730000E+2
-4.202160000E-6	2.309690000E-7	2.753100000E+0	4.999678223E+3	9.573370000E+2
-4.723700000E-6	7.450640000E-9	2.763400000E+0	4.999678223E+3	9.585190000E+2
-4.693890000E-6	-1.043090000E-7	2.774500000E+0	4.999678223E+3	9.597670000E+2
-4.284110000E-6	-1.415620000E-7	2.785900000E+0	4.999678223E+3	9.613280000E+2
-4.075500000E-6	1.117590000E-7	2.799200000E+0	4.999678223E+3	9.629170000E+2
-4.380970000E-6	-2.384200000E-7	2.812900000E+0	4.999678223E+3	9.643930000E+2
-4.664090000E-6	-1.341110000E-7	2.823200000E+0	4.999678223E+3	9.656800000E+2
-4.187260000E-6	2.011670000E-7	2.835600000E+0	4.999678223E+3	9.673720000E+2
-4.373520000E-6	-3.501790000E-7	2.854500000E+0	4.999678223E+3	9.694260000E+2
-4.567240000E-6	-1.937160000E-7	2.866400000E+0	4.999678223E+3	9.706940000E+2
-4.209610000E-6	7.450640000E-9	2.877300000E+0	4.999678223E+3	9.722510000E+2
-4.343720000E-6	3.427290000E-7	2.891100000E+0	4.999678223E+3	9.738290000E+2
-4.865260000E-6	1.043090000E-7	2.902400000E+0	4.999678223E+3	9.752180000E+2
-4.634290000E-6	-7.450630000E-8	2.912700000E+0	4.999678223E+3	9.768130000E+2
-4.246860000E-6	2.011670000E-7	2.925700000E+0	4.999678223E+3	9.781410000E+2
-4.157450000E-6	-6.705570000E-8	2.936300000E+0	4.999678223E+3	9.790710000E+2
-4.589590000E-6	1.713640000E-7	2.946700000E+0	4.999678223E+3	9.807800000E+2
-4.678990000E-6	2.980250000E-8	2.956900000E+0	4.999678223E+3	9.818460000E+2
-4.231960000E-6	-6.705570000E-8	2.972200000E+0	4.999678223E+3	9.835700000E+2
-4.604490000E-6	-1.490130000E-7	2.984500000E+0	4.999678223E+3	9.852310000E+2
-4.299010000E-6	2.458710000E-7	2.996900000E+0	4.999678223E+3	9.863860000E+2
-4.619390000E-6	-5.960510000E-8	3.008300000E+0	4.999678223E+3	9.881170000E+2
-4.529980000E-6	-2.011670000E-7	3.019200000E+0	4.999678223E+3	9.893470000E+2
-4.187260000E-6	1.117590000E-7	3.029400000E+0	4.999678223E+3	9.905390000E+2
-4.485280000E-6	-2.607720000E-7	3.039500000E+0	4.999678223E+3	9.914960000E+2
-4.224510000E-6	-4.470370000E-8	3.050100000E+0	4.999678223E+3	9.932340000E+2
-4.462930000E-6	-2.980250000E-7	3.061600000E+0	4.999678223E+3	9.943640000E+2
-4.619390000E-6	-1.341110000E-7	3.072900000E+0	4.999678223E+3	9.956490000E+2
-4.552330000E-6	2.086170000E-7	3.083300000E+0	4.999678223E+3	9.967650000E+2
-4.604490000E-6	-5.215430000E-8	3.095800000E+0	4.999678223E+3	9.985240000E+2
-4.127650000E-6	-5.960510000E-8	3.109700000E+0	4.999678223E+3	1.000244000E+3
-4.373520000E-6	2.607720000E-7	3.121400000E+0	4.999678223E+3	1.001451000E+3
-4.224510000E-6	1.341110000E-7	3.132700000E+0	4.999678223E+3	1.002746000E+3
-4.366070000E-6	-2.384200000E-7	3.144700000E+0	4.999678223E+3	1.004395000E+3
-4.135100000E-6	-7.450640000E-9	3.158300000E+0	4.999678223E+3	1.005981000E+3
-4.418220000E-6	2.831240000E-7	3.168900000E+0	4.999678223E+3	1.007187000E+3
-4.515080000E-6	-2.086170000E-7	3.184000000E+0	4.999678223E+3	1.008909000E+3
-4.678990000E-6	9.685800000E-8	3.197000000E+0	4.999678223E+3	1.010553000E+3
-4.164900000E-6	-1.043090000E-7	3.207100000E+0	4.999678223E+3	1.012087000E+3
-4.194710000E-6	2.086170000E-7	3.220400000E+0	4.999678223E+3	1.013480000E+3
-4.179800000E-6	-3.576300000E-7	3.234300000E+0	4.999678223E+3	1.014799000E+3
-4.306460000E-6	-2.607720000E-7	3.248200000E+0	4.999678223E+3	1.016784000E+3
-4.202160000E-6	-2.235180000E-7	3.261200000E+0	4.999678223E+3	1.018565000E+3
-4.574690000E-6	7.450630000E-8	3.273100000E+0	4.999678223E+3	1.019718000E+3
-4.224510000E-6	2.607720000E-7	3.285200000E+0	4.999678223E+3	1.021356000E+3
-4.373520000E-6	1.862650000E-7	3.298400000E+0	4.999678223E+3	1.022607000E+3
-4.187260000E-6	-2.533220000E-7	3.308500000E+0	4.999678223E+3	1.024136000E+3
-4.574690000E-6	2.235190000E-8	3.318800000E+0	4.999678223E+3	1.025458000E+3
-4.313920000E-6	-2.011670000E-7	3.331200000E+0	4.999678223E+3	1.026652000E+3
-4.410770000E-6	3.427290000E-7	3.341600000E+0	4.999678223E+3	1.027998000E+3
-4.515080000E-6	1.788150000E-7	3.354500000E+0	4.999678223E+3	1.029585000E+3
-4.500180000E-6	4.470370000E-8	3.364800000E+0	4.999678223E+3	1.030829000E+3
-4.254310000E-6	2.458710000E-7	3.378200000E+0	4.999678223E+3	1.032127000E+3
-4.068050000E-6	1.937160000E-7	3.389100000E+0	4.999678223E+3	1.033927000E+3
-3.971190000E-6	3.725310000E-8	3.399900000E+0	4.999678223E+3	1.035028000E+3
-4.343720000E-6	2.309690000E-7	3.411500000E+0	4.999678223E+3	1.036232000E+3
-4.485280000E-6	-1.490130000E-8	3.421600000E+0	4.999678223E+3	1.037459000E+3
-4.500180000E-6	-7.450640000E-9	3.433400000E+0	4.999678223E+3	1.039081000E+3
-4.306460000E-6	1.192100000E-7	3.447400000E+0	4.999678223E+3	1.040732000E+3
-3.971190000E-6	-2.607720000E-7	3.461800000E+0	4.999678223E+3	1.042416000E+3
-4.492730000E-6	-2.607720000E-7	3.474600000E+0	4.999678223E+3	1.043717000E+3
-4.306460000E-6	-2.160680000E-7	3.485100000E+0	4.999678223E+3	1.045333000E+3
-4.284110000E-6	-2.831240000E-7	3.497500000E+0	4.999678223E+3	1.046932000E+3
-3.919030000E-6	-1.266610000E-7	3.511400000E+0	4.999678223E+3	1.048322000E+3
-4.403320000E-6	1.043090000E-7	3.523800000E+0	4.999678223E+3	1.049863000E+3
-4.284110000E-6	1.862650000E-7	3.534000000E+0	4.999678223E+3	1.050771000E+3
-3.948840000E-6	1.266610000E-7	3.547400000E+0	4.999678223E+3	1.052772000E+3
-4.321370000E-6	2.309690000E-7	3.557600000E+0	4.999678223E+3	1.053999000E+3
-4.351170000E-6	-2.533220000E-7	3.568400000E+0	4.999678223E+3	1.055203000E+3
-4.120200000E-6	-3.874320000E-7	3.578900000E+0	4.999678223E+3	1.056433000E+3
-4.142550000E-6	8.195680000E-8	3.593000000E+0	4.999678223E+3	1.058141000E+3
-4.112750000E-6	-3.054760000E-7	3.604000000E+0	4.999678223E+3	1.059321000E+3
-4.373520000E-6	-1.266610000E-7	3.615400000E+0	4.999678223E+3	1.060960000E+3
-3.896680000E-6	8.195680000E-8	3.626000000E+0	4.999678223E+3	1.062105000E+3
-4.313920000E-6	-1.490130000E-7	3.637900000E+0	4.999678223E+3	1.063467000E+3
-3.770010000E-6	-8.195680000E-8	3.650400000E+0	4.999678223E+3	1.065179000E+3
-3.814730000E-6	1.043090000E-7	3.662700000E+0	4.999678223E+3	1.066408000E+3
-4.053140000E-6	1.490130000E-7	3.672800000E+0	4.999678223E+3	1.067637000E+3
-4.179800000E-6	-2.756730000E-7	3.683500000E+0	4.999678223E+3	1.069189000E+3
-3.740210000E-6	-1.713640000E-7	3.698400000E+0	4.999678223E+3	1.070919000E+3
-3.755110000E-6	-2.980250000E-8	3.712400000E+0	4.999678223E+3	1.072159000E+3
-3.673150000E-6	-2.235190000E-8	3.722900000E+0	4.999678223E+3	1.073772000E+3
-3.971190000E-6	-3.352780000E-7	3.736300000E+0	4.999678223E+3	1.075452000E+3
-3.606100000E-6	-2.086170000E-7	3.747800000E+0	4.999678223E+3	1.076660000E+3
-4.150000000E-6	-5.960510000E-8	3.757900000E+0	4.999678223E+3	1.077841000E+3
-4.142550000E-6	-7.450630000E-8	3.768800000E+0	4.999678223E+3	1.079098000E+3
-3.770010000E-6	-4.172340000E-7	3.779500000E+0	4.999678223E+3	1.080643000E+3
-3.866880000E-6	0.000000000E+0	3.791900000E+0	4.999678223E+3	1.081986000E+3
-4.030790000E-6	-3.352780000E-7	3.803200000E+0	4.999678223E+3	1.083367000E+3
-4.120200000E-6	-2.980250000E-7	3.816700000E+0	4.999678223E+3	1.084995000E+3
-3.680600000E-6	2.980250000E-8	3.828700000E+0	4.999678223E+3	1.086134000E+3
-3.531590000E-6	-1.117590000E-7	3.840700000E+0	4.999678223E+3	1.088132000E+3
-4.068050000E-6	-1.192100000E-7	3.853500000E+0	4.999678223E+3	1.089323000E+3
-3.896680000E-6	-4.470370000E-7	3.864600000E+0	4.999678223E+3	1.090533000E+3
-3.576290000E-6	-5.960510000E-8	3.876700000E+0	4.999678223E+3	1.092244000E+3
-3.986090000E-6	-5.140940000E-7	3.887000000E+0	4.999678223E+3	1.093587000E+3
-3.509240000E-6	-3.203770000E-7	3.897300000E+0	4.999678223E+3	1.094794000E+3
-3.844530000E-6	-1.490130000E-8	3.911000000E+0	4.999678223E+3	1.095974000E+3
-3.479440000E-6	-3.874320000E-7	3.924900000E+0	4.999678223E+3	1.098028000E+3
-3.404930000E-6	-7.450640000E-9	3.935300000E+0	4.999678223E+3	1.099244000E+3
-3.427280000E-6	-5.662480000E-7	3.949400000E+0	4.999678223E+3	1.100913000E+3
-3.486890000E-6	-6.705570000E-8	3.960500000E+0	4.999678223E+3	1.102105000E+3
-3.866880000E-6	-3.501790000E-7	3.971100000E+0	4.999678223E+3	1.103304000E+3
-3.688050000E-6	-4.842910000E-7	3.982900000E+0	4.999678223E+3	1.105068000E+3
-3.300620000E-6	-1.937160000E-7	3.993400000E+0	4.999678223E+3	1.106243000E+3
-3.293170000E-6	-1.564630000E-7	4.003400000E+0	4.999678223E+3	1.107501000E+3
-3.382580000E-6	-5.066430000E-7	4.016600000E+0	4.999678223E+3	1.108628000E+3
-3.732760000E-6	-2.980250000E-7	4.027000000E+0	4.999678223E+3	1.110305000E+3
-3.166510000E-6	-3.427290000E-7	4.037400000E+0	4.999678223E+3	1.111460000E+3
-3.486890000E-6	-6.407540000E-7	4.050700000E+0	4.999678223E+3	1.113311000E+3
-3.144160000E-6	-2.384200000E-7	4.062200000E+0	4.999678223E+3	1.114501000E+3
-3.345330000E-6	-1.117590000E-7	4.072700000E+0	4.999678223E+3	1.115719000E+3
-3.144160000E-6	-1.564630000E-7	4.086900000E+0	4.999678223E+3	1.117366000E+3
-3.457080000E-6	-5.736980000E-7	4.097800000E+0	4.999678223E+3	1.118515000E+3
-3.345330000E-6	-1.788150000E-7	4.108200000E+0	4.999678223E+3	1.119848000E+3
-2.987700000E-6	-3.427290000E-7	4.118500000E+0	4.999678223E+3	1.121499000E+3
-3.300620000E-6	-5.960500000E-7	4.128700000E+0	4.999678223E+3	1.122646000E+3
-2.957900000E-6	-4.470370000E-7	4.139200000E+0	4.999678223E+3	1.123861000E+3
-3.218670000E-6	-1.490130000E-7	4.152600000E+0	4.999678223E+3	1.125053000E+3
-3.278270000E-6	-6.333030000E-7	4.163100000E+0	4.999678223E+3	1.126774000E+3
-3.017500000E-6	-6.109510000E-7	4.173900000E+0	4.999678223E+3	1.128002000E+3
-3.494340000E-6	-4.842910000E-7	4.186800000E+0	4.999678223E+3	1.129669000E+3
-3.278270000E-6	-3.203770000E-7	4.198200000E+0	4.999678223E+3	1.130756000E+3
-3.099460000E-6	-6.333030000E-7	4.209200000E+0	4.999678223E+3	1.131966000E+3
-3.002600000E-6	-7.301610000E-7	4.221000000E+0	4.999678223E+3	1.133751000E+3
-3.293170000E-6	-3.874320000E-7	4.237000000E+0	4.999678223E+3	1.135423000E+3
-3.062200000E-6	-1.937160000E-7	4.249100000E+0	4.999678223E+3	1.137046000E+3
-2.853590000E-6	-7.152590000E-7	4.262000000E+0	4.999678223E+3	1.138244000E+3
-2.965350000E-6	-6.333030000E-7	4.272800000E+0	4.999678223E+3	1.139861000E+3
-3.106910000E-6	-4.768410000E-7	4.283600000E+0	4.999678223E+3	1.141162000E+3
-2.689670000E-6	-7.674130000E-7	4.294200000E+0	4.999678223E+3	1.142345000E+3
-2.563010000E-6	-5.364450000E-7	4.305800000E+0	4.999678223E+3	1.143577000E+3
-2.540660000E-6	-7.301610000E-7	4.318700000E+0	4.999678223E+3	1.145207000E+3
-2.712030000E-6	-2.607720000E-7	4.329800000E+0	4.999678223E+3	1.146758000E+3
-2.853590000E-6	-5.960500000E-7	4.340900000E+0	4.999678223E+3	1.147962000E+3
-2.637520000E-6	-2.458710000E-7	4.354600000E+0	4.999678223E+3	1.149631000E+3
-2.346950000E-6	-4.917420000E-7	4.369100000E+0	4.999678223E+3	1.151281000E+3
-2.250090000E-6	-5.736980000E-7	4.379300000E+0	4.999678223E+3	1.152537000E+3
-2.682220000E-6	-4.544870000E-7	4.392300000E+0	4.999678223E+3	1.154089000E+3
-2.533210000E-6	-7.376110000E-7	4.407300000E+0	4.999678223E+3	1.155858000E+3
-2.481060000E-6	-8.344690000E-7	4.420400000E+0	4.999678223E+3	1.157461000E+3
-2.309690000E-6	-9.536820000E-7	4.432500000E+0	4.999678223E+3	1.159057000E+3
-2.555560000E-6	-7.003580000E-7	4.444200000E+0	4.999678223E+3	1.160352000E+3
-2.004220000E-6	-8.121170000E-7	4.454900000E+0	4.999678223E+3	1.161537000E+3
-2.264990000E-6	-3.874320000E-7	4.466600000E+0	4.999678223E+3	1.162886000E+3
-2.257540000E-6	-6.109510000E-7	4.477100000E+0	4.999678223E+3	1.164477000E+3
-2.034020000E-6	-9.909340000E-7	4.489000000E+0	4.999678223E+3	1.165694000E+3
-1.601880000E-6	-7.376110000E-7	4.501900000E+0	4.999678223E+3	1.167267000E+3
-1.445420000E-6	-6.631050000E-7	4.515800000E+0	4.999678223E+3	1.168866000E+3
-1.423070000E-6	-6.929080000E-7	4.526600000E+0	4.999678223E+3	1.170118000E+3
-1.840300000E-6	-5.140940000E-7	4.536700000E+0	4.999678223E+3	1.171311000E+3
-1.706190000E-6	-8.270180000E-7	4.549100000E+0	4.999678223E+3	1.172882000E+3
-1.639140000E-6	-1.013290000E-6	4.559700000E+0	4.999678223E+3	1.174496000E+3
-1.773250000E-6	-6.556550000E-7	4.572600000E+0	4.999678223E+3	1.175965000E+3
-1.378360000E-6	-1.050540000E-6	4.586500000E+0	4.999678223E+3	1.177530000E+3
-1.333660000E-6	-9.983850000E-7	4.599100000E+0	4.999678223E+3	1.178791000E+3
-1.072890000E-6	-4.991930000E-7	4.609400000E+0	4.999678223E+3	1.179970000E+3
-1.117590000E-6	-4.246850000E-7	4.620200000E+0	4.999678223E+3	1.181577000E+3
-1.274060000E-6	-7.599630000E-7	4.633000000E+0	4.999678223E+3	1.183126000E+3
-1.005840000E-6	-9.313260000E-7	4.644300000E+0	4.999678223E+3	1.184346000E+3
-1.139950000E-6	-4.693880000E-7	4.654800000E+0	4.999678223E+3	1.185669000E+3
-6.705560000E-7	-8.568200000E-7	4.667900000E+0	4.999678223E+3	1.187020000E+3
-7.301610000E-7	-4.395860000E-7	4.678800000E+0	4.999678223E+3	1.188218000E+3
-8.940730000E-7	-4.470370000E-7	4.688900000E+0	4.999678223E+3	1.189801000E+3
-7.897650000E-7	-4.023330000E-7	4.702600000E+0	4.999678223E+3	1.191412000E+3
-5.587970000E-7	-7.748640000E-7	4.715100000E+0	4.999678223E+3	1.192595000E+3
-7.748640000E-7	-5.736980000E-7	4.726600000E+0	4.999678223E+3	1.194269000E+3
-7.152590000E-7	-5.289950000E-7	4.738800000E+0	4.999678223E+3	1.195861000E+3
-3.203770000E-7	-1.341110000E-7	4.750300000E+0	4.999678223E+3	1.197007000E+3
-7.152590000E-7	-4.097840000E-7	4.760700000E+0	4.999678223E+3	1.198208000E+3
-5.513470000E-7	-3.576300000E-7	4.773000000E+0	4.999678223E+3	1.199818000E+3
-4.321350000E-7	-4.097840000E-7	4.786200000E+0	4.999678223E+3	1.201419000E+3
-1.415620000E-7	6.705570000E-8	4.799000000E+0	4.999678223E+3	1.202747000E+3
-5.140940000E-7	-6.705570000E-8	4.812200000E+0	4.999678223E+3	1.204498000E+3
-3.948830000E-7	-5.215430000E-8	4.823800000E+0	4.999678223E+3	1.206108000E+3
1.564630000E-7	0.000000000E+0	4.834900000E+0	4.999678223E+3	1.207263000E+3
1.266610000E-7	4.470370000E-8	4.846300000E+0	4.999678223E+3	1.208517000E+3
-2.160680000E-7	2.756730000E-7	4.857800000E+0	4.999678223E+3	1.210079000E+3
-1.788150000E-7	-2.011670000E-7	4.871100000E+0	4.999678223E+3	1.211262000E+3
2.160680000E-7	7.450630000E-8	4.883400000E+0	4.999678223E+3	1.213010000E+3
2.086170000E-7	1.788150000E-7	4.895700000E+0	4.999678223E+3	1.214790000E+3
-3.203770000E-7	5.960510000E-8	4.907200000E+0	4.999678223E+3	1.215955000E+3
2.235190000E-8	-7.450630000E-8	4.918500000E+0	4.999678223E+3	1.217156000E+3
1.713640000E-7	2.756730000E-7	4.930700000E+0	4.999678223E+3	1.218737000E+3
2.384200000E-7	9.685800000E-8	4.942800000E+0	4.999678223E+3	1.220368000E+3
2.533220000E-7	4.023330000E-7	4.955500000E+0	4.999678223E+3	1.221593000E+3
1.564630000E-7	-5.215430000E-8	4.966200000E+0	4.999678223E+3	1.222726000E+3
1.862650000E-7	8.940740000E-8	4.977000000E+0	4.999678223E+3	1.224320000E+3
1.564630000E-7	1.862650000E-7	4.988300000E+0	4.999678223E+3	1.225919000E+3
2.533220000E-7	2.607720000E-7	5.000200000E+0	4.999678223E+3	1.227169000E+3
2.384200000E-7	1.490130000E-8	5.011300000E+0	4.999678223E+3	1.228450000E+3
-7.450630000E-8	4.842910000E-7	5.023900000E+0	4.999678223E+3	1.229643000E+3
2.756730000E-7	1.639140000E-7	5.038400000E+0	4.999678223E+3	1.231662000E+3
-1.862650000E-7	7.450640000E-9	5.051100000E+0	4.999678223E+3	1.232981000E+3
-2.831240000E-7	4.470370000E-7	5.063300000E+0	4.999678223E+3	1.234637000E+3
3.725310000E-8	5.960510000E-8	5.074000000E+0	4.999678223E+3	1.236186000E+3
2.086170000E-7	3.203770000E-7	5.086100000E+0	4.999678223E+3	1.237395000E+3
2.011670000E-7	1.713640000E-7	5.097500000E+0	4.999678223E+3	1.238662000E+3
-3.874320000E-7	1.266610000E-7	5.110600000E+0	4.999678223E+3	1.240360000E+3
2.607720000E-7	4.172340000E-7	5.121300000E+0	4.999678223E+3	1.241515000E+3
2.831240000E-7	4.172340000E-7	5.131300000E+0	4.999678223E+3	1.242774000E+3
-2.086170000E-7	0.000000000E+0	5.144300000E+0	4.999678223E+3	1.244458000E+3
1.341110000E-7	2.235180000E-7	5.154900000E+0	4.999678223E+3	1.245674000E+3
-7.450630000E-8	4.172340000E-7	5.165400000E+0	4.999678223E+3	1.246850000E+3
-2.458710000E-7	5.960510000E-8	5.176400000E+0	4.999678223E+3	1.248067000E+3
-2.905740000E-7	1.341110000E-7	5.188600000E+0	4.999678223E+3	1.249685000E+3
-1.490130000E-8	0.000000000E+0	5.200100000E+0	4.999678223E+3	1.251272000E+3
2.160680000E-7	3.874320000E-7	5.211900000E+0	4.999678223E+3	1.252450000E+3
7.450630000E-8	5.662480000E-7	5.224400000E+0	4.999678223E+3	1.254051000E+3
-1.192100000E-7	4.321350000E-7	5.235400000E+0	4.999678223E+3	1.255281000E+3
-7.450630000E-8	-5.960510000E-8	5.247200000E+0	4.999678223E+3	1.256459000E+3
-1.490130000E-8	5.364450000E-7	5.259100000E+0	4.999678223E+3	1.258175000E+3
-1.639140000E-7	3.576300000E-7	5.269600000E+0	4.999678223E+3	1.259400000E+3
7.450640000E-9	7.450630000E-8	5.282600000E+0	4.999678223E+3	1.260954000E+3
-2.011670000E-7	7.450640000E-9	5.295900000E+0	4.999678223E+3	1.262573000E+3
1.043090000E-7	4.768410000E-7	5.305900000E+0	4.999678223E+3	1.263750000E+3
-7.450640000E-9	3.874320000E-7	5.321500000E+0	4.999678223E+3	1.265517000E+3
-2.458710000E-7	2.235180000E-7	5.332600000E+0	4.999678223E+3	1.266737000E+3
3.129260000E-7	2.980250000E-8	5.345000000E+0	4.999678223E+3	1.268451000E+3
1.415620000E-7	5.960510000E-8	5.357700000E+0	4.999678223E+3	1.270072000E+3
3.203770000E-7	1.415620000E-7	5.368800000E+0	4.999678223E+3	1.271305000E+3
-2.682230000E-7	1.937160000E-7	5.380000000E+0	4.999678223E+3	1.272471000E+3
3.203770000E-7	2.458710000E-7	5.390700000E+0	4.999678223E+3	1.273645000E+3
1.341110000E-7	8.940740000E-8	5.404700000E+0	4.999678223E+3	1.275641000E+3
1.862650000E-7	1.490130000E-7	5.422200000E+0	4.999678223E+3	1.277785000E+3
-1.564630000E-7	5.215440000E-7	5.432700000E+0	4.999678223E+3	1.278965000E+3
-1.862650000E-7	4.544870000E-7	5.444700000E+0	4.999678223E+3	1.280571000E+3
-3.725310000E-8	-8.940740000E-8	5.458000000E+0	4.999678223E+3	1.281762000E+3
-2.682230000E-7	1.490130000E-7	5.471600000E+0	4.999678223E+3	1.283409000E+3
-5.215430000E-8	-3.725310000E-8	5.482600000E+0	4.999678223E+3	1.284988000E+3
1.639140000E-7	1.639140000E-7	5.494500000E+0	4.999678223E+3	1.286575000E+3
-2.235190000E-8	5.438960000E-7	5.506400000E+0	4.999678223E+3	1.287949000E+3
6.705570000E-8	-1.266610000E-7	5.517600000E+0	4.999678223E+3	1.289110000E+3
2.235180000E-7	2.160680000E-7	5.531000000E+0	4.999678223E+3	1.290692000E+3
-1.117590000E-7	6.035010000E-7	5.541800000E+0	4.999678223E+3	1.291890000E+3
2.384200000E-7	9.685800000E-8	5.554500000E+0	4.999678223E+3	1.293569000E+3
2.309690000E-7	3.948830000E-7	5.565500000E+0	4.999678223E+3	1.294800000E+3
-1.415620000E-7	1.266610000E-7	5.576700000E+0	4.999678223E+3	1.296313000E+3
5.215430000E-8	-1.117590000E-7	5.588700000E+0	4.999678223E+3	1.297904000E+3
1.788150000E-7	2.831240000E-7	5.602600000E+0	4.999678223E+3	1.299293000E+3
7.450630000E-8	9.685800000E-8	5.613500000E+0	4.999678223E+3	1.300574000E+3
2.309690000E-7	1.713640000E-7	5.625300000E+0	4.999678223E+3	1.302169000E+3
1.043090000E-7	5.587970000E-7	5.636700000E+0	4.999678223E+3	1.303387000E+3
-1.937160000E-7	-2.980250000E-8	5.647200000E+0	4.999678223E+3	1.304565000E+3
-2.309690000E-7	2.831240000E-7	5.660200000E+0	4.999678223E+3	1.306217000E+3
-2.980250000E-8	4.395860000E-7	5.671700000E+0	4.999678223E+3	1.307851000E+3
6.705570000E-8	3.725310000E-8	5.686500000E+0	4.999678223E+3	1.309379000E+3
2.607720000E-7	-2.980250000E-8	5.699600000E+0	4.999678223E+3	1.310980000E+3
9.685800000E-8	3.278270000E-7	5.711800000E+0	4.999678223E+3	1.312562000E+3
-1.192100000E-7	2.235190000E-8	5.724500000E+0	4.999678223E+3	1.313887000E+3
2.384200000E-7	2.160680000E-7	5.734900000E+0	4.999678223E+3	1.315088000E+3
6.705570000E-8	-8.195680000E-8	5.747200000E+0	4.999678223E+3	1.316740000E+3
1.862650000E-7	1.490130000E-7	5.759800000E+0	4.999678223E+3	1.318322000E+3
-1.490130000E-8	-2.980250000E-8	5.773600000E+0	4.999678223E+3	1.319624000E+3
-4.470370000E-8	-1.490130000E-8	5.786100000E+0	4.999678223E+3	1.321231000E+3
2.980250000E-7	1.564630000E-7	5.799400000E+0	4.999678223E+3	1.322815000E+3
2.533220000E-7	2.086170000E-7	5.811300000E+0	4.999678223E+3	1.324416000E+3
2.458710000E-7	1.192100000E-7	5.822700000E+0	4.999678223E+3	1.326038000E+3
-1.937160000E-7	5.066430000E-7	5.833600000E+0	4.999678223E+3	1.327219000E+3
-2.682230000E-7	2.905740000E-7	5.845000000E+0	4.999678223E+3	1.328461000E+3
2.384200000E-7	1.490130000E-7	5.858100000E+0	4.999678223E+3	1.329637000E+3
-1.043090000E-7	5.513470000E-7	5.872300000E+0	4.999678223E+3	1.331719000E+3
-1.713640000E-7	5.513470000E-7	5.883500000E+0	4.999678223E+3	1.332961000E+3
-1.341110000E-7	4.693880000E-7	5.896200000E+0	4.999678223E+3	1.334580000E+3
1.117590000E-7	4.172340000E-7	5.907700000E+0	4.999678223E+3	1.336418000E+3
-2.011670000E-7	5.960510000E-8	5.919300000E+0	4.999678223E+3	1.337581000E+3
1.937160000E-7	4.172340000E-7	5.932800000E+0	4.999678223E+3	1.339108000E+3
-3.501790000E-7	2.980250000E-7	5.946400000E+0	4.999678223E+3	1.340292000E+3
1.266610000E-7	4.917420000E-7	5.959600000E+0	4.999678223E+3	1.342321000E+3
-2.384200000E-7	7.450640000E-9	5.970000000E+0	4.999678223E+3	1.343502000E+3
4.470370000E-8	2.980250000E-8	5.982500000E+0	4.999678223E+3	1.345087000E+3
2.831240000E-7	5.960510000E-8	5.993300000E+0	4.999678223E+3	1.346312000E+3
1.862650000E-7	5.140940000E-7	6.004700000E+0	4.999678223E+3	1.347525000E+3
7.450640000E-9	4.693880000E-7	6.015100000E+0	4.999678223E+3	1.348761000E+3
9.685800000E-8	-2.235190000E-8	6.031800000E+0	4.999678223E+3	1.350812000E+3
2.086170000E-7	1.266610000E-7	6.044100000E+0	4.999678223E+3	1.352405000E+3
-2.011670000E-7	2.160680000E-7	6.056200000E+0	4.999678223E+3	1.353746000E+3
-1.117590000E-7	1.862650000E-7	6.069200000E+0	4.999678223E+3	1.355349000E+3
-2.831240000E-7	1.788150000E-7	6.081700000E+0	4.999678223E+3	1.356967000E+3
1.490130000E-7	9.685800000E-8	6.093200000E+0	4.999678223E+3	1.358162000E+3
2.384200000E-7	2.831240000E-7	6.104100000E+0	4.999678223E+3	1.359402000E+3
1.788150000E-7	5.587970000E-7	6.114500000E+0	4.999678223E+3	1.360627000E+3
-3.054760000E-7	1.490130000E-8	6.125900000E+0	4.999678223E+3	1.362161000E+3
-1.788150000E-7	2.607720000E-7	6.137900000E+0	4.999678223E+3	1.363794000E+3
1.639140000E-7	7.450630000E-8	6.151800000E+0	4.999678223E+3	1.365345000E+3
3.129260000E-7	2.607720000E-7	6.164500000E+0	4.999678223E+3	1.366943000E+3
-3.054760000E-7	2.235180000E-7	6.178900000E+0	4.999678223E+3	1.368299000E+3
-3.278270000E-7	7.450630000E-8	6.189200000E+0	4.999678223E+3	1.369522000E+3
9.685800000E-8	-7.450640000E-9	6.200000000E+0	4.999678223E+3	1.371081000E+3
2.011670000E-7	3.427290000E-7	6.210700000E+0	4.999678223E+3	1.372317000E+3
3.054760000E-7	7.450630000E-8	6.223900000E+0	4.999678223E+3	1.373941000E+3
-7.450640000E-9	1.490130000E-8	6.236300000E+0	4.999678223E+3	1.375770000E+3
2.235180000E-7	1.043090000E-7	6.247300000E+0	4.999678223E+3	1.376824000E+3
4.395860000E-7	2.533220000E-7	6.261700000E+0	4.999678223E+3	1.378411000E+3
-1.341110000E-7	7.450640000E-9	6.274200000E+0	4.999678223E+3	1.379729000E+3
-2.682230000E-7	2.384200000E-7	6.284900000E+0	4.999678223E+3	1.381190000E+3
-2.980250000E-7	1.266610000E-7	6.297900000E+0	4.999678223E+3	1.382799000E+3
-3.129260000E-7	2.384200000E-7	6.310800000E+0	4.999678223E+3	1.384420000E+3
-2.905740000E-7	3.948830000E-7	6.324400000E+0	4.999678223E+3	1.386057000E+3
5.215430000E-8	-1.713640000E-7	6.335100000E+0	4.999678223E+3	1.387255000E+3
2.086170000E-7	3.948830000E-7	6.348000000E+0	4.999678223E+3	1.388798000E+3
-1.192100000E-7	4.693880000E-7	6.358300000E+0	4.999678223E+3	1.390018000E+3
-1.713640000E-7	1.490130000E-8	6.373100000E+0	4.999678223E+3	1.391755000E+3
2.533220000E-7	1.266610000E-7	6.385300000E+0	4.999678223E+3	1.393132000E+3
3.725310000E-8	-2.235190000E-8	6.398100000E+0	4.999678223E+3	1.394784000E+3
-2.831240000E-7	3.874320000E-7	6.411300000E+0	4.999678223E+3	1.396305000E+3
-1.862650000E-7	-3.725310000E-8	6.423300000E+0	4.999678223E+3	1.397853000E+3
-1.639140000E-7	-5.215430000E-8	6.435600000E+0	4.999678223E+3	1.399466000E+3
-1.937160000E-7	5.960510000E-8	6.448100000E+0	4.999678223E+3	1.401096000E+3
2.384200000E-7	2.160680000E-7	6.461000000E+0	4.999678223E+3	1.402272000E+3
7.450630000E-8	5.215440000E-7	6.472300000E+0	4.999678223E+3	1.403492000E+3
3.725310000E-8	5.066430000E-7	6.482500000E+0	4.999678223E+3	1.404741000E+3
2.384200000E-7	2.458710000E-7	6.494600000E+0	4.999678223E+3	1.406399000E+3
1.266610000E-7	4.321350000E-7	6.507400000E+0	4.999678223E+3	1.407990000E+3
1.415620000E-7	3.799810000E-7	6.520300000E+0	4.999678223E+3	1.409599000E+3
1.937160000E-7	2.384200000E-7	6.532000000E+0	4.999678223E+3	1.410884000E+3
-3.799810000E-7	2.756730000E-7	6.543200000E+0	4.999678223E+3	1.412058000E+3
-7.450640000E-9	-2.235190000E-8	6.555200000E+0	4.999678223E+3	1.413620000E+3
2.011670000E-7	1.490130000E-7	6.565900000E+0	4.999678223E+3	1.415200000E+3
-1.639140000E-7	3.948830000E-7	6.577800000E+0	4.999678223E+3	1.416378000E+3
-2.011670000E-7	3.129260000E-7	6.588400000E+0	4.999678223E+3	1.417626000E+3
-2.533220000E-7	1.341110000E-7	6.598900000E+0	4.999678223E+3	1.419040000E+3
-2.011670000E-7	9.685800000E-8	6.609300000E+0	4.999678223E+3	1.420108000E+3
2.980250000E-8	-7.450640000E-9	6.619500000E+0	4.999678223E+3	1.421328000E+3
2.086170000E-7	5.662480000E-7	6.631300000E+0	4.999678223E+3	1.422522000E+3
1.639140000E-7	0.000000000E+0	6.642900000E+0	4.999678223E+3	1.424181000E+3
-2.905740000E-7	1.639140000E-7	6.655000000E+0	4.999678223E+3	1.425712000E+3
-4.470370000E-8	3.799810000E-7	6.666600000E+0	4.999678223E+3	1.427342000E+3
5.215430000E-8	-4.470370000E-8	6.678700000E+0	4.999678223E+3	1.428516000E+3
-2.309690000E-7	9.685800000E-8	6.691700000E+0	4.999678223E+3	1.430151000E+3
-2.384200000E-7	3.129260000E-7	6.703200000E+0	4.999678223E+3	1.431432000E+3
-1.862650000E-7	7.450640000E-9	6.715000000E+0	4.999678223E+3	1.432653000E+3
2.458710000E-7	1.266610000E-7	6.725800000E+0	4.999678223E+3	1.433860000E+3
2.756730000E-7	3.054760000E-7	6.736200000E+0	4.999678223E+3	1.435455000E+3
-1.937160000E-7	6.705570000E-8	6.746800000E+0	4.999678223E+3	1.436795000E+3
2.682230000E-7	1.266610000E-7	6.756900000E+0	4.999678223E+3	1.437987000E+3
1.043090000E-7	8.195680000E-8	6.768000000E+0	4.999678223E+3	1.439247000E+3
-2.309690000E-7	3.129260000E-7	6.778500000E+0	4.999678223E+3	1.440401000E+3
-2.235180000E-7	3.427290000E-7	6.791100000E+0	4.999678223E+3	1.442026000E+3
-8.940740000E-8	1.490130000E-8	6.804300000E+0	4.999678223E+3	1.443586000E+3
2.980250000E-8	7.450640000E-9	6.817000000E+0	4.999678223E+3	1.444825000E+3
1.415620000E-7	4.842910000E-7	6.828000000E+0	4.999678223E+3	1.446558000E+3
-2.011670000E-7	5.215430000E-8	6.838700000E+0	4.999678223E+3	1.447730000E+3
-1.788150000E-7	9.685800000E-8	6.851000000E+0	4.999678223E+3	1.449360000E+3
-4.470370000E-8	-6.705570000E-8	6.863300000E+0	4.999678223E+3	1.450585000E+3
-1.266610000E-7	2.533220000E-7	6.873400000E+0	4.999678223E+3	1.451710000E+3
-1.937160000E-7	-8.940740000E-8	6.886200000E+0	4.999678223E+3	1.453293000E+3
-2.980250000E-7	2.682230000E-7	6.899200000E+0	4.999678223E+3	1.454941000E+3
-1.490130000E-8	7.450640000E-9	6.912000000E+0	4.999678223E+3	1.456505000E+3
-1.713640000E-7	-8.940740000E-8	6.922300000E+0	4.999678223E+3	1.457770000E+3
-1.192100000E-7	4.097840000E-7	6.933400000E+0	4.999678223E+3	1.458899000E+3
-2.458710000E-7	2.235180000E-7	6.943900000E+0	4.999678223E+3	1.460139000E+3
-1.490130000E-7	0.000000000E+0	6.956600000E+0	4.999678223E+3	1.461703000E+3
2.086170000E-7	1.862650000E-7	6.968700000E+0	4.999678223E+3	1.463279000E+3
5.960510000E-8	3.725310000E-8	6.981000000E+0	4.999678223E+3	1.464920000E+3
-4.470370000E-8	-7.450640000E-9	6.991800000E+0	4.999678223E+3	1.466180000E+3
-1.415620000E-7	-5.215430000E-8	7.003000000E+0	4.999678223E+3	1.467457000E+3
3.129260000E-7	1.788150000E-7	7.014500000E+0	4.999678223E+3	1.468662000E+3
-2.533220000E-7	2.905740000E-7	7.025700000E+0	4.999678223E+3	1.469823000E+3
2.682230000E-7	4.693880000E-7	7.036300000E+0	4.999678223E+3	1.471497000E+3
-3.129260000E-7	2.384200000E-7	7.049400000E+0	4.999678223E+3	1.473046000E+3
2.831240000E-7	2.384200000E-7	7.063600000E+0	4.999678223E+3	1.474751000E+3
5.215430000E-8	4.619380000E-7	7.075000000E+0	4.999678223E+3	1.475980000E+3
-2.086170000E-7	2.011670000E-7	7.085600000E+0	4.999678223E+3	1.477178000E+3
5.215430000E-8	4.470370000E-8	7.098600000E+0	4.999678223E+3	1.478742000E+3
5.960510000E-8	-2.980250000E-8	7.110700000E+0	4.999678223E+3	1.480361000E+3
-3.725310000E-8	-3.725310000E-8	7.123400000E+0	4.999678223E+3	1.481976000E+3
2.235180000E-7	4.544870000E-7	7.134600000E+0	4.999678223E+3	1.483171000E+3
-1.192100000E-7	5.662480000E-7	7.145400000E+0	4.999678223E+3	1.484387000E+3
1.862650000E-7	3.725310000E-7	7.155600000E+0	4.999678223E+3	1.485687000E+3
6.705570000E-8	-1.490130000E-8	7.167600000E+0	4.999678223E+3	1.487355000E+3
2.607720000E-7	3.501790000E-7	7.177800000E+0	4.999678223E+3	1.488563000E+3
2.682230000E-7	1.788150000E-7	7.190400000E+0	4.999678223E+3	1.489835000E+3
-2.309690000E-7	4.321350000E-7	7.200500000E+0	4.999678223E+3	1.491004000E+3
-2.756730000E-7	4.470370000E-7	7.213100000E+0	4.999678223E+3	1.492630000E+3
-3.203770000E-7	3.725310000E-8	7.223800000E+0	4.999678223E+3	1.493831000E+3
-2.309690000E-7	1.862650000E-7	7.237800000E+0	4.999678223E+3	1.495466000E+3
2.011670000E-7	4.470370000E-8	7.250800000E+0	4.999678223E+3	1.497022000E+3
-1.415620000E-7	4.321350000E-7	7.263300000E+0	4.999678223E+3	1.498727000E+3
2.384200000E-7	7.450630000E-8	7.274200000E+0	4.999678223E+3	1.500249000E+3
-9.685800000E-8	5.960500000E-7	7.285900000E+0	4.999678223E+3	1.501436000E+3
-1.639140000E-7	5.215430000E-8	7.296900000E+0	4.999678223E+3	1.502623000E+3
0.000000000E+0	0.000000000E+0	7.310200000E+0	4.999678223E+3	1.504218000E+3
1.713640000E-7	-1.490130000E-8	7.321800000E+0	4.999678223E+3	1.505824000E+3
-1.341110000E-7	4.917420000E-7	7.333200000E+0	4.999678223E+3	1.506996000E+3
1.564630000E-7	2.533220000E-7	7.343200000E+0	4.999678223E+3	1.508291000E+3
-3.352780000E-7	4.693880000E-7	7.355700000E+0	4.999678223E+3	1.509841000E+3
-1.117590000E-7	-2.235190000E-8	7.367200000E+0	4.999678223E+3	1.511056000E+3
-5.960510000E-8	5.438960000E-7	7.378400000E+0	4.999678223E+3	1.512197000E+3
2.160680000E-7	1.192100000E-7	7.390100000E+0	4.999678223E+3	1.513867000E+3
-1.490130000E-7	4.619380000E-7	7.400800000E+0	4.999678223E+3	1.515069000E+3
1.713640000E-7	4.172340000E-7	7.411200000E+0	4.999678223E+3	1.516353000E+3
2.160680000E-7	3.129260000E-7	7.421400000E+0	4.999678223E+3	1.517629000E+3
-2.235190000E-8	-2.235190000E-8	7.431900000E+0	4.999678223E+3	1.518932000E+3
3.278270000E-7	2.086170000E-7	7.444600000E+0	4.999678223E+3	1.520512000E+3
-1.490130000E-7	3.576300000E-7	7.455400000E+0	4.999678223E+3	1.521689000E+3
-1.639140000E-7	3.129260000E-7	7.468400000E+0	4.999678223E+3	1.523287000E+3
-6.705570000E-8	-7.450640000E-9	7.479000000E+0	4.999678223E+3	1.524500000E+3
2.533220000E-7	1.862650000E-7	7.490900000E+0	4.999678223E+3	1.525708000E+3
1.713640000E-7	1.490130000E-8	7.502200000E+0	4.999678223E+3	1.527344000E+3
2.160680000E-7	2.458710000E-7	7.513100000E+0	4.999678223E+3	1.528570000E+3
-2.309690000E-7	1.266610000E-7	7.523100000E+0	4.999678223E+3	1.529738000E+3
0.000000000E+0	-7.450640000E-9	7.535200000E+0	4.999678223E+3	1.531307000E+3
3.278270000E-7	1.713640000E-7	7.547200000E+0	4.999678223E+3	1.532884000E+3
2.756730000E-7	2.682230000E-7	7.558600000E+0	4.999678223E+3	1.534128000E+3
-2.235180000E-7	8.940740000E-8	7.572500000E+0	4.999678223E+3	1.536001000E+3
1.266610000E-7	3.054760000E-7	7.584100000E+0	4.999678223E+3	1.537174000E+3
-1.937160000E-7	4.395860000E-7	7.595600000E+0	4.999678223E+3	1.538375000E+3
7.450630000E-8	0.000000000E+0	7.605700000E+0	4.999678223E+3	1.539550000E+3
2.980250000E-7	2.309690000E-7	7.615800000E+0	4.999678223E+3	1.540777000E+3
2.160680000E-7	3.352780000E-7	7.626000000E+0	4.999678223E+3	1.542010000E+3
1.341110000E-7	4.768410000E-7	7.636900000E+0	4.999678223E+3	1.543621000E+3
-1.639140000E-7	5.215430000E-8	7.649700000E+0	4.999678223E+3	1.545138000E+3
1.713640000E-7	1.117590000E-7	7.661000000E+0	4.999678223E+3	1.546352000E+3
-2.980250000E-8	4.544870000E-7	7.671400000E+0	4.999678223E+3	1.547541000E+3
2.160680000E-7	1.266610000E-7	7.683100000E+0	4.999678223E+3	1.549220000E+3
-2.235180000E-7	5.140940000E-7	7.694200000E+0	4.999678223E+3	1.550397000E+3
3.576300000E-7	3.352780000E-7	7.705400000E+0	4.999678223E+3	1.551532000E+3
-3.725310000E-8	3.799810000E-7	7.716800000E+0	4.999678223E+3	1.552739000E+3
1.117590000E-7	5.662480000E-7	7.727500000E+0	4.999678223E+3	1.554366000E+3
1.341110000E-7	4.768410000E-7	7.740700000E+0	4.999678223E+3	1.555996000E+3
-3.203770000E-7	1.862650000E-7	7.751500000E+0	4.999678223E+3	1.557542000E+3
-1.564630000E-7	-1.490130000E-8	7.764400000E+0	4.999678223E+3	1.558769000E+3
1.341110000E-7	2.607720000E-7	7.774800000E+0	4.999678223E+3	1.559967000E+3
-7.450640000E-9	0.000000000E+0	7.787300000E+0	4.999678223E+3	1.561625000E+3
1.713640000E-7	2.458710000E-7	7.801200000E+0	4.999678223E+3	1.563198000E+3
-2.831240000E-7	5.215430000E-8	7.811600000E+0	4.999678223E+3	1.564346000E+3
-4.470370000E-7	2.533220000E-7	7.823000000E+0	4.999678223E+3	1.565618000E+3
2.011670000E-7	3.874320000E-7	7.833200000E+0	4.999678223E+3	1.566782000E+3
2.533220000E-7	1.639140000E-7	7.845600000E+0	4.999678223E+3	1.568763000E+3
3.725310000E-8	5.066430000E-7	7.856100000E+0	4.999678223E+3	1.569802000E+3
2.831240000E-7	5.140940000E-7	7.867600000E+0	4.999678223E+3	1.571432000E+3
-1.937160000E-7	0.000000000E+0	7.879100000E+0	4.999678223E+3	1.572591000E+3
1.266610000E-7	4.470370000E-8	7.889400000E+0	4.999678223E+3	1.573809000E+3
-2.980250000E-8	4.470370000E-8	7.903800000E+0	4.999678223E+3	1.575439000E+3
3.054760000E-7	1.862650000E-7	7.915000000E+0	4.999678223E+3	1.576654000E+3
2.235180000E-7	3.725310000E-7	7.926700000E+0	4.999678223E+3	1.578246000E+3
2.235190000E-8	5.662480000E-7	7.937500000E+0	4.999678223E+3	1.579476000E+3
-2.086170000E-7	2.980250000E-8	7.950400000E+0	4.999678223E+3	1.581025000E+3
-7.450630000E-8	-7.450630000E-8	7.962500000E+0	4.999678223E+3	1.582624000E+3
0.000000000E+0	-6.705570000E-8	7.974500000E+0	4.999678223E+3	1.584230000E+3
-3.725310000E-7	3.054760000E-7	7.986900000E+0	4.999678223E+3	1.585543000E+3
1.117590000E-7	-5.215430000E-8	7.997400000E+0	4.999678223E+3	1.586751000E+3
-2.235180000E-7	6.705570000E-8	8.008300000E+0	4.999678223E+3	1.588388000E+3
2.011670000E-7	8.940740000E-8	7.998100000E+0	4.999678223E+3	1.772407000E+3
