0477_HM_ScPd5Au2
Wavelength = 1.54059Ċ, !30.067°/129.933°/0.13369°/1(s), I(p)=10655/339, Cu(45kV,40mA), Monday, December 08, 2025, 12:07 PM
Angle	I(o)	I(c)	I(d)	I(b)
30.06684	407	302	105	408
30.20053	430	316	114	406
30.33422	431	309	122	404
30.46791	406	292	114	403
30.6016	406	280	126	401
30.73529	396	275	121	399
30.86898	355	273	82	397
31.00267	394	272	122	396
31.13636	432	273	159	394
31.27006	418	273	145	393
31.40375	513	273	240	391
31.53744	656	274	382	390
31.67113	482	277	205	388
31.80482	451	279	172	387
31.93851	364	282	82	386
32.07219	399	287	112	384
32.20589	370	292	78	383
32.33958	449	299	150	382
32.47327	432	314	118	381
32.60696	367	344	23	380
32.74065	458	395	63	379
32.87434	365	443	-78	379
33.00803	407	430	-23	378
33.14172	412	376	36	377
33.27541	401	339	62	377
33.4091	387	327	60	377
33.54279	420	331	89	377
33.67648	395	350	45	377
33.81017	349	369	-20	377
33.94386	372	363	9	377
34.07755	388	337	51	377
34.21124	399	320	79	378
34.34492	376	313	63	378
34.47861	402	311	91	379
34.6123	426	311	115	380
34.74599	423	312	111	381
34.87968	384	312	72	382
35.01337	400	314	86	383
35.14706	419	317	102	384
35.28075	418	320	98	385
35.41444	426	323	103	387
35.54813	434	326	108	388
35.68182	405	329	76	389
35.81551	406	333	73	391
35.9492	410	337	73	393
36.08289	362	341	21	394
36.21658	364	345	19	396
36.35027	396	350	46	397
36.48396	443	355	88	399
36.61766	412	361	51	401
36.75135	375	368	7	402
36.88504	448	376	72	404
37.01873	437	385	52	406
37.15242	432	395	37	407
37.28611	409	406	3	409
37.4198	395	420	-25	411
37.55349	419	437	-18	412
37.68718	439	457	-18	414
37.82087	422	481	-59	415
37.95456	452	512	-60	417
38.08825	482	552	-70	418
38.22194	555	605	-50	419
38.35563	599	677	-78	421
38.48932	631	777	-146	422
38.623	670	926	-256	423
38.75669	814	1162	-348	424
38.89038	1121	1589	-468	425
39.02407	1855	2491	-636	427
39.15776	3575	4420	-845	428
39.29145	6844	7767	-923	429
39.42514	10655	10710	-55	429
39.55883	9414	9220	194	430
39.69252	4873	5336	-463	431
39.82621	2445	2786	-341	432
39.9599	1482	1651	-169	433
40.09359	989	1163	-174	433
40.22728	777	914	-137	434
40.36097	681	766	-85	434
40.49466	648	670	-22	435
40.62835	603	605	-2	435
40.76205	587	559	28	436
40.89574	536	525	11	436
41.02943	474	500	-26	437
41.16312	476	481	-5	437
41.29681	513	466	47	437
41.4305	495	455	40	437
41.56419	422	446	-24	438
41.69788	465	440	25	438
41.83157	474	434	40	438
41.96526	454	430	24	438
42.09895	467	428	39	438
42.23264	472	426	46	438
42.36633	449	425	24	437
42.50002	431	425	6	437
42.63371	501	426	75	437
42.7674	418	429	-11	437
42.90108	462	434	28	436
43.03477	422	442	-20	436
43.16846	468	448	20	436
43.30215	502	446	56	435
43.43584	446	444	2	435
43.56953	440	445	-5	434
43.70322	450	450	0	434
43.83691	401	456	-55	433
43.9706	487	463	24	432
44.10429	504	474	30	432
44.23798	507	488	19	431
44.37167	566	506	60	430
44.50536	511	530	-19	429
44.63905	635	564	71	428
44.77274	684	613	71	427
44.90643	752	687	65	426
45.04012	922	799	123	425
45.17382	1126	967	159	424
45.30751	1643	1271	372	423
45.4412	2323	1918	405	422
45.57489	3334	3112	222	421
45.70858	4352	4399	-47	420
45.84227	4142	4616	-474	418
45.97596	3175	3931	-756	417
46.10965	1994	2811	-817	416
46.24334	1448	1735	-287	414
46.37703	949	1112	-163	413
46.51072	807	830	-23	412
46.64441	623	699	-76	410
46.7781	606	626	-20	409
46.91179	588	581	7	407
47.04548	580	551	29	406
47.17916	524	530	-6	404
47.31285	496	515	-19	403
47.44654	426	504	-78	401
47.58023	457	498	-41	399
47.71392	458	493	-35	398
47.84761	433	491	-58	396
47.9813	430	493	-63	394
48.11499	444	500	-56	393
48.24868	437	514	-77	391
48.38237	427	523	-96	389
48.51606	385	517	-132	387
48.64975	381	505	-124	386
48.78344	385	493	-108	384
48.91713	392	484	-92	382
49.05082	401	479	-78	380
49.18451	390	478	-88	378
49.31821	339	478	-139	376
49.4519	405	479	-74	375
49.58559	388	480	-92	373
49.71928	419	484	-65	371
49.85297	435	487	-52	369
49.98666	396	494	-98	367
50.12035	397	507	-110	365
50.25404	419	524	-105	364
50.38773	407	535	-128	362
50.52142	382	532	-150	360
50.65511	412	526	-114	358
50.7888	395	528	-133	357
50.92249	394	526	-132	355
51.05618	421	514	-93	354
51.18987	385	508	-123	353
51.32355	362	504	-142	352
51.45724	397	504	-107	350
51.59093	353	504	-151	349
51.72462	360	506	-146	349
51.85831	368	508	-140	348
51.992	367	510	-143	347
52.12569	370	512	-142	347
52.25938	405	514	-109	347
52.39307	432	516	-84	346
52.52676	552	519	33	347
52.66045	681	520	161	347
52.79414	589	522	67	347
52.92783	451	524	-73	348
53.06152	371	526	-155	349
53.19521	401	529	-128	350
53.3289	449	531	-82	351
53.46259	353	533	-180	352
53.59628	361	536	-175	354
53.72998	409	538	-129	356
53.86367	377	540	-163	358
53.99736	392	543	-151	361
54.13105	342	545	-203	364
54.26474	389	548	-159	367
54.39843	359	550	-191	370
54.53212	427	552	-125	374
54.66581	443	555	-112	377
54.7995	394	557	-163	381
54.93319	444	560	-116	386
55.06688	464	564	-100	390
55.20057	371	569	-198	395
55.33426	405	577	-172	400
55.46795	408	589	-181	405
55.60163	423	605	-182	410
55.73532	452	615	-163	415
55.86901	422	612	-190	420
56.0027	440	602	-162	426
56.13639	479	593	-114	432
56.27008	469	589	-120	438
56.40377	464	588	-124	443
56.53746	505	589	-84	449
56.67115	431	592	-161	455
56.80484	497	594	-97	461
56.93853	528	597	-69	468
57.07222	536	600	-64	474
57.20591	513	603	-90	480
57.3396	524	607	-83	486
57.47329	558	612	-54	492
57.60698	524	620	-96	499
57.74067	521	633	-112	505
57.87437	554	647	-93	511
58.00806	531	652	-121	517
58.14175	557	645	-88	523
58.27544	488	636	-148	529
58.40913	568	632	-64	535
58.54282	541	631	-90	540
58.67651	532	632	-100	546
58.8102	520	635	-115	552
58.94389	539	638	-99	557
59.07758	530	642	-112	563
59.21127	609	647	-38	568
59.34496	591	656	-65	574
59.47865	572	669	-97	579
59.61234	555	686	-131	585
59.74603	564	699	-135	590
59.87971	614	697	-83	595
60.0134	606	686	-80	600
60.14709	647	676	-29	606
60.28078	612	671	-59	611
60.41447	641	670	-29	616
60.54816	669	672	-3	621
60.68185	621	676	-55	627
60.81554	561	680	-119	632
60.94923	665	684	-19	637
61.08292	700	687	13	642
61.21661	661	690	-29	648
61.3503	690	693	-3	653
61.48399	704	696	8	658
61.61768	648	699	-51	664
61.75137	659	702	-43	669
61.88506	699	705	-6	675
62.01875	689	709	-20	680
62.15244	672	712	-40	686
62.28614	704	715	-11	692
62.41983	738	719	19	698
62.55352	866	723	143	703
62.68721	853	727	126	709
62.8209	803	731	72	715
62.95459	730	735	-5	721
63.08828	767	739	28	728
63.22197	850	743	107	734
63.35566	777	747	30	740
63.48935	763	753	10	746
63.62304	726	759	-33	752
63.75673	752	769	-17	759
63.89042	814	783	31	765
64.0241	834	798	36	771
64.15779	870	807	63	778
64.29149	888	808	80	784
64.42518	804	808	-4	790
64.55887	889	810	79	797
64.69256	924	814	110	803
64.82625	803	819	-16	809
64.95994	915	824	91	816
65.09363	823	831	-8	822
65.22732	882	841	41	828
65.36101	1043	855	188	834
65.4947	921	874	47	841
65.62839	1000	901	99	847
65.76208	1026	938	88	853
65.89577	1116	994	122	859
66.02946	1279	1089	190	865
66.16315	1498	1283	215	871
66.29684	1755	1699	56	877
66.43053	2187	2449	-262	883
66.56422	2773	3341	-568	888
66.69791	3161	3927	-766	894
66.8316	3016	3603	-587	900
66.96529	2325	2626	-301	905
67.09898	1962	1743	219	911
67.23267	1533	1274	259	916
67.36636	1282	1086	196	921
67.50005	1288	1004	284	927
67.63374	1105	960	145	932
67.76743	1032	934	98	937
67.90112	946	917	29	941
68.03481	1025	907	118	946
68.1685	1013	900	113	951
68.30219	975	896	79	955
68.43587	997	893	104	959
68.56956	898	892	6	964
68.70325	1004	892	112	968
68.83694	1013	892	121	971
68.97063	1059	893	166	975
69.10432	1008	895	113	979
69.23801	915	896	19	982
69.3717	1017	898	119	986
69.50539	1002	901	101	989
69.63908	1143	903	240	992
69.77277	1058	906	152	996
69.90646	934	908	26	999
70.04015	957	911	46	1002
70.17384	1035	914	121	1005
70.30753	1081	917	164	1008
70.44122	973	920	53	1011
70.57491	1068	922	146	1014
70.7086	986	924	62	1017
70.84229	1043	928	115	1020
70.97598	1102	931	171	1023
71.10967	1048	935	113	1026
71.24336	1094	938	156	1029
71.37705	981	942	39	1032
71.51074	987	945	42	1035
71.64443	1016	948	68	1038
71.77812	1047	952	95	1041
71.91181	1096	954	142	1045
72.0455	1021	957	64	1048
72.17919	1127	961	166	1052
72.31288	1099	965	134	1055
72.44657	1158	968	190	1059
72.58026	1021	972	49	1063
72.71395	1028	976	52	1067
72.84764	1050	980	70	1071
72.98134	1105	984	121	1075
73.11503	1195	987	208	1080
73.24872	1070	991	79	1084
73.38241	1090	995	95	1089
73.5161	1068	999	69	1094
73.64979	1135	1003	132	1098
73.78348	1195	1007	188	1103
73.91717	1111	1010	101	1108
74.05086	1125	1014	111	1113
74.18455	1139	1018	121	1118
74.31824	1124	1022	102	1124
74.45193	1165	1026	139	1129
74.58562	1141	1030	111	1134
74.71931	1113	1034	79	1140
74.853	1046	1038	8	1145
74.98669	1141	1042	99	1150
75.12038	1124	1046	78	1156
75.25407	1201	1049	152	1161
75.38776	1155	1054	101	1167
75.52145	1163	1060	103	1172
75.65514	1172	1065	107	1178
75.78883	1289	1069	220	1183
75.92252	1221	1075	146	1189
76.05621	1210	1079	131	1194
76.1899	1275	1084	191	1200
76.32359	1195	1088	107	1205
76.45728	1194	1093	101	1211
76.59097	1330	1097	233	1216
76.72466	1168	1102	66	1221
76.85835	1285	1107	178	1227
76.99203	1170	1114	56	1232
77.12572	1197	1120	77	1237
77.25941	1311	1126	185	1242
77.3931	1371	1133	238	1247
77.52679	1272	1139	133	1252
77.66048	1290	1146	144	1257
77.79417	1315	1152	163	1262
77.92786	1387	1160	227	1267
78.06155	1386	1167	219	1272
78.19524	1348	1176	172	1277
78.32893	1353	1186	167	1281
78.46262	1378	1197	181	1286
78.59631	1417	1210	207	1291
78.73	1585	1225	360	1295
78.86369	1485	1244	241	1300
78.99738	1581	1269	312	1304
79.13107	1658	1302	356	1308
79.26476	1822	1349	473	1313
79.39845	2176	1423	753	1317
79.53214	2437	1559	878	1321
79.66583	2831	1866	965	1325
79.79952	3703	2538	1165	1329
79.93321	4974	3555	1419	1333
80.0669	7233	4264	2969	1337
80.20059	8605	4250	4355	1341
80.33428	6864	4032	2832	1345
80.46797	5463	3580	1883	1349
80.60166	3647	2781	866	1352
80.73535	2672	2194	478	1356
80.86904	2265	1725	540	1359
81.00273	1910	1494	416	1363
81.13642	1770	1402	368	1366
81.27011	1703	1358	345	1370
81.40381	1630	1334	296	1373
81.5375	1586	1320	266	1376
81.67119	1497	1312	185	1379
81.80488	1481	1307	174	1382
81.93857	1530	1305	225	1385
82.07226	1465	1304	161	1388
82.20595	1516	1305	211	1391
82.33964	1403	1307	96	1393
82.47333	1393	1309	84	1396
82.60702	1409	1313	96	1398
82.74071	1371	1317	54	1401
82.8744	1514	1321	193	1403
83.00809	1473	1327	146	1406
83.14178	1470	1332	138	1408
83.27547	1597	1339	258	1410
83.40916	1569	1349	220	1412
83.54285	1557	1360	197	1414
83.67654	1543	1377	166	1416
83.81023	1582	1402	180	1418
83.94392	1674	1441	233	1420
84.07761	1916	1528	388	1422
84.2113	2406	1736	670	1423
84.34499	3002	2133	869	1425
84.47868	3265	2530	735	1427
84.61237	3815	2575	1240	1428
84.74606	3487	2235	1252	1430
84.87975	2711	1920	791	1432
85.01344	2158	1630	528	1433
85.14713	1862	1493	369	1435
85.28082	1772	1446	326	1436
85.41451	1554	1427	127	1438
85.54819	1548	1418	130	1439
85.68188	1626	1414	212	1440
85.81557	1502	1413	89	1442
85.94926	1379	1414	-35	1443
86.08295	1513	1415	98	1445
86.21664	1483	1418	65	1446
86.35033	1486	1421	65	1447
86.48402	1448	1424	24	1449
86.61771	1384	1428	-44	1450
86.7514	1416	1432	-16	1451
86.88509	1463	1436	27	1453
87.01878	1475	1440	35	1454
87.15247	1603	1444	159	1456
87.28616	1451	1448	3	1457
87.41985	1462	1452	10	1458
87.55354	1470	1456	14	1460
87.68723	1533	1461	72	1461
87.82092	1531	1465	66	1463
87.95461	1471	1470	1	1465
88.0883	1401	1474	-73	1466
88.22199	1450	1478	-28	1468
88.35568	1519	1483	36	1470
88.48937	1532	1488	44	1471
88.62306	1527	1493	34	1473
88.75675	1518	1498	20	1475
88.89044	1572	1503	69	1477
89.02413	1517	1508	9	1479
89.15782	1569	1513	56	1481
89.29151	1540	1517	23	1483
89.4252	1490	1522	-32	1486
89.55889	1463	1527	-64	1488
89.69258	1577	1532	45	1490
89.82627	1518	1537	-19	1493
89.95996	1547	1542	5	1496
90.09366	1480	1547	-67	1499
90.22735	1513	1552	-39	1502
90.36104	1524	1557	-33	1505
90.49473	1630	1562	68	1508
90.62842	1564	1568	-4	1511
90.76211	1452	1573	-121	1515
90.8958	1561	1578	-17	1518
91.02949	1479	1583	-104	1522
91.16318	1615	1588	27	1526
91.29687	1643	1593	50	1530
91.43056	1533	1598	-65	1535
91.56425	1516	1603	-87	1539
91.69794	1518	1608	-90	1544
91.83163	1527	1613	-86	1549
91.96532	1529	1619	-90	1554
92.09901	1551	1624	-73	1559
92.2327	1541	1629	-88	1564
92.36639	1588	1634	-46	1570
92.50008	1654	1639	15	1576
92.63377	1608	1644	-36	1582
92.76746	1666	1650	16	1588
92.90115	1598	1655	-57	1595
93.03484	1683	1660	23	1601
93.16853	1603	1665	-62	1608
93.30222	1616	1671	-55	1615
93.43591	1625	1676	-51	1622
93.5696	1622	1681	-59	1629
93.70329	1596	1686	-90	1636
93.83698	1597	1692	-95	1643
93.97066	1663	1697	-34	1650
94.10435	1712	1702	10	1657
94.23804	1693	1707	-14	1665
94.37173	1722	1713	9	1672
94.50542	1737	1718	19	1679
94.63911	1692	1723	-31	1686
94.7728	1740	1729	11	1693
94.90649	1785	1734	51	1701
95.04018	1641	1740	-99	1708
95.17387	1655	1745	-90	1715
95.30756	1707	1750	-43	1722
95.44125	1658	1756	-98	1729
95.57494	1721	1761	-40	1735
95.70863	1694	1766	-72	1742
95.84232	1784	1772	12	1748
95.97601	1809	1777	32	1755
96.1097	1712	1783	-71	1761
96.24339	1726	1788	-62	1767
96.37708	1823	1794	29	1772
96.51077	1850	1799	51	1778
96.64446	1720	1805	-85	1783
96.77815	1819	1810	9	1788
96.91184	1745	1816	-71	1793
97.04553	1792	1821	-29	1798
97.17922	1770	1827	-57	1802
97.31291	1842	1832	10	1806
97.4466	1749	1838	-89	1810
97.58029	1753	1843	-90	1814
97.71398	1765	1849	-84	1818
97.84767	1750	1855	-105	1821
97.98136	1755	1860	-105	1825
98.11505	1731	1866	-135	1828
98.24874	1734	1872	-138	1831
98.38243	1906	1878	28	1834
98.51613	1807	1883	-76	1837
98.64982	1843	1889	-46	1840
98.78351	1723	1895	-172	1842
98.9172	1804	1901	-97	1845
99.05089	1786	1907	-121	1847
99.18458	1876	1913	-37	1849
99.31827	1819	1919	-100	1852
99.45196	1768	1926	-158	1854
99.58565	1845	1932	-87	1856
99.71934	1890	1938	-48	1858
99.85303	1877	1945	-68	1860
99.98672	1811	1951	-140	1862
100.1204	1917	1959	-42	1864
100.2541	1860	1966	-106	1866
100.3878	1992	1974	18	1868
100.5215	2010	1983	27	1871
100.6552	2008	1993	15	1873
100.7889	1962	2005	-43	1875
100.9225	2011	2023	-12	1877
101.0562	2011	2055	-44	1879
101.1899	2248	2136	112	1881
101.3236	2119	2305	-186	1884
101.4573	2124	2399	-275	1886
101.591	2235	2429	-194	1888
101.7247	2272	2488	-216	1891
101.8584	2267	2315	-48	1894
101.9921	2196	2281	-85	1896
102.1258	2122	2295	-173	1899
102.2594	2189	2377	-188	1902
102.3931	2011	2325	-314	1905
102.5268	2117	2224	-107	1908
102.6605	2101	2235	-134	1911
102.7942	1991	2163	-172	1915
102.9279	2020	2111	-91	1918
103.0616	1995	2100	-105	1922
103.1953	1985	2099	-114	1926
103.329	2045	2101	-56	1930
103.4627	2052	2105	-53	1934
103.5963	2018	2109	-91	1939
103.73	1912	2114	-202	1943
103.8637	2051	2119	-68	1948
103.9974	2095	2124	-29	1953
104.1311	1968	2130	-162	1958
104.2648	1999	2135	-136	1964
104.3985	2068	2140	-72	1969
104.5322	2007	2146	-139	1975
104.6659	1961	2152	-191	1981
104.7996	2079	2157	-78	1987
104.9332	1938	2163	-225	1994
105.0669	1987	2169	-182	2001
105.2006	2046	2175	-129	2008
105.3343	2036	2181	-145	2015
105.468	2145	2187	-42	2023
105.6017	2030	2193	-163	2031
105.7354	2189	2200	-11	2038
105.8691	2063	2206	-143	2047
106.0028	2164	2212	-48	2055
106.1365	2063	2218	-155	2063
106.2701	2129	2224	-95	2072
106.4038	2085	2230	-145	2081
106.5375	2084	2237	-153	2089
106.6712	2164	2243	-79	2098
106.8049	2079	2249	-170	2107
106.9386	2052	2255	-203	2116
107.0723	2044	2261	-217	2126
107.206	2073	2268	-195	2135
107.3397	2119	2274	-155	2144
107.4734	2213	2280	-67	2153
107.607	2080	2286	-206	2163
107.7407	2047	2293	-246	2172
107.8744	2143	2299	-156	2181
108.0081	2110	2305	-195	2191
108.1418	2185	2312	-127	2200
108.2755	2311	2318	-7	2209
108.4092	2098	2324	-226	2218
108.5429	2125	2331	-206	2227
108.6766	2186	2337	-151	2236
108.8103	2247	2343	-96	2245
108.9439	2291	2350	-59	2254
109.0776	2232	2356	-124	2262
109.2113	2283	2362	-79	2271
109.345	2299	2369	-70	2279
109.4787	2235	2375	-140	2287
109.6124	2425	2381	44	2295
109.7461	2270	2388	-118	2303
109.8798	2235	2394	-159	2311
110.0135	2333	2401	-68	2319
110.1472	2358	2407	-49	2326
110.2808	2317	2414	-97	2334
110.4145	2358	2420	-62	2341
110.5482	2325	2427	-102	2349
110.6819	2315	2433	-118	2356
110.8156	2362	2440	-78	2363
110.9493	2451	2446	5	2370
111.083	2398	2453	-55	2377
111.2167	2399	2459	-60	2384
111.3504	2339	2466	-127	2391
111.4841	2388	2472	-84	2397
111.6177	2420	2479	-59	2404
111.7514	2503	2486	17	2410
111.8851	2387	2493	-106	2417
112.0188	2373	2501	-128	2424
112.1525	2390	2508	-118	2430
112.2862	2487	2516	-29	2436
112.4199	2449	2524	-75	2443
112.5536	2453	2532	-79	2449
112.6873	2471	2539	-68	2455
112.821	2399	2546	-147	2462
112.9546	2544	2554	-10	2468
113.0883	2584	2563	21	2474
113.222	2515	2571	-56	2480
113.3557	2511	2581	-70	2486
113.4894	2534	2590	-56	2492
113.6231	2589	2602	-13	2499
113.7568	2584	2613	-29	2505
113.8905	2684	2624	60	2511
114.0242	2672	2638	34	2517
114.1579	2746	2654	92	2523
114.2915	2841	2674	167	2529
114.4252	2932	2702	230	2535
114.5589	3165	2745	420	2541
114.6926	3197	2843	354	2547
114.8263	3338	3116	222	2552
114.96	3445	3496	-51	2558
115.0937	3842	3616	226	2564
115.2274	4284	4140	144	2570
115.3611	4714	4657	57	2575
115.4948	5785	4783	1002	2581
115.6284	5871	5164	707	2587
115.7621	5019	4612	407	2592
115.8958	4514	3797	717	2598
116.0295	4339	3731	608	2603
116.1632	4270	3570	700	2608
116.2969	3757	3029	728	2614
116.4306	3378	2848	530	2619
116.5643	3227	2806	421	2624
116.698	3044	2790	254	2629
116.8317	2965	2784	181	2634
116.9653	2974	2783	191	2639
117.099	2885	2785	100	2644
117.2327	2924	2788	136	2649
117.3664	2908	2792	116	2654
117.5001	2786	2797	-11	2659
117.6338	2863	2804	59	2663
117.7675	2907	2809	98	2668
117.9012	2914	2816	98	2673
118.0349	3090	2823	267	2677
118.1686	2928	2830	98	2682
118.3022	2928	2839	89	2686
118.4359	2972	2848	124	2691
118.5696	2958	2859	99	2696
118.7033	3071	2872	199	2700
118.837	3073	2887	186	2705
118.9707	3156	2906	250	2710
119.1044	3308	2929	379	2714
119.2381	3304	2963	341	2719
119.3718	3523	3028	495	2724
119.5055	3609	3220	389	2729
119.6391	3713	3613	100	2734
119.7728	3849	3936	-87	2739
119.9065	4034	4434	-400	2744
120.0402	4355	4305	50	2749
120.1739	4671	4651	20	2755
120.3076	4626	4558	68	2760
120.4413	4620	4145	475	2766
120.575	4665	4227	438	2772
120.7087	4396	4567	-171	2778
120.8424	4372	4642	-270	2784
120.976	4000	3754	246	2790
121.1097	3893	3491	402	2796
121.2434	3589	3568	21	2803
121.3771	3391	3576	-185	2810
121.5108	3394	3212	182	2817
121.6445	3111	3079	32	2824
121.7782	3084	3054	30	2831
121.9119	3114	3047	67	2838
122.0456	3109	3046	63	2845
122.1793	3155	3047	108	2853
122.3129	2995	3050	-55	2860
122.4466	3099	3054	45	2868
122.5803	3027	3058	-31	2876
122.714	2924	3063	-139	2883
122.8477	3003	3068	-65	2891
122.9814	3074	3074	0	2899
123.1151	2962	3081	-119	2906
123.2488	2987	3087	-100	2914
123.3825	2976	3093	-117	2921
123.5162	2978	3100	-122	2929
123.6498	2917	3107	-190	2936
123.7835	2966	3115	-149	2944
123.9172	3008	3122	-114	2951
124.0509	3034	3129	-95	2958
124.1846	2943	3137	-194	2965
124.3183	3047	3144	-97	2972
124.452	2918	3152	-234	2979
124.5857	2857	3159	-302	2985
124.7194	2949	3167	-218	2992
124.8531	2978	3174	-196	2998
124.9867	3005	3182	-177	3004
125.1204	3025	3189	-164	3010
125.2541	3054	3197	-143	3015
125.3878	3027	3204	-177	3020
125.5215	3063	3212	-149	3026
125.6552	3055	3219	-164	3030
125.7889	3154	3227	-73	3035
125.9226	3055	3235	-180	3040
126.0563	3114	3242	-128	3044
126.19	3117	3250	-133	3048
126.3236	3047	3257	-210	3052
126.4573	3252	3265	-13	3055
126.591	3026	3273	-247	3059
126.7247	3198	3280	-82	3062
126.8584	3074	3288	-214	3066
126.9921	3093	3295	-202	3069
127.1258	3058	3303	-245	3072
127.2595	3194	3311	-117	3074
127.3932	3149	3318	-169	3077
127.5269	3063	3326	-263	3080
127.6605	3168	3334	-166	3082
127.7942	3126	3342	-216	3084
127.9279	3282	3349	-67	3086
128.0616	3168	3357	-189	3089
128.1953	3190	3365	-175	3091
128.329	3125	3372	-247	3092
128.4627	3280	3380	-100	3094
128.5964	3419	3388	31	3096
128.7301	3253	3396	-143	3098
128.8638	3108	3404	-296	3099
128.9975	3268	3411	-143	3101
129.1311	3250	3419	-169	3103
129.2648	3272	3427	-155	3104
129.3985	3148	3435	-287	3106
129.5322	3341	3443	-102	3107
129.6659	3201	3450	-249	3108
129.7996	3207	3458	-251	3110
129.9333	3305	3466	-161	3111
